,0,1,2,3,4
0,0.5578754,0.20291664,0.14792407,0.32584226,0.32734567
1,0.23475733,0.76242405,0.1991522,0.14247034,0.108566426
2,0.41294438,0.045777272,0.5095813,0.10613344,0.18097353
3,0.1183851,0.33025515,0.53312397,0.11417085,0.15316878
4,0.22627032,0.24364243,0.17147702,0.10951516,0.10650459
5,0.10141133,0.07765744,0.34875605,0.24220563,0.2985936
6,0.1201288,0.2485342,0.09653532,0.23863891,0.29900283
7,0.04069295,0.073164724,0.2220247,0.090253234,0.633637
8,0.4304466,0.15507847,0.10743748,0.244363,0.19072403
9,0.30486888,0.04822634,0.098772585,0.41721213,0.2822951
10,0.24835184,0.048405956,0.24798742,0.055005286,0.51586384
11,0.19667186,0.199308,0.32487765,0.046724956,0.5050886
12,0.3925697,0.26473838,0.18300885,0.23810701,0.033399824
13,0.49180675,0.30486888,0.04813677,0.16505408,0.39922592
14,0.42143276,0.30404165,0.40627292,0.39053392,0.29604334
15,0.6705004,0.5033054,0.18832397,0.11636177,0.3394991
16,0.4548051,0.4558041,0.36161548,0.22832851,0.34334174
17,0.29077944,0.46648097,0.19012183,0.4164406,0.0894546
18,0.112015955,0.27884555,0.2850733,0.04369106,0.29808256
19,0.2155158,0.038466193,0.19667186,0.3192275,0.12074952
20,0.32284614,0.0493136,0.2354598,0.35153365,0.40033904
21,0.47747803,0.22456521,0.42155182,0.53002363,0.55811626
22,0.09602549,0.17981842,0.13753247,0.078078166,0.09842541
23,0.20930801,0.2850733,0.29451925,0.104294725,0.079210326
24,0.20689404,0.5483107,0.3684057,0.3555511,0.48448682
25,0.17398883,0.19012183,0.44212458,0.42817363,0.39905027
26,0.11797801,0.22051026,0.39245325,0.32863715,0.07263671
27,0.6117879,0.3909408,0.1584346,0.22253112,0.04858621
28,0.42447165,0.11920292,0.16398026,0.07276838,0.14767806
29,0.34565726,0.09089675,0.11716747,0.32498476,0.6076632
30,0.09894659,0.08269734,0.22781274,0.29098085,0.19790912
31,0.26626188,0.12581532,0.52608407,0.08616956,0.20930801
32,0.53849787,0.2746431,0.33014715,0.21983956,0.208018
33,0.12538631,0.094176665,0.30507588,0.17009404,0.12885363
34,0.31552503,0.44546923,0.7047701,0.26702574,0.15778464
35,0.2338813,0.60515755,0.07850098,0.6500231,0.079495706
36,0.2165081,0.5274534,0.07004896,0.037047166,0.14366761
37,0.099120855,0.799129,0.18787657,0.22729777,0.16830945
38,0.034164816,0.7181993,0.05439932,0.06903793,0.42161134
39,0.067423776,0.087563835,0.25757828,0.10447732,0.63476974
40,0.090092994,0.05281402,0.256832,0.14330755,0.2965524
41,0.3022881,0.05942822,0.6077796,0.282493,0.3143662
42,0.40380192,0.0153063545,0.40051487,0.15960999,0.05399884
43,0.14878777,0.07263671,0.2714448,0.098772585,0.22678363
44,0.14596547,0.085251234,0.087720014,0.34709436,0.07263671
45,0.35700688,0.28907055,0.19837458,0.33851433,0.1559763
46,0.49041864,0.4259634,0.09721884,0.46135044,0.06608538
47,0.0894546,0.18713269,0.4107563,0.23144047,0.03574581
48,0.17483252,0.6460137,0.20134172,0.12538631,0.086632065
49,0.38421875,0.15241033,0.19790912,0.10932483,0.0715912
50,0.5900707,0.023419945,0.1991522,0.22644134,0.1769559
51,0.35108855,0.62738067,0.32188618,0.3316607,0.33633107
52,0.23022674,0.2165081,0.045015533,0.37559193,0.3348069
53,0.25534365,0.3413629,0.17881244,0.16384642,0.6220577
54,0.37989587,0.44248596,0.0527164,0.032836955,0.26961395
55,0.18639107,0.18639107,0.13753247,0.09351231,0.2859698
56,0.17412923,0.17036992,0.20785716,0.3203959,0.19012183
57,0.2779627,0.21568096,0.6489114,0.33491564,0.47828516
58,0.13753247,0.40933883,0.47944272,0.27963173,0.27192786
59,0.15190639,0.078359805,0.12940274,0.17106119,0.0992954
60,0.14511536,0.31142685,0.41412857,0.2752271,0.19163005
61,0.40028042,0.05155819,0.14780103,0.07779745,0.22970797
62,0.057281975,0.084191084,0.08122776,0.6512439,0.43482125
63,0.27231473,0.042403832,0.062904246,0.11104825,0.20418318
64,0.32734567,0.20149879,0.18462045,0.100348406,0.36398596
65,0.14977993,0.21174264,0.12852514,0.07935289,0.49780655
66,0.008061991,0.24780536,0.117572136,0.10837754,0.050611433
67,0.017917344,0.060197048,0.31394538,0.29767406,0.22953519
68,0.0107351625,0.20181322,0.22832851,0.16171701,0.45777297
69,0.014957086,0.4520823,0.0072608665,0.16438228,0.2467148
70,0.0059803305,0.017917344,0.0062170783,0.2654994,0.20149879
71,0.00685048,0.019870713,0.013532149,0.014392336,0.09687654
72,0.017917344,0.029367855,0.04038907,0.11047116,0.08787644
73,0.020449394,0.0041179177,0.08787644,0.015784562,0.27048022
74,0.04023794,0.02211659,0.02136889,0.020293485,0.58403397
75,0.024656856,0.05572029,0.017309096,0.0037217087,0.09807933
76,0.014785407,0.009232215,0.0024534282,0.0041824942,0.22422527
77,0.012194132,0.022414217,0.023241926,0.0029926654,0.1491592
78,0.013171949,0.01627746,0.0079997545,0.010209055,0.25423113
79,0.0020427648,0.0113756005,0.0037654135,0.03296124,0.07030385
80,0.017375665,0.003004343,0.0140636265,0.012920474,0.45268714
81,0.033844035,0.12754393,0.009898064,0.00698465,0.23792988
82,0.016979992,0.012053779,0.019456575,0.040769268,0.053206205
83,0.022286186,0.022457052,0.01433703,0.008348054,0.0588847
84,0.008380453,0.03234433,0.002296159,0.029145971,0.2710587
85,0.047958102,0.025565214,0.0043823365,0.02237146,0.16885695
86,0.09501305,0.015014749,0.0067188703,0.00307537,0.022672439
87,0.12787028,0.025957357,0.008950711,0.009936419,0.06903793
88,0.0045384318,0.008219693,0.0087791085,0.009974921,0.10411242
89,0.0029926654,0.0032099616,0.003197487,0.022715755,0.13614832
90,0.0015367271,0.012007351,0.0094125895,0.0089161275,0.054600604
91,0.0131212715,0.009522486,0.0119150225,0.029035643,0.02727267
92,0.0089161275,0.0064381026,0.02942358,0.0493136,0.024099445
93,0.02220123,0.015424552,0.011869121,0.012821214,0.0131212715
94,0.041384716,0.010652511,0.0073173973,0.018264277,0.061875988
95,0.011642224,0.009232215,0.004150081,0.0053225355,0.0145595195
96,0.014447852,0.099996306,0.024940254,0.0069576087,0.047249712
97,0.011029471,0.013532149,0.010489091,0.006241259,0.016403032
98,0.024099445,0.0074606435,0.013584392,0.0567569,0.0063143647
99,0.06941547,0.023644341,0.004248079,0.027220903,0.006265534
100,0.014899643,0.009340025,0.040769268,0.007665875,0.02297737
101,0.0043994132,0.006338922,0.0012399962,0.012007351,0.019832712
102,0.007093862,0.0031850608,0.015603535,0.0153063545,0.03534408
103,0.006265534,0.01778039,0.007093862,0.008380453,0.0031850608
104,0.075858176,0.033526164,0.00109019,0.030792167,0.0045384318
105,0.0030278352,0.013636836,0.0067449897,0.020177318,0.011597362
106,0.0011695103,0.041930523,0.009232215,0.017576884,0.002019014
107,0.0027149853,0.001882186,0.68246794,0.015130728,0.0067975316
108,0.008813166,0.013480103,0.97107434,0.026708463,0.0075187176
109,0.016340127,0.04001227,0.787768,0.0064381026,0.058131598
110,0.98866826,0.04822634,0.7967673,0.01374232,0.0053018946
111,0.92775697,0.00588816,0.9164094,0.014281933,0.0035657366
112,0.96909106,0.0039300853,0.745954,0.03204008,0.0089161275
113,0.93868846,0.8934954,0.9658996,0.00268344,0.015247591
114,0.7794897,0.8814109,0.7690802,0.011687257,0.0026626128
115,0.984516,0.54655665,0.9119669,0.12885363,0.011463798
116,0.8595459,0.69097626,0.79438496,0.013376604,0.0023141264
117,0.9014011,0.5088415,0.7678639,0.0063883206,0.01621503
118,0.85145944,0.28716773,0.6417592,0.079638734,0.007289077
119,0.96472245,0.5826098,0.24131057,0.020606475,0.08961382
120,0.7804952,0.6351093,0.9335521,0.0015188508,0.008610767
121,0.947381,0.7783125,0.9161096,0.015663648,0.0053018946
122,0.8000679,0.5242729,0.7552762,0.0027576224,0.014392336
123,0.7745834,0.8097278,0.888372,0.007093862,0.01461567
124,0.8600169,0.89606965,0.8174288,0.012920474,0.032100707
125,0.8740772,0.88602656,0.8778961,0.019271137,0.007489625
126,0.98080254,0.7119319,0.90829307,0.00809329,0.0060035964
127,0.87557435,0.8804891,0.84695786,0.008348054,0.02931223
128,0.9339146,0.7764535,0.767167,0.012288597,0.01858215
129,0.8305941,0.6924341,0.8388118,0.022629201,0.11047116
130,0.8679338,0.8698252,0.7713272,0.6441132,0.0025016968
131,0.9353465,0.9328214,0.6950276,0.5445289,0.022457052
132,0.94417685,0.87418467,0.46690637,0.89912134,0.027480694
133,0.84504944,0.8253083,0.6977119,0.5570322,0.010944578
134,0.7994423,0.81331253,0.9404625,0.848847,0.0145595195
135,0.8822251,0.81316423,0.9559813,0.67319167,0.01919745
136,0.96073127,0.7350715,0.42232594,0.8868131,0.009898064
137,0.96295285,0.6572085,0.79502225,0.8736466,0.0022518474
138,0.58207536,0.77932185,0.8204695,0.8264319,0.85729086
139,0.72115445,0.772359,0.59678566,0.81167597,0.7643643
140,0.8688268,0.537709,0.5714677,0.7559974,0.7985012
141,0.97520185,0.9116528,0.8564525,0.81227237,0.90681833
142,0.82573026,0.7727022,0.84504944,0.88700897,0.66974485
143,0.79310596,0.85919183,0.7212526,0.6255525,0.79787195
144,0.89478946,0.5343695,0.88523525,0.7977145,0.49912927
145,0.87396973,0.7989722,0.93558234,0.8470844,0.42316005
146,0.85536855,0.87525487,0.6982266,0.83867973,0.8076124
147,0.79438496,0.6004813,0.41941014,0.8736466,0.73278314
148,0.9183339,0.83999664,0.5290809,0.58936185,0.7180016
149,0.8240375,0.76260084,0.8508408,0.82375413,0.8047131
150,0.9205043,0.8962514,0.78613067,0.917746,0.787768
151,0.8797679,0.53370124,0.754915,0.68394744,0.7720154
152,0.64478445,0.2941136,0.906156,0.9105454,0.7905303
153,0.87716144,0.8155265,0.72787875,0.6154346,0.8406518
154,0.85403454,0.9380106,0.9539661,0.8525676,0.8709269
155,0.87310666,0.6052742,0.4056253,0.7218412,0.8146434
156,0.93306583,0.6699608,0.8119744,0.69191384,0.6713628
157,0.950411,0.6461254,0.6128312,0.7999117,0.88263035
158,0.938576,0.9530133,0.6927459,0.4088077,0.8806945
159,0.97675806,0.83999664,0.8611883,0.57230455,0.90397453
160,0.94796216,0.6288634,0.9302051,0.8709269,0.58883005
161,0.8679338,0.42202815,0.7483523,0.9370958,0.88161486
162,0.95806944,0.81405276,0.56127495,0.9296961,0.6576484
163,0.93581736,0.47959507,0.7701192,0.89312315,0.65401137
164,0.9563905,0.48660597,0.8976953,0.89858866,0.820757
165,0.87048715,0.5598917,0.68151486,0.7970834,0.62874943
166,0.81375694,0.24006125,0.8470844,0.896614,0.7166154
167,0.86522406,0.6977119,0.0075479234,0.8413048,0.95861524
168,0.9451974,0.42465055,0.105948284,0.8493474,0.92262185
169,0.88483775,0.85633236,0.04681203,0.85669243,0.94610083
170,0.9701269,0.840259,0.06644793,0.8508408,0.5868188
171,0.89533985,0.93183565,0.09318171,0.85989916,0.9720986
172,0.9105454,0.67200893,0.008412978,0.725065,0.8077641
173,0.8862236,0.62658125,0.0567569,0.7001778,0.86339164
174,0.8301815,0.6575384,0.05738754,0.83534926,0.62303287
175,0.9326989,0.74927074,0.013532149,0.8308688,0.56052333
176,0.8275496,0.43632182,0.13857833,0.88759494,0.7133318
177,0.86545163,0.9425068,0.06097518,0.86838096,0.34499493
178,0.85931,0.79117644,0.102844074,0.86223567,0.5714677
179,0.713731,0.93721074,0.09842541,0.5696731,0.6178585
180,0.18713269,0.9305845,0.07477004,0.62852144,0.6083614
181,0.10105592,0.88161486,0.05023736,0.3031126,0.81167597
182,0.062904246,0.8564525,0.091544405,0.037186775,0.83642095
183,0.07723878,0.7331653,0.074365705,0.23722234,0.94815457
184,0.1468197,0.7791538,0.059319146,0.022074388,0.9704086
185,0.10762492,0.7834919,0.15367615,0.009783876,0.8292156
186,0.09602549,0.0586686,0.020844316,0.14402843,0.913368
187,0.0570714,0.12819736,0.026056303,0.07878401,0.40497798
188,0.12570795,0.087720014,0.09501305,0.05033063,0.6166473
189,0.33960858,0.077937685,0.0416178,0.06418265,0.6509112
190,0.16013464,0.0018102111,0.025809623,0.07250525,0.86511016
191,0.014392336,0.010368157,0.18907149,0.17036992,0.68961924
192,0.018833129,0.07094482,0.038178273,0.1522842,0.38583738
193,0.13881165,0.11576065,0.029986508,0.016340127,0.027066175
194,0.07626997,0.05155819,0.036700353,0.03327394,0.18892181
195,0.08079154,0.01840489,0.3192275,0.069668226,0.08632348
196,0.013171949,0.015247591,0.015247591,0.039268754,0.082549304
197,0.022889841,0.033399824,0.1336412,0.035078675,0.10875559
198,0.09203286,0.051941562,0.06928941,0.046724956,0.14342749
199,0.19238758,0.053899154,0.036562506,0.04304285,0.03314852
200,0.092359796,0.07276838,0.063366346,0.042882238,0.19299524
201,0.070816204,0.009376237,0.009670992,0.110855594,0.08021325
202,0.00044770088,0.015072629,0.0009888597,0.04831607,0.20914644
203,0.0014664583,0.0527164,0.00031999825,0.047425874,0.03314852
204,0.00036543285,0.041307304,0.0018315102,0.10576342,0.068662286
205,0.0010944522,0.08359067,0.0002551414,0.0003740956,0.09203286
206,0.00016093082,0.08166611,7.967301e-05,0.00036973887,0.2693256
207,0.0006878511,0.26435837,0.00022341637,0.00013342,0.12787028
208,0.00012148176,0.24382246,0.00014202365,5.433365e-05,0.03803509
209,9.761566e-05,0.07821887,9.83812e-05,0.00042388475,0.12210387
210,0.00018093576,0.05634009,0.00019871553,0.0004156895,0.08993301
211,0.0014953384,0.000119598575,0.0002216781,0.0024154831,0.11656274
212,0.0005233757,0.0003150387,0.00052133633,0.0013302015,0.022759154
213,0.00010554686,0.0002959571,0.0007613258,0.000559291,0.12819736
214,0.0006462033,0.00024346048,0.0006190417,0.00046190585,0.19163005
215,0.00023231418,0.0010525686,0.00021485926,0.00081038737,0.15507847
216,0.00035419365,0.00016474655,0.0002758679,0.0002098831,0.040845715
217,0.00016997529,3.0959105e-05,0.00095101306,0.00015967865,0.021532876
218,0.001133569,0.00014883849,0.00030534892,0.00028910325,0.059319146
219,0.0006641048,0.00043733438,9.993032e-05,0.0029694452,0.00027159214
220,0.00023231418,0.0003175088,0.0005152657,0.0035657366,0.0022694687
221,0.00020342697,0.00033535014,0.0004994205,0.0012160416,0.00052133633
222,0.00015720345,0.00019871553,0.0002824081,4.908662e-05,7.543321e-05
223,0.0002082501,0.0011203773,0.0015247863,0.00010229985,0.00057703455
224,0.0003150387,0.00013982208,0.0015367271,0.000104725565,0.00030534892
225,3.913565e-05,0.0004029052,0.00069867563,0.00010310212,0.000310156
226,0.00059071044,0.0011469158,0.00013552078,0.00043055712,0.0006190417
227,7.141902e-05,0.00026738262,0.000110611596,0.00015598028,0.0004583129
228,0.0011559009,0.00028021098,0.00012243443,6.156764e-05,0.0006411777
229,0.0005747862,9.4612624e-05,0.00033535014,5.3491327e-05,0.0007643033
230,0.00023050673,0.0013458604,0.0021997981,0.000559291,0.0003125878
231,0.00023782204,0.00089344557,0.00039977103,0.00014313738,0.0005953407
232,0.00017265156,0.00016474655,0.0008761799,0.0015731122,6.761842e-05
233,0.00043055712,0.00014768039,0.0011604197,0.00037118542,0.00013765463
234,7.0863265e-05,9.1701964e-05,0.000110611596,0.0004859561,0.000118667966
235,0.0013993983,0.0003175088,0.00024156629,0.00062633416,0.0001072088
236,0.0017207355,0.0004424873,0.00049553596,0.00018667821,0.00021995338
237,0.0026626128,0.0002098831,4.264747e-05,0.00052542303,0.000104725565
238,0.000493605,0.00024923251,0.00032503586,0.0007041516,6.0613183e-05
239,0.00037702857,3.3214194e-05,0.00072365726,9.993032e-05,0.00053161324
240,0.00022516825,0.00027803096,0.33982763,0.0005053046,0.0002098831
241,0.0012893283,4.908662e-05,0.03971326,0.000101503836,0.0002758679
242,0.00015967865,7.843789e-05,0.02942358,0.029145971,0.00011147904
243,0.0005152657,2.8632558e-05,0.054903854,0.022802636,9.387641e-05
244,0.00020662983,0.00013765463,0.10894504,0.09285216,0.00014313738
245,0.0008559007,0.0011380006,0.05330468,0.13892843,0.000110611596
246,0.109705776,0.00024923251,0.038466193,0.06359858,2.7321414e-05
247,0.030559862,0.0001896174,0.011732464,0.20995522,3.9442588e-05
248,0.038321972,6.108855e-05,0.03296124,0.031678624,0.0002082501
249,0.017644463,0.0001896174,0.03234433,0.023779983,0.00016603847
250,0.0996453,0.00017813111,0.23775287,0.012821214,0.00079783343
251,0.06841291,2.4682904e-05,0.010944578,0.023870835,0.00019716943
252,0.112015955,0.023599293,0.05592617,0.09501305,0.0020587533
253,0.073963374,0.16776334,0.01990879,0.112795405,0.0008231386
254,0.054903854,0.04256273,0.08269734,0.056548133,9.242113e-05
255,0.013428255,0.05350215,0.111627996,0.076407686,0.00024923251
256,0.107812636,0.30621576,0.09807933,0.012383785,0.0002216781
257,0.098772585,0.33241877,0.06176271,0.023734685,0.03541073
258,0.06052939,0.04256273,0.015014749,0.0119150225,0.21125406
259,0.0119150225,0.115560874,0.034488525,0.084341794,0.13083969
260,0.07737811,0.051845465,0.008711385,0.039268754,0.054802597
261,0.114368536,0.030908957,0.062445287,0.019014435,0.053107902
262,0.11736965,0.037750274,0.02076474,0.10613344,0.09203286
263,0.06348236,0.017442483,0.0154839875,0.056029383,0.059537485
264,0.040769268,0.10320506,0.02655657,0.04443143,0.029535338
265,0.056548133,0.04560694,0.20817892,0.03191915,0.083291925
266,0.041773878,0.009633652,0.047425874,0.1187934,0.039787807
267,0.072374016,0.08464396,0.02442309,0.1501534,0.02964751
268,0.025858775,0.028925717,0.023065226,0.03114383,0.08616956
269,0.06941547,0.155591,0.003649987,0.02132808,0.05399884
270,0.05531065,0.100524865,0.04038907,0.10818896,0.058776557
271,0.08897849,0.061649624,0.044348583,0.0527164,0.120542295
272,0.07765744,0.11656274,0.016466174,0.060086653,0.10447732
273,0.17023194,0.0433658,0.09057447,0.13963085,0.067423776
274,0.04509957,0.0527164,0.0527164,0.01665704,0.021491766
275,0.28170192,0.005060332,0.041384716,0.0154839875,0.042802144
276,0.006168995,0.05975658,0.012288597,0.04248321,0.056029383
277,0.047337715,0.18068421,0.032528225,0.0140636265,0.17455094
278,0.016029147,0.046033904,0.042642392,0.078925885,0.01621503
279,0.08897849,0.013584392,0.038683496,0.036977556,0.25982565
280,0.112600096,0.01572399,0.13072868,0.01374232,0.056548133
281,0.12273334,0.022889841,0.007665875,0.0060269516,0.051845465
282,0.15495056,0.20657375,0.048496,0.17582092,0.025516603
283,0.050893717,0.023599293,0.0113756005,0.02865267,0.027795624
284,0.045352582,0.40321434,0.0034698907,0.12506539,0.053700306
285,0.13811268,0.015014749,0.005911069,0.045522004,0.039937314
286,0.13318956,0.010248602,0.0018458483,0.19147882,0.08079154
287,0.15882562,0.0073743653,0.0010362669,0.034100424,0.005240449
288,0.045777272,0.008187911,0.0021742254,0.3068385,0.046464663
289,0.011419615,0.065365784,0.0054692747,0.21950476,0.049497053
290,0.062216982,0.041539967,0.000559291,0.20577459,0.036977556
291,0.025662705,0.02508314,0.003004343,0.059210252,0.17441027
292,0.029035643,0.10539454,0.0013045066,0.006338922,0.054903854
293,0.1501534,0.026355354,0.0039148238,0.029760094,0.2562732
294,0.0074317735,0.01844021,0.0057749297,0.03567855,0.059866417
295,0.042403832,0.1187934,0.0034834242,0.07504072,0.033652965
296,0.028382124,0.0057302467,0.0064381026,0.064771704,0.04410091
297,0.026759284,0.07030385,0.00045474793,0.0037800956,0.034229323
298,0.010130412,0.09585608,0.0038244836,0.021822825,0.04995852
299,0.004198795,0.059101548,0.0015307452,0.017110888,0.099820666
300,0.0029121784,0.076407686,0.0014664583,0.0064882697,0.3280987
301,0.003337405,0.027532939,0.0029579026,0.028382124,0.3451053
302,0.008061991,0.0849471,0.003337405,0.005708034,0.09790669
303,0.0006798429,0.21967213,0.00402291,0.005911069,0.034358688
304,0.0020992735,0.009522486,0.0023141264,0.0022083889,0.04751419
305,0.022243667,0.22253112,0.00058840885,0.0048297215,0.0023413408
306,0.005040703,0.010986943,0.0038244836,0.0007069056,0.004038592
307,0.010570489,0.037608635,0.00025118678,0.01155267,0.0067975316
308,0.0021489493,0.0119150225,0.0035380863,0.0029810327,0.0053018946
309,0.003311519,0.04569203,0.01802074,0.012771867,0.004905406
310,0.0020269002,0.0032099616,0.0020427648,0.004314688,0.0029349518
311,0.0038543637,0.0190509,0.001957017,0.012722708,0.0049245106
312,0.001133569,0.003991728,0.015603535,0.004297939,0.0009735438
313,0.0011604197,0.008219693,0.0017207355,0.000965975,0.00094361923
314,0.008030813,0.003442981,0.0015011822,0.00189692,0.0006719278
315,0.005641909,0.01572399,0.0037948343,0.001882186,0.0039300853
316,0.0014493985,0.00092900335,0.003692853,0.00498227,0.004792317
317,0.0021239663,0.0058199596,0.006666932,0.0019494022,0.003524341
318,0.0068239546,0.00046734812,0.0015129384,0.0006337125,0.0021997981
319,0.0028338498,0.009936419,0.002434382,0.012053779,0.0024438868
320,0.001107339,0.003442981,0.00033797944,0.0055549247,0.0015792594
321,0.0015487612,0.004468384,0.00059071044,0.004451041,0.011597362
322,0.00049553596,0.00685048,0.0010005044,0.0074317735,0.00049747445
323,0.0036216856,0.0017891593,0.00042388475,0.009125637,0.0053225355
324,0.0012693645,0.0007152324,0.00081993215,0.014009566,0.0037654135
325,0.0027791904,0.008030813,0.00020342697,0.0030396497,0.0018602987
326,0.0021074724,0.0017409837,0.0013723687,0.04451443,0.011597362
327,0.004556114,0.0018602987,0.0002098831,0.0043483814,0.00402291
328,0.0006142272,0.0140636265,0.0002216781,0.002387409,0.0023051251
329,0.0035380863,0.0056638657,0.0005636751,0.0006563728,0.0013617034
330,0.0033504236,0.003524341,0.0002824081,0.0066411127,0.0024534282
331,0.002946405,0.0010202174,0.0001465313,0.0053225355,0.0023688741
332,0.0034162789,0.0057974015,0.00058611616,0.0074030147,0.002434382
333,0.0063143647,0.022889841,0.00015843622,0.00081993215,0.0029121784
334,0.022715755,0.0070664007,0.000118667966,0.0011604197,0.0021322616
335,0.00078547397,0.0046818224,4.7949583e-05,5.433365e-05,0.0075479234
336,0.00087276706,0.0016875096,8.957789e-05,0.00034464317,0.00055062474
337,0.002332234,0.0014381354,0.00021654405,0.0003150387,0.0014953384
338,0.0003889921,0.0023231625,5.0250615e-05,0.000104725565,0.00095846487
339,0.00026530237,0.0057974015,0.00015118199,0.00047470425,0.000493605
340,0.000981172,0.0046818224,0.0003393018,0.0006337125,0.008061991
341,0.003692853,0.016090874,0.0013670257,0.00076729245,0.0044165556
342,0.004054334,0.0019043302,0.00017536995,0.0013302015,0.0019192374
343,0.00039204178,0.0016743992,0.0007350449,0.00036973887,0.0027576224
344,0.000110611596,0.0053018946,0.00017130819,0.0017140384,0.0020587533
345,0.00017674513,0.005598249,0.00038446192,0.00015967865,0.004810983
346,0.001294368,0.004133968,0.00038446192,0.0004339325,0.00027803096
347,0.00025915826,0.0019877742,0.00023413582,0.0012351678,0.00498227
348,0.0005378764,0.00698465,0.00025118678,0.00024923251,0.006241259
349,0.00198004,0.0036642202,0.001107339,0.0011116682,0.00066670234
350,0.0010733063,0.00081355654,4.4694072e-05,6.302759e-05,0.002472623
351,0.0010649627,0.013636836,0.0006023541,0.0002824081,0.0023413408
352,0.0007408056,0.002946405,0.000119598575,0.0028449097,0.0059340666
353,0.0011786721,0.001107339,0.0057974015,0.0006462033,0.00519988
354,0.00024536948,0.0011160142,0.01572399,8.957789e-05,0.0041824942
355,0.000965975,0.0029121784,0.014728614,0.0001313518,0.0006436856
356,0.000110611596,0.0042151595,0.003678509,0.00020502214,0.011869121
357,0.0011160142,0.0003668626,0.047602657,0.0010282109,0.0036076165
358,0.0013406203,0.00072932884,0.009376237,0.00052133633,0.0040701376
359,0.0006825019,0.000117744596,0.009449081,0.0004424873,0.00084264233
360,0.00044421837,0.00035836728,0.0011247575,0.0006615174,0.0007014083
361,0.0003029734,0.00027803096,0.008348054,0.00038747612,0.00020184422
362,0.00022341637,0.002673006,0.011158031,0.00048785712,0.0001465313
363,0.00037850367,4.365878e-05,0.0067449897,0.0007041516,0.00022693386
364,0.00036117696,0.0008761799,0.0107351625,0.00010229985,0.00046190585
365,0.00047470425,6.7092245e-05,0.009898064,0.00053161324,0.00046734812
366,0.0006693099,0.00048785712,0.0035936027,0.00016474655,2.178265e-05
367,0.0001823546,0.0005976694,0.010091316,0.0006589401,6.605215e-05
368,7.031184e-05,3.6478537e-05,0.016403032,0.00090750254,0.001264422
369,0.0016743992,0.00051728135,0.015130728,0.009708476,8.2846556e-05
370,0.0010083435,0.000119598575,0.012821214,0.10743748,0.00096975197
371,0.0026626128,0.00079783343,0.036908064,0.01572399,0.00028685408
372,0.0005399804,0.0011291547,0.037186775,0.0038096302,0.00023968685
373,0.00024156629,9.1701964e-05,0.013689478,0.009232215,0.00028685408
374,0.00028685408,0.00024923251,0.0013147246,0.0035518846,6.868318e-05
375,0.0003393018,0.00017674513,0.0046455576,0.024750972,0.00014313738
376,0.002074867,0.0001673405,0.004297939,0.0021157034,0.00042058743
377,0.00047285444,0.00080095365,0.009783876,0.034553625,0.0015487612
378,0.00054847926,0.00010889691,0.05330468,0.012527932,0.00035419365
379,0.00036117696,0.00043733438,0.0012743262,0.0023504829,0.00013765463
380,0.0003077431,0.0001168284,0.0019192374,0.019985152,0.0010608152
381,0.00058840885,0.0012255674,0.00057703455,0.0036216856,0.00016474655
382,0.00059302105,0.0001344663,0.0021997981,0.01717671,0.00022341637
383,0.023286305,0.00023782204,0.03429395,0.013795364,0.0002758679
384,0.0038844766,0.00013342,0.0021239663,0.007232764,0.0003029734
385,0.0054905633,0.00042388475,0.0027362213,0.014009566,0.00014768039
386,0.008412978,0.00010391067,0.014899643,0.012722708,8.092757e-05
387,0.003707253,3.8229115e-05,0.02508314,0.024099445,0.00011235328
388,0.017576884,0.00016093082,0.010169658,0.009859855,0.0011247575
389,0.003991728,3.194182e-05,0.0013458604,0.01844021,0.00010975091
390,0.0030994155,0.009125637,0.017576884,0.006145092,3.705297e-05
391,0.0040072887,0.010986943,0.024053553,0.00698465,7.602479e-05
392,0.0028671585,0.03314852,0.098772585,0.00809329,0.00071244594
393,0.0029121784,0.010328152,0.02178117,0.0017821963,0.0001313518
394,0.0130707845,0.04369106,0.12126888,0.0066153924,0.00045474793
395,0.010818449,0.019419348,0.0145595195,0.005001672,0.0024249144
396,0.007289077,0.01717671,0.009746104,0.0047552,3.0006622e-05
397,0.0028783479,0.0113756005,0.053206205,0.04903962,0.00030534892
398,0.006097562,0.039862495,0.0019267347,0.004150081,9.993032e-05
399,0.004166256,0.01461567,0.0071214284,0.0032858334,0.014728614
400,0.0052608517,0.0070117954,0.036977556,0.01107216,0.013376604
401,0.0051797125,0.002693914,0.043609526,0.028598359,0.023153413
402,0.005159623,0.010652511,0.01433703,0.0054059005,0.00619299
403,0.0073173973,0.012920474,0.013171949,0.004297939,0.0041019293
404,0.003260346,0.008985429,0.13206616,0.00402291,0.007093862
405,0.007785655,0.0051396107,0.13072868,0.0010987311,0.012673736
406,0.0017073674,0.017442483,0.03234433,0.004556114,0.0072608665
407,0.001957017,0.011029471,0.013325147,0.012288597,0.015967654
408,0.0015427324,0.006666932,0.05613278,0.012821214,0.005708034
409,0.01384861,0.013532149,0.11716747,0.0018602987,0.0056638657
410,0.011244561,0.0067975316,0.08647765,0.003707253,0.009670992
411,0.02898063,0.0113756005,0.04304285,0.010091316,0.0036642202
412,0.007636216,0.006289902,0.01802074,0.0010649627,0.0014103585
413,0.0016166499,0.068787284,0.04001227,0.011823394,0.01665704
414,0.004198795,0.04369106,0.1183851,0.007846239,0.008030813
415,0.015072629,0.0046636546,0.05749328,0.05042407,0.01155267
416,0.34378222,0.010248602,0.034684174,0.033399824,0.0057974015
417,0.04426588,0.026861202,0.020410309,0.021084841,0.011115014
418,0.258326,0.003260346,0.06903793,0.01798621,0.0021742254
419,0.037256766,0.091220066,0.0069306716,0.025809623,0.0075772414
420,0.039937314,0.0075187176,0.024563087,0.08210663,0.038321972
421,0.031261913,0.0016875096,0.015130728,0.0027900378,0.011597362
422,0.005240449,0.0013831174,0.021409769,0.029929748,0.010860331
423,0.034358688,0.0019955386,0.16132024,0.06325052,0.005060332
424,0.03308598,0.013902059,0.022328783,0.033972,0.010408314
425,0.09285216,0.014672035,0.038394015,0.11797801,0.0035796429
426,0.009633652,0.011463798,0.03541073,0.099120855,0.0025114634
427,0.09894659,0.003707253,0.0069576087,0.040313438,0.0067449897
428,0.10230471,0.07068779,0.16505408,0.0705596,0.0059340666
429,0.05781161,0.044764314,0.08678673,0.11536139,0.0070390454
430,0.05592617,0.102844074,0.021574067,0.09704756,0.0074317735
431,0.1336412,0.03963884,0.015784562,0.15817435,0.0007379196
432,0.058238626,0.008511303,0.25664565,0.11417085,0.00402291
433,0.015424552,0.09859886,0.12220858,0.0493136,0.027585283
434,0.07696084,0.019087434,0.02763772,0.08509905,0.007968815
435,0.09089675,0.14706452,0.012053779,0.056966383,0.010902374
436,0.0946777,0.078925885,0.02665774,0.030733928,0.0038543637
437,0.026056303,0.0913821,0.003260346,0.13307686,0.0010403185
438,0.10230471,0.01572399,0.6619229,0.23633993,0.0015011822
439,0.019756919,0.04023794,0.97428846,0.021739595,0.019345105
440,0.19208428,0.008711385,0.7322091,0.09534947,0.009746104
441,0.030100338,0.06816438,0.6803479,0.023419945,0.018475594
442,0.06278921,0.040313438,0.92617035,0.14104463,0.034815196
443,0.03234433,0.005060332,0.9227612,0.0037948343,0.005448068
444,0.014728614,0.040313438,0.7806625,0.0048674177,0.0049436893
445,0.13857833,0.04569203,0.82147413,0.007968815,0.0123361
446,0.071202725,0.03882902,0.89274967,0.03890198,0.03234433
447,0.111821815,0.0434469,0.69035035,0.00502115,0.12624557
448,0.13330235,0.023419945,0.8213309,0.018194368,0.024099445
449,0.06500873,0.017375665,0.9175984,0.04232459,0.3377494
450,0.06979492,0.0087791085,0.7392342,0.020410309,0.1187934
451,0.03615194,0.041230027,0.8547634,0.087563835,0.03541073
452,0.0073173973,0.30787802,0.6687721,0.023419945,0.0123361
453,0.046724956,0.17398883,0.7166154,0.096705794,0.0069576087
454,0.025130946,0.2510964,0.8174288,0.011732464,0.070176296
455,0.19544049,0.07185127,0.7392342,0.109134786,0.02025469
456,0.036220055,0.012821214,0.49586496,0.035012625,0.019719128
457,0.20024471,0.037821285,0.7331653,0.023330769,0.10447732
458,0.11476479,0.029367855,0.5696731,0.01384861,0.011244561
459,0.03904829,0.015543648,0.7112304,0.025957357,0.06705629
460,0.11636177,0.020685459,0.76454014,0.023197627,0.051462766
461,0.10158945,0.0154839875,0.5798168,0.0045032725,0.11920292
462,0.01778039,0.03635666,0.53591824,0.0658447,0.13128456
463,0.1877276,0.02532306,0.7111301,0.79101497,0.03191915
464,0.04248321,0.026759284,0.8708172,0.876423,0.039195135
465,0.21634248,0.029145971,0.8716935,0.93651766,0.010860331
466,0.024940254,0.02865267,0.89460546,0.950503,0.08006927
467,0.04001227,0.046638038,0.60375667,0.60141796,0.15908672
468,0.69688743,0.049497053,0.9404625,0.7132319,0.023825368
469,0.86153823,0.049773447,0.7854732,0.86838096,0.09170697
470,0.6293191,0.08210663,0.86165464,0.8121234,0.1495314
471,0.91730267,0.21900326,0.8468312,0.7890712,0.1301748
472,0.8967949,0.036083944,0.5217453,0.9320833,0.12549345
473,0.7301937,0.01374232,0.5451041,0.7834919,0.0065134983
474,0.7756048,0.6070227,0.58658206,0.7320175,0.07935289
475,0.8236123,0.7629543,0.86647177,0.8698252,0.062216982
476,0.9224824,0.8213309,0.8850366,0.30342212,0.08064661
477,0.7814974,0.7136312,0.81271875,0.85752964,0.25926262
478,0.48730746,0.661595,0.5436508,0.70821255,0.019124037
479,0.49150166,0.5655387,0.7496374,0.88856554,0.055515114
480,0.60591567,0.52696663,0.6365791,0.7287483,0.02947941
481,0.9043131,0.71721,0.82544905,0.8678218,0.09252366
482,0.60223705,0.441673,0.82104415,0.86904925,0.09334688
483,0.7940658,0.7678639,0.41046086,0.81859183,0.24006125
484,0.7325918,0.61520344,0.79085356,0.7791538,0.05572029
485,0.624637,0.7967673,0.6727618,0.81047887,0.07504072
486,0.6365791,0.31268474,0.9071478,0.7163179,0.097734325
487,0.8964329,0.728362,0.74576885,0.9324533,0.17272931
488,0.17525558,0.41105178,0.8969756,0.4567429,0.09687654
489,0.4424558,0.6846858,0.7565375,0.39291906,0.059537485
490,0.5099627,0.60981464,0.5921361,0.5620563,0.2359876
491,0.68299675,0.7426084,0.8156734,0.7627777,0.04426588
492,0.80609053,0.36863297,0.54973125,0.7704648,0.39711982
493,0.7884203,0.5506376,0.8641959,0.8260112,0.304145
494,0.69884354,0.5969619,0.87310666,0.384161,0.055823144
495,0.6797104,0.69461346,0.3366581,0.53901356,0.041075893
496,0.89478946,0.37182066,0.9242787,0.6715783,0.7801604
497,0.75725627,0.8559716,0.9142907,0.6328432,0.87245613
498,0.82768893,0.8234704,0.9168571,0.6093498,0.68056023
499,0.85158294,0.7261344,0.9769348,0.7823301,0.8062431
500,0.8989441,0.690246,0.85269034,0.6811968,0.66366893
501,0.9213576,0.7631309,0.9508692,0.62874943,0.8984106
502,0.765418,0.5059926,0.8155265,0.8866169,0.68563384
503,0.51638204,0.41187945,0.6900372,0.92683524,0.30218512
504,0.49904397,0.8250265,0.5481898,0.8537909,0.6619229
505,0.81390494,0.5482805,0.5664982,0.6807725,0.6932653
506,0.67265433,0.5986642,0.71442884,0.8881781,0.7916601
507,0.81888163,0.6900372,0.48691094,0.920218,0.91086304
508,0.70598775,0.44212458,0.40028042,0.6804541,0.8722386
509,0.20817892,0.8037906,0.77407146,0.7079098,0.7897206
510,0.81888163,0.63736945,0.7559974,0.5448014,0.8978745
511,0.8872046,0.7631309,0.736211,0.6033477,0.3589146
512,0.7666432,0.6811968,0.6378207,0.83682144,0.7294234
513,0.9240048,0.34191203,0.71582144,0.42155182,0.70740473
514,0.7190878,0.67939144,0.7648916,0.70629174,0.3068385
515,0.49051782,0.5880614,0.63928574,0.48515755,0.86442494
516,0.4336816,0.71701187,0.86177105,0.42453128,0.8342719
517,0.87450653,0.82796735,0.94458723,0.8576489,0.5930202
518,0.6800292,0.8804891,0.6714706,0.75328517,0.80730873
519,0.5589891,0.6954414,0.83004373,0.6758716,0.70801073
520,0.9022657,0.75219464,0.90481883,0.7692537,0.741674
521,0.6165896,0.26322043,0.8037906,0.48514992,0.92107415
522,0.84504944,0.45217305,0.5582969,0.6161278,0.9081302
523,0.77814394,0.84260434,0.745954,0.85195273,0.7889086
524,0.6997676,0.8003801,0.55012405,0.64220816,0.6885731
525,0.87525487,0.71042746,0.85741025,0.6972998,0.89982784
526,0.66714764,0.37771282,0.74186105,0.41555095,0.78464925
527,0.91006696,0.7426084,0.8590736,0.2923932,0.86938226
528,0.6907677,0.462382,0.7322091,0.18462045,0.8251675
529,0.51031345,0.45410898,0.8668104,0.6585273,0.7187918
530,0.8095773,0.5655387,0.9034647,0.47301814,0.78199726
531,0.47869635,0.6680145,0.8611883,0.7061904,0.8338664
532,0.79438496,0.5232072,0.6872103,0.5533846,0.55395776
533,0.5410451,0.6349961,0.6238353,0.42119467,0.82782817
534,0.23318209,0.45589498,0.78082967,0.7692537,0.90000373
535,0.64590204,0.73278314,0.3835836,0.5486735,0.2762998
536,0.55130196,0.941007,0.79438496,0.23970512,0.8565725
537,0.80084777,0.8830344,0.2780607,0.83413684,0.6620321
538,0.840259,0.9233162,0.65577704,0.76383626,0.8967949
539,0.6775807,0.4635353,0.6293191,0.7098244,0.8236123
540,0.9281487,0.64400125,0.761893,0.7435406,0.767167
541,0.57606506,0.6834195,0.5940803,0.45495644,0.86499614
542,0.81375694,0.6078378,0.6657367,0.8508408,0.86442494
543,0.64119774,0.9392481,0.87768656,0.69904906,0.7588682
544,0.40674412,0.8003801,0.81946033,0.8054792,0.80685264
545,0.42817363,0.7352616,0.96609205,0.9241418,0.83907574
546,0.78530854,0.15203226,0.980053,0.8891444,0.6576484
547,0.46511415,0.6002469,0.9745319,0.55148315,0.8773718
548,0.59608054,0.76977324,0.9896718,0.25183165,0.87599933
549,0.18025091,0.18550412,0.9633687,0.44326904,0.7844842
550,0.48436484,0.227641,0.9857729,0.8864204,0.7559974
551,0.68320817,0.18403316,0.9814534,0.87914675,0.87525487
552,0.7479843,0.4871244,0.984516,0.7876047,0.4291901
553,0.5504261,0.6383846,0.98340684,0.8106289,0.32885265
554,0.31478733,0.4791533,0.9444849,0.49998266,0.62440807
555,0.754915,0.53825516,0.97339284,0.68331385,0.4817281
556,0.618262,0.36127737,0.9706322,0.7352616,0.76153845
557,0.57415605,0.7364006,0.8774768,0.92441523,0.5605835
558,0.7980295,0.9168571,0.9250947,0.86293024,0.87525487
559,0.42697853,0.4825358,0.96641046,0.29401222,0.48892388
560,0.82741016,0.49665645,0.8305941,0.6607199,0.7439129
561,0.9324533,0.5622366,0.8996516,0.53722346,0.7240906
562,0.8659059,0.3116363,0.9871293,0.74279505,0.50600404
563,0.852199,0.35566297,0.9599126,0.86815757,0.4875895
564,0.94024336,0.6568784,0.9693242,0.77063745,0.61682045
565,0.5837373,0.51388955,0.8393393,0.3715926,0.86036915
566,0.755637,0.7818308,0.95257413,0.82544905,0.78133065
567,0.7953404,0.86849254,0.9103862,0.93558234,0.6453435
568,0.66747284,0.59684443,0.9747251,0.84619683,0.59837085
569,0.3213535,0.8198933,0.9587699,0.9500415,0.82615143
570,0.7212526,0.28397992,0.9800149,0.89143354,0.61520344
571,0.717507,0.7914989,0.9351099,0.28517285,0.5794004
572,0.745954,0.77424216,0.6916015,0.7490872,0.314682
573,0.35499188,0.80069196,0.9878528,0.7318259,0.79692537
574,0.9403531,0.75725627,0.97344345,0.70324385,0.49176863
575,0.6226888,0.6918097,0.96432143,0.61508787,0.53591824
576,0.6127153,0.2821962,0.9683214,0.6607199,0.42369646
577,0.70811164,0.5776741,0.9744348,0.63725656,0.63928574
578,0.74502754,0.60865223,0.97046465,0.9274948,0.26189688
579,0.7132319,0.695338,0.9809125,0.9175984,0.87245613
580,0.76153845,0.15778464,0.9943141,0.979354,0.8720208
581,0.76803803,0.6402986,0.9765354,0.97433734,0.89805347
582,0.6279512,0.76260084,0.9079672,0.9863105,0.8824279
583,0.6017691,0.6109178,0.89274967,0.93183565,0.5709893
584,0.5711687,0.24816957,0.92956835,0.90312344,0.77982527
585,0.7905303,0.741674,0.9664738,0.8975158,0.8679338
586,0.9589241,0.6583077,0.98327893,0.9658352,0.88759494
587,0.93558234,0.15713686,0.9731898,0.9492946,0.5186986
588,0.9107044,0.7926248,0.9860443,0.9392481,0.7394224
589,0.736211,0.3719347,0.9839091,0.9604354,0.8418256
590,0.57731664,0.21983956,0.90087914,0.97161794,0.24472383
591,0.19806418,0.5049017,0.8729984,0.89733595,0.32188618
592,0.90582335,0.77814394,0.95861524,0.9673486,0.9158089
593,0.7465088,0.6837363,0.9881309,0.9617499,0.8897206
594,0.8842393,0.5743351,0.9231778,0.95589906,0.9081302
595,0.4256649,0.6991517,0.9921841,0.8301815,0.80240077
596,0.5492175,0.8047131,0.92064714,0.98588216,0.85269034
597,0.7713272,0.24131057,0.947186,0.9635748,0.5358879
598,0.9537082,0.6092336,0.9805807,0.9265699,0.7294234
599,0.94728357,0.48630863,0.96765566,0.9222025,0.7468782
600,0.9382373,0.11716747,0.74279505,0.9394706,0.6788595
601,0.95945925,0.83359575,0.9572778,0.92007446,0.33742183
602,0.9873262,0.64052343,0.94386727,0.97662467,0.96891505
603,0.9678385,0.8908652,0.96138906,0.95869267,0.82190347
604,0.9953725,0.87386215,0.81815636,0.9396923,0.65577704
605,0.95606345,0.9753431,0.96826136,0.92956835,0.6662797
606,0.98862445,0.8342719,0.9718859,0.9437636,0.724578
607,0.9509604,0.9026096,0.8958876,0.9811307,0.6135839
608,0.98024315,0.8609547,0.8121234,0.8773718,0.71967924
609,0.9718326,0.94154674,0.9798227,0.95869267,0.5786863
610,0.9606575,0.8842393,0.98197925,0.8040984,0.35835305
611,0.9535353,0.62909126,0.94427973,0.98439646,0.42042112
612,0.9719925,0.91321325,0.7947038,0.9686196,0.9309621
613,0.9505947,0.9706322,0.9882676,0.9105454,0.9408984
614,0.8964329,0.9193534,0.93403506,0.9812749,0.7633074
615,0.8595459,0.88483775,0.91413754,0.98378503,0.79117644
616,0.9267028,0.98672616,0.90174776,0.92617035,0.18967113
617,0.97529614,0.90295243,0.9382373,0.96378,0.6728693
618,0.65555656,0.93257624,0.95998776,0.98080254,0.37216288
619,0.88759494,0.9073123,0.9561454,0.90878,0.765418
620,0.83775276,0.9267028,0.9730365,0.9401336,0.5546514
621,0.9488225,0.840521,0.80700475,0.95150405,0.71492666
622,0.94261247,0.7977145,0.9053223,0.97419035,0.8881781
623,0.84479356,0.92879725,0.7879312,0.9692078,0.20561503
624,0.98799264,0.9599126,0.8793542,0.93868846,0.79358625
625,0.9566342,0.84286314,0.9497627,0.95945925,0.5737978
626,0.96518475,0.9296961,0.93071055,0.90878,0.4927145
627,0.95976204,0.9130583,0.947186,0.70487165,0.8097278
628,0.9049869,0.95068645,0.6543428,0.9250947,0.5678168
629,0.8238959,0.74148685,0.9076402,0.9576754,0.66974485
630,0.9829547,0.90312344,0.8655654,0.9720986,0.78116375
631,0.9320833,0.9614615,0.85776806,0.9500415,0.37399015
632,0.99256825,0.8366881,0.91978675,0.9024378,0.8668104
633,0.9795114,0.8152325,0.98123896,0.9810946,0.9313377
634,0.9383503,0.642881,0.92643696,0.9784671,0.9130583
635,0.971564,0.88563144,0.97023994,0.9064877,0.98871195
636,0.9798227,0.9019207,0.96124375,0.94197524,0.9775858
637,0.9053223,0.8916225,0.8834373,0.97887486,0.6811968
638,0.8520759,0.70871687,0.8828326,0.75110084,0.8708172
639,0.9145963,0.7559974,0.96405166,0.7424217,0.74502754
640,0.95695716,0.9161096,0.9803186,0.7745834,0.9049869
641,0.9791158,0.75868946,0.992961,0.85342485,0.8727817
642,0.97510713,0.8305941,0.9300781,0.9787127,0.89715594
643,0.96182173,0.81479084,0.9686789,0.9059898,0.7554566
644,0.937669,0.9449947,0.9570375,0.950503,0.8733229
645,0.90000373,0.84645087,0.8749346,0.921499,0.97118384
646,0.967101,0.89368117,0.9697281,0.9234544,0.9775
647,0.8657925,0.9545628,0.90312344,0.9291838,0.7627777
648,0.983597,0.9774139,0.9596866,0.86815757,0.7446563
649,0.98262435,0.93674946,0.9875683,0.96741027,0.82375413
650,0.9076402,0.9523088,0.97813547,0.94427973,0.6206791
651,0.9582261,0.65962446,0.9879462,0.6234915,0.92683524
652,0.8906752,0.97288233,0.9005298,0.9284088,0.98403233
653,0.95150405,0.9312127,0.98314995,0.97903574,0.82824534
654,0.9605836,0.9038049,0.9548163,0.96028674,0.92262185
655,0.6950276,0.9001793,0.97923523,0.9468921,0.8636218
656,0.94699025,0.92455155,0.9589241,0.8221891,0.937783
657,0.9723622,0.891055,0.8251675,0.9926542,0.96131647
658,0.98803884,0.95430803,0.9630224,0.8504686,0.9507779
659,0.966028,0.7409249,0.9917163,0.9745319,0.9084556
660,0.9755769,0.9540518,0.9922144,0.9639839,0.91022676
661,0.9164094,0.72700745,0.95388025,0.93439513,0.8868131
662,0.9781772,0.8318272,0.96102494,0.9480585,0.9116528
663,0.96697646,0.87610537,0.94966936,0.9233162,0.97608364
664,0.96210754,0.9001793,0.94649786,0.9184803,0.90448195
665,0.9843364,0.8234704,0.94844174,0.938576,0.82949203
666,0.9284088,0.82204634,0.9664738,0.94208187,0.97608364
667,0.966347,0.9598375,0.9744834,0.7576151,0.93403506
668,0.98083925,0.92563426,0.9627432,0.9076402,0.96050966
669,0.8938666,0.87525487,0.9413314,0.852199,0.97046465
670,0.9890554,0.8543993,0.9326989,0.94417685,0.9736447
671,0.93045825,0.9592307,0.9436599,0.729327,0.9588471
672,0.8916225,0.7516481,0.968441,0.8204695,0.9810946
673,0.9274948,0.5148958,0.98166555,0.94853723,0.9378969
674,0.9159594,0.9557341,0.96050966,0.9219218,0.94757545
675,0.9673486,0.8923751,0.9952448,0.9542227,0.9631613
676,0.9167081,0.8348113,0.99271095,0.9422947,0.9184803
677,0.94610083,0.9405718,0.9712385,0.92359227,0.97068775
678,0.94815457,0.9768908,0.9273633,0.82782817,0.80131465
679,0.94957596,0.9296961,0.745954,0.9400236,0.97796774
680,0.95814794,0.8949732,0.81582016,0.98866826,0.9380106
681,0.98998636,0.69368047,0.92563426,0.968441,0.906156
682,0.9352283,0.87450653,0.7905303,0.99066,0.50525266
683,0.9395816,0.89274967,0.96080494,0.9783433,0.9526623
684,0.9735945,0.9686789,0.8824279,0.8976953,0.9390248
685,0.950411,0.8539127,0.9664738,0.9628831,0.9394706
686,0.96691406,0.8951567,0.9219218,0.91964257,0.80639565
687,0.9832145,0.9020933,0.93651766,0.9533619,0.97112906
688,0.94834626,0.9378969,0.9778412,0.94844174,0.9505947
689,0.9032942,0.9227612,0.8392076,0.9443824,0.98184055
690,0.95565146,0.9605836,0.9509604,0.9284088,0.94728357
691,0.7500039,0.8976953,0.96160597,0.92468774,0.938576
692,0.8736466,0.7988153,0.9545628,0.9562273,0.787768
693,0.89606965,0.9091032,0.8594279,0.975249,0.9651191
694,0.85034436,0.91920847,0.8301815,0.81479084,0.9531008
695,0.8701566,0.89368117,0.0029926654,0.967101,0.97788346
696,0.91274774,0.8146434,0.0022872277,0.97134733,0.94154674
697,0.9703525,0.89858866,0.0089161275,0.9395816,0.7749242
698,0.9267028,0.7776378,0.0054269433,0.9773276,0.94910634
699,0.97354424,0.92359227,0.013584392,0.9803562,0.9158089
700,0.92290026,0.9700703,0.00090044667,0.9069832,0.89947516
701,0.67437226,0.83894384,0.0046095722,0.9840936,0.8976953
702,0.9217811,0.83155376,0.0007408056,0.9458012,0.92107415
703,0.9689738,0.8337311,0.0028338498,0.7675156,0.7525585
704,0.9164094,0.76629364,0.011419615,0.97107434,0.9347534
705,0.7900447,0.87147486,0.0038244836,0.9945095,0.83788544
706,0.8568123,0.9071478,0.0107351625,0.9323302,0.9593071
707,0.9444849,0.7685595,0.0012399962,0.8183016,0.8348113
708,0.9627432,0.966028,0.010408314,0.9448931,0.9554855
709,0.9234544,0.9213576,0.0059340666,0.8893368,0.84556025
710,0.9213576,0.95447797,0.0010608152,0.90665317,0.93033177
711,0.96405166,0.97414124,0.002800927,0.8873999,0.83748704
712,0.9784259,0.9003547,0.00096975197,0.961171,0.9054896
713,0.9843364,0.772359,0.007093862,0.9081302,0.9478657
714,0.9888419,0.9335521,0.002296159,0.9913892,0.8957053
715,0.9537082,0.8406518,0.0032224844,0.98913974,0.9222025
716,0.7814974,0.51089305,0.008511303,0.95068645,0.87439936
717,0.94417685,0.8975158,0.0040860027,0.98486924,0.9824905
718,0.9801293,0.83031917,0.0022694687,0.89442116,0.9590777
719,0.9457011,0.6321622,0.00054847926,0.78596646,0.9535353
720,0.9563905,0.38815406,0.0020033333,0.9546474,0.9863631
721,0.98913974,0.8767399,0.0021912407,0.9564718,0.98799264
722,0.7704648,0.7889086,0.0029349518,0.86726075,0.99390244
723,0.95861524,0.8498466,0.00698465,0.98314995,0.9878996
724,0.9394706,0.7348813,0.021491766,0.7720154,0.9523088
725,0.95783347,0.91490096,0.0032986512,0.92617035,0.91321325
726,0.97879386,0.84286314,0.001507049,0.95945925,0.9905143
727,0.9213576,0.9181873,0.0062170783,0.8244619,0.8206132
728,0.9786719,0.9001793,0.0026112476,0.9486325,0.7133318
729,0.96210754,0.9548163,0.018194368,0.6438893,0.8718026
730,0.9559813,0.9628831,0.024237635,0.9762654,0.9646559
731,0.96425414,0.86165464,0.06766981,0.9092645,0.77424216
732,0.9803186,0.9598375,0.03635666,0.95814794,0.9328214
733,0.93257624,0.9444849,0.038466193,0.92683524,0.64097303
734,0.9662198,0.96080494,0.008881675,0.9789956,0.9181873
735,0.8478418,0.92617035,0.011869121,0.96411926,0.7119319
736,0.9673486,0.97046465,0.0020992735,0.9659639,0.6364661
737,0.94122344,0.83400166,0.02072506,0.008187911,0.9437636
738,0.9628132,0.5435902,0.1666754,0.0027362213,0.5885936
739,0.9105454,0.7898827,0.068787284,0.003869391,0.82375413
740,0.9797065,0.7720154,0.0433658,0.0017752605,0.87652874
741,0.9526623,0.97023994,0.013376604,0.006692851,0.84695786
742,0.8893368,0.648021,0.03191915,0.0021489493,0.9712385
743,0.98159516,0.81699115,0.02199022,0.0014664583,0.98672616
744,0.9932811,0.952131,0.008511303,0.003976228,0.95998776
745,0.7422349,0.6017106,0.019946935,0.017045317,0.86838096
746,0.8564525,0.9567152,0.018299332,0.0018315102,0.83318895
747,0.98262435,0.8951567,0.0017140384,0.01001357,0.9129032
748,0.8794577,0.90681833,0.024516335,0.003260346,0.9775
749,0.95506835,0.9007046,0.17638768,0.00462753,0.9184803
750,0.9759006,0.7927853,0.013428255,0.002570868,0.8830344
751,0.94197524,0.87147486,0.03302355,0.0033897832,0.8010035
752,0.87439936,0.9395816,0.0586686,0.0026626128,0.5127612
753,0.96095175,0.52203465,0.056548133,0.016979992,0.98662347
754,0.9309621,0.9558166,0.019014435,0.0025114634,0.9026096
755,0.9437636,0.64567864,0.14069006,0.0018031665,0.9199307
756,0.92290026,0.7520126,0.03581319,0.0025909794,0.61520344
757,0.97462875,0.6669308,0.056548133,0.0038996208,0.9774571
758,0.9784259,0.93108755,0.059210252,0.00090044667,0.9754836
759,0.9466954,0.94355595,0.0107767265,0.0010282109,0.9778412
760,0.0022430879,0.52072483,0.024563087,0.0047000605,0.8465777
761,0.0055549247,0.9637117,0.0042315875,0.000621463,0.9524858
762,0.0031115087,0.81271875,0.0042151595,0.0047552,0.9238675
763,0.005576545,0.79581684,0.002157342,0.009196552,0.88523525
764,0.0025409926,0.9312127,0.060086653,0.02806074,0.9312127
765,0.0012793075,0.9342753,0.060086653,0.01802074,0.9755769
766,0.001507049,0.64957863,0.007232764,0.007968815,0.77218723
767,0.0038096302,0.92093205,0.04858621,0.005343256,0.8987666
768,0.0015487612,0.8523219,0.010986943,0.0066153924,0.94610083
769,0.005576545,0.89048487,0.0434469,0.0032099616,0.93463415
770,0.0033504236,0.89947516,0.015072629,0.0072608665,0.95759624
771,0.0008830458,0.8906752,0.0030278352,0.0054269433,0.92683524
772,0.0011925492,0.8899121,0.0021827165,0.0016549242,0.89912134
773,0.008315778,0.77321637,0.0107351625,0.0033634927,0.78727776
774,0.007876706,0.0043994132,0.008511303,0.000965975,0.8834373
775,0.0040701376,0.004810983,0.054802597,0.017045317,0.86350673
776,0.0023231625,0.0043653264,0.040464837,0.009232215,0.9518632
777,0.002631674,0.022032265,0.20481864,0.02865267,0.98020524
778,0.0016549242,0.014392336,0.057705317,0.03963884,0.9874236
779,0.021125194,0.008813166,0.047249712,0.08678673,0.91022676
780,0.0025909794,0.0027683855,0.08064661,0.100348406,0.8372211
781,0.010818449,0.02132808,0.1625129,0.024656856,0.87212974
782,0.0022783307,0.0073743653,0.03234433,0.026455775,0.9393595
783,0.0030873695,0.006241259,0.08137364,0.017110888,0.94165415
784,0.0016293088,0.0013723687,0.06572466,0.020488555,0.89312315
785,0.0024060889,0.0010162441,0.12678517,0.029760094,0.95861524
786,0.004905406,0.0053225355,0.05042407,0.03904829,0.97510713
787,0.0032224844,0.0046095722,0.07250525,0.021409769,0.921499
788,0.01461567,0.00089344557,0.09252366,0.020100236,0.49483132
789,0.0055549247,0.0013045066,0.017242778,0.0107351625,0.9545628
790,0.006666932,0.0043823365,0.1504028,0.0077555366,0.89733595
791,0.00035836728,0.01572399,0.07850098,0.009055264,0.8663589
792,0.0037654135,0.012771867,0.059646938,0.017442483,0.9091032
793,0.0027149853,0.011158031,0.051177494,0.005281334,0.6298884
794,0.105948284,0.008156248,0.20481864,0.018978037,0.9334308
795,0.07463504,0.003750789,0.02297737,0.13307686,0.003260346
796,0.015543648,0.0044857943,0.10447732,0.018475594,0.0055333884
797,0.015130728,0.0023504829,0.10762492,0.14211279,0.004451041
798,0.009340025,0.0018748617,0.05005131,0.14080817,0.003750789
799,0.06394842,0.012821214,0.22067817,0.030908957,0.0015307452
800,0.02249997,0.012383785,0.032836955,0.008124708,0.00078854576
801,0.0035796429,0.0034162789,0.026056303,0.03296124,0.0031480708
802,0.036769465,0.007815889,0.17384852,0.043854564,0.004468384
803,0.007204769,0.007489625,0.120542295,0.011823394,0.001477943
804,0.040922303,0.008610767,0.04061678,0.023689471,0.005911069
805,0.06052939,0.0010566838,0.04569203,0.08803312,0.002332234
806,0.025662705,0.00071244594,0.055005286,0.013171949,0.0030634168
807,0.013428255,0.005099818,0.027014792,0.18609506,0.0035518846
808,0.054098696,0.0043483814,0.0085443305,0.015072629,0.0064381026
809,0.009596455,0.0054269433,0.009268014,0.028490042,0.00502115
810,0.068787284,0.0028671585,0.060307644,0.015365342,0.0020033333
811,0.042882238,0.009055264,0.02096424,0.020449394,0.008061991
812,0.12885363,0.004792317,0.10070161,0.021246698,0.006903838
813,0.009596455,0.00307537,0.059210252,0.37250522,0.0014048677
814,0.007345827,0.0027683855,0.056548133,0.12273334,0.0014048677
815,0.031026179,0.0045738644,0.086632065,0.08929565,0.00268344
816,0.0139557095,0.0022518474,0.111821815,0.037467506,0.0022694687
817,0.035211135,0.011508149,0.049405243,0.046464663,0.0046095722
818,0.17314835,0.008985429,0.0066153924,0.058024745,0.0020111583
819,0.0065642493,0.005708034,0.0119150225,0.19790912,0.0055333884
820,0.02072506,0.003750789,0.03534408,0.12646118,0.0026626128
821,0.011961099,0.0055549247,0.8580062,0.05738754,0.003311519
822,0.025130946,0.011508149,0.474479,0.061424043,0.030214587
823,0.120232075,0.0279544,0.80271024,0.08269734,0.0007408056
824,0.08284563,0.012100386,0.3100673,0.056029383,0.0010202174
825,0.069541745,0.008380453,0.26626188,0.17924304,0.0006851713
826,0.02970375,0.006241259,0.32199275,0.050611433,0.00078854576
827,0.008610767,0.0055333884,0.5539276,0.1284158,0.0070664007
828,0.017509557,0.009670992,0.60223705,0.015543648,0.0056200367
829,0.02784845,0.045862664,0.77424216,0.05520869,0.001264422
830,0.022286186,0.06052939,0.20593424,0.062216982,0.003311519
831,0.003692853,0.0056638657,0.2052962,0.20339088,0.0042315875
832,0.039195135,0.0689125,0.5564297,0.100172214,0.0030994155
833,0.045777272,0.021287354,0.110855594,0.05834584,0.002019014
834,0.13500383,0.025760558,0.3197583,0.08299415,0.00081993215
835,0.030675802,0.020488555,0.07369627,0.064653486,0.005080037
836,0.043854564,0.043772742,0.23231015,0.070176296,0.00685048
837,0.09186979,0.011687257,0.30642328,0.006413164,0.3243424
838,0.014447852,0.006073934,0.34114337,0.28002533,0.07544843
839,0.005448068,0.019087434,0.6203342,0.20769641,0.2104416
840,0.08694165,0.011331754,0.55986166,0.03314852,0.0087791085
841,0.023109278,0.009783876,0.55347514,0.013902059,0.032774985
842,0.02237146,0.005708034,0.46541786,0.07030385,0.05127242
843,0.018761083,0.047249712,0.7854732,0.0362883,0.11656274
844,0.03461884,0.016914913,0.4663899,0.09384396,0.0190509
845,0.097734325,0.06052939,0.28917092,0.06705629,0.056444027
846,0.18359363,0.021532876,0.7160201,0.27367145,0.0065897717
847,0.044847902,0.02870708,0.60830325,0.07850098,0.105948284
848,0.007636216,0.030908957,0.4761838,0.1943678,0.0570714
849,0.062904246,0.016340127,0.33982763,0.03302355,0.03038675
850,0.19299524,0.012970386,0.15482272,0.16291204,0.068787284
851,0.17967445,0.010529712,0.38664764,0.06928941,0.017917344
852,0.03897507,0.019946935,0.14817041,0.11417085,0.029873092
853,0.07723878,0.006413164,0.5086966,0.060863446,0.01374232
854,0.066934206,0.15869519,0.6002469,0.051177494,0.016466174
855,0.090735495,0.019832712,0.5511208,0.13386749,0.0279544
856,0.16789974,0.032651376,0.47505733,0.01433703,0.01627746
857,0.08122776,0.02532306,0.3004376,0.03861093,0.0362883
858,0.024892801,0.060197048,0.4312848,0.18550412,0.07751766
859,0.014785407,0.0128707485,0.35053253,0.09203286,0.042087726
860,0.062103126,0.01798621,0.36749724,0.058776557,0.12754393
861,0.21983956,0.02732453,0.53354937,0.073430054,0.0140636265
862,0.08616956,0.04751419,0.513394,0.049589027,0.02355433
863,0.060418423,0.042166542,0.25349122,0.0567569,0.057599206
864,0.05350215,0.021287354,0.5151855,0.25054586,0.04995852
865,0.028274601,0.037821285,0.603815,0.6048658,0.14572217
866,0.13939638,0.17525558,0.16145241,0.29849136,0.024053553
867,0.03191915,0.056029383,0.5804709,0.7574357,0.011288074
868,0.033336826,0.114566505,0.35633466,0.2260994,0.0069306716
869,0.04509957,0.10194652,0.3190153,0.27943507,0.0053849383
870,0.108566426,0.25293726,0.28726768,0.5207401,0.05281402
871,0.18300885,0.029535338,0.4831454,0.039195135,0.014281933
872,0.087096825,0.03289904,0.265309,0.4637478,0.020410309
873,0.032713123,0.06928941,0.16105618,0.06979492,0.012241275
874,0.11299101,0.0493136,0.43002766,0.4081588,0.0056638657
875,0.058453243,0.043609526,0.08050192,0.46883622,0.0355444
876,0.0130707845,0.08601588,0.28846887,0.14891149,0.036425155
877,0.06267437,0.0262553,0.3316607,0.042722195,0.012479699
878,0.17455094,0.19467382,0.40851268,0.22970797,0.010944578
879,0.023825368,0.030908957,0.1724504,0.4047427,0.025130946
880,0.03149938,0.033907957,0.3774259,0.60696447,0.08079154
881,0.06489012,0.039862495,0.15778464,0.3788037,0.013584392
882,0.16092426,0.03197956,0.13150747,0.10800066,0.038394015
883,0.02970375,0.08151976,0.28666824,0.43656197,0.12474516
884,0.087252244,0.16198196,0.70932126,0.07185127,0.31837916
885,0.056548133,0.015130728,0.43797374,0.14010079,0.013689478
886,0.08050192,0.08050192,0.5390742,0.17175469,0.05340333
887,0.09721884,0.08050192,0.18227991,0.33415475,0.03861093
888,0.018089995,0.07276838,0.22918998,0.254787,0.033526164
889,0.18068421,0.014281933,0.27173457,0.098772585,0.19253936
890,0.024191486,0.03061778,0.3176379,0.5314526,0.06572466
891,0.012624949,0.051749542,0.7350715,0.5975492,0.040845715
892,0.052134257,0.018055335,0.5880022,0.57332015,0.011597362
893,0.057281975,0.050611433,0.6239499,0.6734064,0.21816924
894,0.035144847,0.066934206,0.48311496,0.31541958,0.15482272
895,0.23510839,0.0049245106,0.63193506,0.4854777,0.22303842
896,0.20625381,0.053700306,0.35253605,0.49083054,0.12273334
897,0.5706305,0.03601607,0.7148271,0.1185891,0.17667161
898,0.52472955,0.07751766,0.23022674,0.20817892,0.073963374
899,0.6454552,0.040162586,0.2762022,0.31278968,0.008745182
900,0.24908175,0.19728975,0.052618954,0.4613201,0.08284563
901,0.3709087,0.09687654,0.32071492,0.14128143,0.11221036
902,0.38508555,0.047337715,0.29219118,0.33176893,0.107250325
903,0.61259943,0.18447348,0.7096232,0.6021201,0.18907149
904,0.3774259,0.20625381,0.6383846,0.38815406,0.046291903
905,0.10105592,0.04304285,0.20673385,0.67179364,0.018194368
906,0.58207536,0.053700306,0.5533846,0.1877276,0.020449394
907,0.32124704,0.05033063,0.1821344,0.10837754,0.24963011
908,0.2738656,0.032651376,0.47976267,0.2501793,0.0130707845
909,0.42333883,0.10932483,0.2885691,0.24400254,0.04008736
910,0.5974318,0.022328783,0.29128316,0.08570928,0.01778039
911,0.49913454,0.08344117,0.5151169,0.20291664,0.012673736
912,0.4496343,0.052037824,0.20545557,0.14866412,0.07094482
913,0.3687466,0.034036152,0.0061212815,0.6687721,0.12147716
914,0.41697466,0.17119971,0.001507049,0.41946957,0.012527932
915,0.547706,0.115560874,0.013902059,0.47242483,0.099820666
916,0.46936828,0.3465413,0.0031480708,0.4442935,0.17724052
917,0.40104255,0.49970317,0.0061212815,0.1625129,0.025662705
918,0.23934935,0.2850733,0.0059571536,0.34103364,0.1765296
919,0.34886694,0.40927982,0.00071244594,0.23988314,0.077937685
920,0.038683496,0.2852724,0.028598359,0.25146383,0.017509557
921,0.13352817,0.42895088,0.0056200367,0.29077944,0.09894659
922,0.5064312,0.63624007,0.001264422,0.28407922,0.0434469
923,0.65068924,0.11636177,0.010169658,0.57791233,0.056966383
924,0.6003641,0.07765744,0.008412978,0.24202643,0.059646938
925,0.073164724,0.27086577,0.0011559009,0.44785264,0.107250325
926,0.40580192,0.21190567,0.02072506,0.50590867,0.062216982
927,0.56511873,0.6021786,0.008156248,0.14891149,0.33014715
928,0.27747297,0.53661644,0.003004343,0.2672169,0.24131057
929,0.17384852,0.44915098,0.0019494022,0.2705766,0.08093671
930,0.46672407,0.27096224,0.003750789,0.15882562,0.07779745
931,0.5199479,0.12929276,0.003311519,0.3060083,0.01665704
932,0.32562774,0.3994602,0.004314688,0.3316607,0.06766981
933,0.40898472,0.39018536,0.0037217087,0.29128316,0.04061678
934,0.28150436,0.50956607,0.002822833,0.27163795,0.0057302467
935,0.5832034,0.1337543,0.0007041516,0.43488124,0.011331754
936,0.47104073,0.244363,0.0011469158,0.11961367,0.0053849383
937,0.29736793,0.4115838,0.0012018913,0.44839606,0.024656856
938,0.1377643,0.345326,0.0032476764,0.6852127,0.0071214284
939,0.09501305,0.54691964,0.0048674177,0.3457677,0.025371311
940,0.4572276,0.5513322,0.00062389387,0.5451041,0.069921836
941,0.06489012,0.18227991,0.004792317,0.274935,0.028114058
942,0.15687835,0.39443418,0.004150081,0.30756596,0.16304526
943,0.19513355,0.33982763,0.0012743262,0.170508,0.038106617
944,0.2666436,0.77304506,0.004810983,0.40574303,0.01384861
945,0.254787,0.48845118,0.0037362205,0.488718,0.03044435
946,0.26020142,0.078359805,0.003678509,0.3555511,0.16291204
947,0.32380763,0.23988314,0.008283626,0.22236224,0.014728614
948,0.2926964,0.50151825,0.0031603526,0.010818449,0.047249712
949,0.20228557,0.1775255,0.0063883206,0.015967654,0.060197048
950,0.13788036,0.26265267,0.0041824942,0.006073934,0.022586042
951,0.16132024,0.38989493,0.0040701376,0.002521268,0.08122776
952,0.70669675,0.4120569,0.0013045066,0.005685907,0.31184584
953,0.5548323,0.5502751,0.0067712096,0.030502053,0.032713123
954,0.53591824,0.654674,0.034036152,0.0040860027,0.14780103
955,0.27503237,0.75110084,0.012821214,0.00268344,0.060197048
956,0.51825666,0.6296607,0.0064882697,0.0077555366,0.016529556
957,0.3178496,0.17582092,0.006241259,0.019756919,0.06632687
958,0.4752248,0.19269122,0.37731123,0.015967654,0.0551069
959,0.22422527,0.8583628,0.52492744,0.0046095722,0.52060294
960,0.5393775,0.3707948,0.1625129,0.012288597,0.5896573
961,0.16613355,0.387053,0.28279,0.006666932,0.5966095
962,0.4409206,0.13857833,0.23651622,0.01784874,0.1606607
963,0.4315243,0.5123723,0.120232075,0.001477943,0.26961395
964,0.3323104,0.03767939,0.19482698,0.007289077,0.21518578
965,0.19651763,0.1046602,0.040999025,0.0047000605,0.41495812
966,0.26607114,0.19238758,0.31774372,0.017242778,0.42656043
967,0.060640547,0.14451066,0.18257122,0.0073743653,0.0434469
968,0.19790912,0.35801628,0.22439517,0.0123361,0.39536762
969,0.06791668,0.30663085,0.046638038,0.008030813,0.19421494
970,0.41199777,0.38248736,0.66909647,0.004792317,0.38248736
971,0.35846534,0.3027002,0.06681232,0.0065388246,0.68363076
972,0.78133065,0.52040493,0.41970742,0.0066411127,0.54570943
973,0.59313804,0.50709105,0.42751622,0.002472623,0.3681785
974,0.05572029,0.6063819,0.3983479,0.003235056,0.100878626
975,0.4369223,0.7345006,0.337531,0.0011740822,0.6361271
976,0.37490514,0.43092552,0.14743239,0.0021489493,0.63148063
977,0.0027255826,0.58593065,0.25534365,0.0045208177,0.37250522
978,0.013795364,0.21272224,0.354098,0.0038244836,0.5647587
979,0.0009399439,0.2635994,0.08647765,0.00065126823,0.30704626
980,0.0051396107,0.5840933,0.44881877,0.0013885233,0.22473529
981,0.0015129384,0.44110116,0.07329728,0.024609929,0.5087958
982,0.0063635735,0.19852993,0.3869951,0.0128707485,0.089136936
983,0.0022694687,0.13916224,0.2600135,0.014392336,0.17667161
984,0.0022430879,0.30590463,0.2776688,0.0012693645,0.28348374
985,0.0068771075,0.7237002,0.15778464,0.0048297215,0.2982869
986,0.002946405,0.59066117,0.42775524,0.007093862,0.3191214
987,0.012194132,0.265309,0.2939109,0.02970375,0.44724903
988,0.0027362213,0.43905574,0.13730095,0.00061183405,0.34942174
989,0.00498227,0.15178062,0.5920181,0.0035380863,0.25183165
990,0.018334452,0.24328269,0.27076936,0.0019494022,0.25054586
991,0.0012018913,0.14021848,0.08787644,0.0059803305,0.22371607
992,0.0022872277,0.35242462,0.20545557,0.0040072887,0.72036827
993,0.0032730652,0.22884515,0.20354916,0.16926852,0.5511208
994,0.008412978,0.18432662,0.18198898,0.7191864,0.23022674
995,0.005001672,0.75868946,0.09384396,0.35153365,0.1422319
996,0.005220126,0.52048105,0.3863582,0.3682921,0.38624245
997,0.0038543637,0.41436553,0.3715926,0.39647704,0.6282934
998,0.0025311112,0.40786394,0.1491592,0.09894659,0.27347738
999,0.000628784,0.32541335,0.37731123,0.112600096,0.41406935
1000,0.003429604,0.049130786,0.16384642,0.056652427,0.79246426
1001,0.0049436893,0.3448846,0.276007,0.05033063,0.20705435
1002,0.0028783479,0.14366761,0.2507293,0.4670583,0.741674
1003,0.012007351,0.08464396,0.032283258,0.41353634,0.78596646
1004,0.005708034,0.2812082,0.23109324,0.24166831,0.16211458
1005,0.002889581,0.4029206,0.208018,0.43980747,0.06620602
1006,0.024845436,0.0043823365,0.41170207,0.090253234,0.325199
1007,0.013689478,0.02433019,0.33469814,0.24926445,0.304145
1008,0.0030278352,0.008610767,0.45686412,0.38711095,0.12732674
1009,0.016152835,0.0010083435,0.1943678,0.18535663,0.3890822
1010,0.0008864989,0.00268344,0.24889915,0.2757144,0.16264586
1011,0.0045384318,0.008478402,0.4324229,0.036769465,0.37978083
1012,0.0025608707,0.0028338498,0.3100673,0.22575782,0.39146408
1013,0.0035657366,0.00698465,0.09451043,0.2109288,0.3261641
1014,0.0051797125,0.0032099616,0.038178273,0.22575782,0.15856485
1015,0.015130728,0.012383785,0.33263552,0.07558479,0.16238004
1016,0.0007733057,0.015784562,0.22151907,0.4417332,0.2991052
1017,0.00051728135,0.0028560124,0.16940588,0.43338183,0.49688727
1018,0.0121471705,0.0022783307,0.17398883,0.07723878,0.5609743
1019,0.0027255826,0.0121471705,0.10356715,0.23178808,0.48755902
1020,0.00685048,0.004054334,0.3820838,0.26038948,0.20354916
1021,0.35835305,0.0015731122,0.1309508,0.09057447,0.84376645
1022,0.2193375,0.0094125895,0.57427543,0.08678673,0.25701845
1023,0.45595554,0.030792167,0.5990161,0.13432106,0.2588877
1024,0.33633107,0.003649987,0.47122326,0.21733753,0.4445346
1025,0.32939172,0.006097562,0.23265864,0.33600417,0.51559705
1026,0.34864512,0.0026522598,0.02532306,0.11636177,0.7818308
1027,0.09756223,0.0027362213,0.041539967,0.041384716,0.7337381
1028,0.12929276,0.007176882,0.2441827,0.16626887,0.44332927
1029,0.38323727,0.0128707485,0.06097518,0.100878626,0.22695492
1030,0.20465964,0.006289902,0.22439517,0.04698664,0.5789839
1031,0.11992252,0.0023504829,0.40374315,0.413714,0.34169233
1032,0.21109138,0.0074317735,0.03216145,0.1284158,0.23970512
1033,0.20291664,0.0056638657,0.12147716,0.10266401,0.14402843
1034,0.11104825,0.0015129384,0.01717671,0.0913821,0.3821414
1035,0.13881165,0.0060269516,0.03882902,0.07068779,0.01717671
1036,0.25851312,0.0023781238,0.06608538,0.3190153,0.003750789
1037,0.4834655,0.0042315875,0.12147716,0.14866412,0.034749623
1038,0.048047356,0.03027187,0.11777492,0.112600096,0.011463798
1039,0.20212802,0.009090384,0.02470387,0.18330106,0.00039051395
1040,0.59060216,0.005281334,0.028328313,0.6221151,0.0054269433
1041,0.31079894,0.0033766122,0.02665774,0.35868996,0.0053018946
1042,0.049130786,0.0075772414,0.024845436,0.3060083,0.0094125895
1043,0.12158141,0.0024060889,0.03767939,0.23126681,0.012194132
1044,0.073430054,0.004451041,0.074500255,0.16491956,0.0054059005
1045,0.11716747,0.014227047,0.112795405,0.17511447,0.005240449
1046,0.26322043,0.013428255,0.039268754,0.10800066,0.0059571536
1047,0.30404165,0.0054059005,0.0610871,0.051082738,0.006097562
1048,0.21239533,0.0015731122,0.009746104,0.21917035,0.00502115
1049,0.31373507,0.25349122,0.02237146,0.109705776,0.010448625
1050,0.40904373,0.23283306,0.05023736,0.09653532,0.0037362205
1051,0.12689333,0.12940274,0.244363,0.1317307,0.0061212815
1052,0.18271701,0.53919554,0.04248321,0.297572,0.002570868
1053,0.2850733,0.17567945,0.0992954,0.08137364,0.00402291
1054,0.282691,0.26817408,0.0107351625,0.44390172,0.0015731122
1055,0.48649928,0.4690186,0.036977556,0.03574581,0.0015548134
1056,0.27067295,0.051749542,0.059537485,0.045183755,0.002472623
1057,0.40297934,0.28368217,0.10539454,0.35097733,0.002889581
1058,0.20291664,0.08195955,0.1484171,0.5492175,0.002463007
1059,0.11716747,0.1606607,0.04320404,0.27678826,0.002217013
1060,0.23775287,0.37708178,0.011244561,0.28957254,0.024145423
1061,0.44480592,0.1908748,0.021656677,0.123471275,0.0032099616
1062,0.3983479,0.05291181,0.004810983,0.13869494,0.0020667946
1063,0.092359796,0.24023944,0.0020667946,0.12830654,0.0013777326
1064,0.0913821,0.4417633,0.0015978456,0.091544405,0.0033504236
1065,0.14977993,0.071202725,0.0031115087,0.10875559,0.0012893283
1066,0.2797301,0.20024471,0.0019723359,0.063134894,0.0038543637
1067,0.6814089,0.05014425,0.005448068,0.21634248,0.0032986512
1068,0.6414224,0.35108855,0.00047656128,0.42298123,0.007489625
1069,0.18862271,0.25054586,0.00041894842,0.23510839,0.003260346
1070,0.18535663,0.38323727,0.0021157034,0.23739909,0.00685048
1071,0.041930523,0.44161278,0.0032986512,0.15687835,0.003004343
1072,0.20545557,0.13753247,0.0034698907,0.21370518,0.0038096302
1073,0.04698664,0.549006,0.00079783343,0.23178808,0.00027372167
1074,0.17738296,0.41911292,0.00519988,0.23213604,0.0018530593
1075,0.18155324,0.337531,0.0045032725,0.13718532,0.0007702932
1076,0.38271806,0.09947021,0.0020992735,0.26189688,0.0003859661
1077,0.33698532,0.62897736,0.0044337655,0.32316646,0.0035518846
1078,0.39770445,0.41608468,0.0033634927,0.070816204,0.001957017
1079,0.57128835,0.2148561,0.0021074724,0.14104463,0.0053018946
1080,0.1193055,0.4107563,0.0015247863,0.25460163,0.26473838
1081,0.42137322,0.1210609,0.0012160416,0.027532939,0.36692995
1082,0.22439517,0.24400254,0.011331754,0.025419652,0.12678517
1083,0.18184364,0.52570367,0.0004840624,0.09534947,0.5436205
1084,0.16238004,0.3262714,0.0024822769,0.026355354,0.100878626
1085,0.08961382,0.3192275,0.004591684,0.16559312,0.6274948
1086,0.47297254,0.09585608,0.00078241405,0.13986565,0.21535076
1087,0.49574673,0.24508502,0.0007069056,0.18330106,0.17895588
1088,0.50900173,0.3944925,0.0015731122,0.07463504,0.059210252
1089,0.23563564,0.41040182,0.017917344,0.105948284,0.21157968
1090,0.14730969,0.16599831,0.0017140384,0.05033063,0.079638734
1091,0.11397347,0.06348236,0.00027803096,0.03963884,0.45622808
1092,0.65555656,0.6687721,0.011732464,0.1284158,0.542318
1093,0.54210585,0.52061814,0.0013511209,0.01802074,0.3090237
1094,0.4962941,0.12485182,0.0022083889,0.026155617,0.25795195
1095,0.2705766,0.07185127,0.0074317735,0.07654563,0.1859472
1096,0.15934819,0.8020909,0.00038747612,0.2914848,0.49110508
1097,0.33567742,0.21109138,0.0019723359,0.12262825,0.09807933
1098,0.35365137,0.12776141,0.001032231,0.07696084,0.5160925
1099,0.4463137,0.017917344,0.002621441,0.12043882,0.111627996
1100,0.19012183,0.11417085,0.0009146137,0.14755519,0.051749542
1101,0.094176665,0.27086577,0.0015247863,0.09534947,0.32799107
1102,0.047161866,0.09721884,0.002822833,0.17314835,0.47726482
1103,0.049497053,0.064653486,0.00024156629,0.024563087,0.08616956
1104,0.13307686,0.11104825,0.002621441,0.12581532,0.18742996
1105,0.053206205,0.08993301,0.0017683518,0.08195955,0.06644793
1106,0.062103126,0.43572143,0.0016743992,0.03044435,0.09619517
1107,0.20561503,0.17738296,0.013376604,0.0054269433,0.41762772
1108,0.05291181,0.282493,0.06941547,0.0024249144,0.31027624
1109,0.02297737,0.22185606,0.036493767,0.0016229671,0.5264645
1110,0.1046602,0.6148566,0.041462272,0.0017752605,0.04185213
1111,0.08344117,0.38885006,0.016979992,0.003197487,0.18286288
1112,0.18565173,0.49120423,0.0070664007,0.0041019293,0.24490438
1113,0.2168396,0.20705435,0.0054692747,0.0006641048,0.16465074
1114,0.110855594,0.20866227,0.0058199596,0.0012160416,0.26626188
1115,0.08570928,0.75689703,0.016029147,0.0006142272,0.29665425
1116,0.058453243,0.20450072,0.011823394,0.00089344557,0.5979014
1117,0.021864556,0.2354598,0.07978202,0.0025409926,0.07682221
1118,0.025565214,0.17610413,0.030100338,0.0028118587,0.28846887
1119,0.03567855,0.17078441,0.02947941,0.00042223287,0.29108164
1120,0.02727267,0.32498476,0.03321117,0.0006589401,0.052618954
1121,0.253861,0.0894546,0.03296124,0.0009547317,0.03541073
1122,0.09334688,0.3981139,0.012970386,0.0008899655,0.16304526
1123,0.17938675,0.11777492,0.054903854,0.0036358088,0.13500383
1124,0.05165378,0.0705596,0.050611433,0.0017409837,0.4088667
1125,0.04560694,0.02470387,0.0051196762,0.0063883206,0.615839
1126,0.09057447,0.18271701,0.039121646,0.0035380863,0.5235269
1127,0.084191084,0.0019494022,0.00307537,0.0057749297,0.1437878
1128,0.0017073674,0.12210387,0.007665875,0.005685907,0.6028217
1129,0.0015548134,0.021409769,0.008881675,0.004810983,0.37011155
1130,0.0037800956,0.075995214,0.04858621,0.004314688,0.14163722
1131,0.0087791085,0.1425897,0.027169233,0.003260346,0.4716795
1132,0.0023781238,0.08079154,0.021165619,0.0025311112,0.42805406
1133,0.0021489493,0.0930168,0.083740406,0.00075540564,0.23318209
1134,0.0012693645,0.038683496,0.007937994,0.008813166,0.42829317
1135,0.0008328334,0.077937685,0.02120612,0.0006538155,0.22644134
1136,0.0028671585,0.02132808,0.019719128,0.022542967,0.33884242
1137,0.00017952797,0.04304285,0.0139557095,0.0013777326,0.11656274
1138,0.0017140384,0.120542295,0.03155902,0.0003393018,0.19193278
1139,0.0030873695,0.12506539,0.014728614,0.0022872277,0.265309
1140,0.0056638657,0.04594821,0.028870907,0.006289902,0.38404548
1141,0.0018315102,0.13386749,0.016152835,0.001294368,0.0567569
1142,0.0017477857,0.11397347,0.004054334,0.002157342,0.09568694
1143,0.0017342081,0.041695766,0.061536737,0.003839395,0.42530686
1144,0.0032476764,0.37731123,0.022672439,0.0068771075,0.05419873
1145,0.0001896174,0.083740406,0.010652511,0.0008796062,0.24926445
1146,0.0015792594,0.04320404,0.018689308,0.00305151,0.14669742
1147,0.0011972112,0.076683804,0.036838703,0.0011030267,0.068537496
1148,0.00084924564,0.0034030052,0.014009566,0.002800927,0.025613915
1149,0.001957017,0.02199022,0.0107767265,0.00072365726,0.20673385
1150,0.0017007225,0.0058653383,0.01844021,0.10989668,0.26588047
1151,0.0012545944,0.00021152887,0.03044435,0.069541745,0.09859886
1152,0.00058840885,0.0014381354,0.03882902,0.02428387,0.09186979
1153,0.00041406954,0.00040924744,0.00268344,0.099120855,0.058560826
1154,0.0033766122,0.0009966077,0.018511046,0.008985429,0.027585283
1155,0.0049245106,0.00011235328,0.11299101,0.011244561,0.035880696
1156,0.022542967,0.004150081,0.18862271,0.0031236487,0.16885695
1157,0.0018895386,0.0006798429,0.049589027,0.0063883206,0.2925953
1158,0.0031480708,0.0027362213,0.07423137,0.031678624,0.21617697
1159,0.0015247863,0.0011925492,0.005448068,0.032774985,0.17189364
1160,0.0007379196,0.0040860027,0.0610871,0.01243165,0.05300977
1161,0.0012351678,0.017917344,0.071202725,0.01798621,0.10158945
1162,0.0060269516,0.0010484692,0.04038907,0.084795415,0.22118242
1163,0.00078547397,0.006666932,0.02964751,0.049681153,0.047691282
1164,0.0006538155,0.0012893283,0.048767094,0.13477592,0.040464837
1165,0.0003459916,0.0002959571,0.012821214,0.111821815,0.24725968
1166,0.00029827765,0.0009735438,0.10650459,0.028870907,0.3246635
1167,0.0021997981,0.002800927,0.0054059005,0.062331032,0.13822897
1168,0.0019267347,0.0015188508,0.061649624,0.0024060889,0.04995852
1169,0.0012255674,0.0034162789,0.02479816,0.037467506,0.06669065
1170,0.0069306716,0.0013458604,0.12863456,0.009936419,0.061424043
1171,0.0028560124,0.0023688741,0.079638734,0.0060035964,0.06359858
1172,0.0010691263,0.0006142272,0.2982869,0.02178117,0.104294725
1173,0.0033634927,0.00014202365,0.09687654,0.024099445,0.09894659
1174,0.003235056,0.0014607495,0.011244561,0.0154839875,0.091544405
1175,0.0018102111,0.0011925492,0.11008789,0.032713123,0.048948623
1176,0.04858621,0.008412978,0.08093671,0.02076474,0.0017752605
1177,0.023065226,0.0030873695,0.12918286,0.040845715,0.0010525686
1178,0.05232763,0.0019418169,0.11716747,0.045015533,0.0018895386
1179,0.050893717,0.005040703,0.18155324,0.01665704,0.0027683855
1180,0.09268778,0.0015731122,0.31268474,0.14755519,0.0021322616
1181,0.06348236,0.002800927,0.046551272,0.05834584,0.003004343
1182,0.003692853,0.0019267347,0.019870713,0.054600604,0.0013993983
1183,0.040162586,0.0021157034,0.02096424,0.14584377,0.00013552078
1184,0.029090757,0.00809329,0.16411418,0.09807933,0.0006798429
1185,0.0067975316,0.0014895174,0.056652427,0.05399884,0.0011604197
1186,0.023689471,0.0021157034,0.11066323,0.038756195,0.0012743262
1187,0.015663648,0.0004339325,0.03149938,0.031439852,0.0065642493
1188,0.02132808,0.0012303583,0.0824015,0.0073173973,0.0015247863
1189,0.053206205,0.0026419468,0.309754,0.067546695,0.0060269516
1190,0.036908064,0.0006337125,0.023286305,0.0038844766,0.011244561
1191,0.007606672,0.0007793661,0.023779983,0.008813166,0.0008525666
1192,0.014281933,0.00022341637,0.059646938,0.13591877,0.002434382
1193,0.012771867,0.040999025,0.12830654,0.2193375,0.00044945232
1194,0.064771704,0.026810195,0.06512755,0.11716747,0.0032730652
1195,0.062331032,0.036700353,0.06979492,0.0140636265,0.002463007
1196,0.06418265,0.00189692,0.04061678,0.08181271,0.002693914
1197,0.037047166,0.04038907,0.022889841,0.0065388246,0.001507049
1198,0.023962023,0.06430005,0.0586686,0.100878626,0.0018895386
1199,0.02479816,0.029591374,0.10302442,0.011115014,0.001284308
1200,0.06394842,0.05738754,0.030792167,0.1447523,0.0027900378
1201,0.020410309,0.03314852,0.050893717,0.08616956,0.0032224844
1202,0.009559399,0.020023443,0.076407686,0.12538631,0.0017207355
1203,0.03038675,0.14282866,0.04569203,0.02854415,0.0002758679
1204,0.025760558,0.025957357,0.0038996208,0.104294725,0.00043563012
1205,0.064535476,0.035012625,0.028167473,0.2168396,0.00012830943
1206,0.010860331,0.01243165,0.0036642202,0.058131598,0.00069867563
1207,0.026912304,0.046378206,0.05592617,0.12984344,0.0007350449
1208,0.054802597,0.022672439,0.010248602,0.052618954,0.0016941031
1209,0.014672035,0.25219983,0.058238626,0.056652427,0.008577486
1210,0.0060269516,0.12527926,0.042882238,0.013171949,0.0028118587
1211,0.010368157,0.021656677,0.04569203,0.02508314,0.0022518474
1212,0.015247591,0.036838703,0.5300845,0.006097562,0.006903838
1213,0.00698465,0.24653335,0.7558173,0.05232763,0.0040701376
1214,0.02763772,0.02865267,0.7433543,0.062445287,0.0028560124
1215,0.018725162,0.018689308,0.7180016,0.014842416,0.0017961492
1216,0.070816204,0.18907149,0.84959716,0.004792317,0.007815889
1217,0.009708476,0.031261913,0.6080124,0.017045317,0.0045208177
1218,0.012673736,0.04352814,0.6658453,0.056966383,0.011508149
1219,0.03371654,0.03442355,0.7574357,0.05399884,0.0011513996
1220,0.017442483,0.0121471705,0.51691556,0.17809659,0.0016809418
1221,0.025711587,0.068040416,0.6694208,0.0070664007,0.0023688741
1222,0.05379964,0.16735472,0.66823107,0.06524657,0.0022783307
1223,0.03594832,0.017442483,0.4431485,0.11496336,0.0014325366
1224,0.019087434,0.037750274,0.46468902,0.010818449,0.0019267347
1225,0.026861202,0.019832712,0.2600135,0.03061778,0.002570868
1226,0.021739595,0.057176597,0.41111088,0.07821887,0.00018667821
1227,0.16317856,0.03904829,0.6508002,0.16198196,0.0008328334
1228,0.04352814,0.035078675,0.59496313,0.056652427,0.0009927262
1229,0.0433658,0.05520869,0.7577944,0.14523655,0.00041245588
1230,0.08359067,0.007665875,0.5687751,0.2991052,0.0065897717
1231,0.12624557,0.03191915,0.5936093,0.00685048,0.029760094
1232,0.01778039,0.025274897,0.6199316,0.10762492,0.02096424
1233,0.027117657,0.057176597,0.8217605,0.08064661,0.01584536
1234,0.099996306,0.09401018,0.81699115,0.4833436,0.03890198
1235,0.16277891,0.0057525453,0.67779404,0.38554814,0.1859472
1236,0.017509557,0.04560694,0.6046324,0.7629543,0.0262553
1237,0.008061991,0.019568674,0.7025301,0.8025555,0.018869255
1238,0.07504072,0.026455775,0.59643316,0.702938,0.012920474
1239,0.07765744,0.1884733,0.5730215,0.5133483,0.08079154
1240,0.051462766,0.055412795,0.71042746,0.7237002,0.051177494
1241,0.08819004,0.1877276,0.70069003,0.7435406,0.032283258
1242,0.12624557,0.28467542,0.6623598,0.7468782,0.06359858
1243,0.03327394,0.013428255,0.7767923,0.6119039,0.08464396
1244,0.05561761,0.15431228,0.3407045,0.66909647,0.02132808
1245,0.07558479,0.007289077,0.7759446,0.24617071,0.011463798
1246,0.011869121,0.0067975316,0.5758266,0.34466398,0.010248602
1247,0.072374016,0.046205748,0.4905102,0.58231294,0.09451043
1248,0.021165619,0.034100424,0.29451925,0.5858122,0.017644463
1249,0.08269734,0.01798621,0.5390742,0.36026397,0.017375665
1250,0.021615332,0.050893717,0.661267,0.7601169,0.01572399
1251,0.13534632,0.09704756,0.45950055,0.5161077,0.16776334
1252,0.042882238,0.08882029,0.34897783,0.7685595,0.021532876
1253,0.099120855,0.13580412,0.83999664,0.36105207,0.31299964
1254,0.05592617,0.06198946,0.6423203,0.78099674,0.020332353
1255,0.06766981,0.022032265,0.6744794,0.74576885,0.007489625
1256,0.020215968,0.06730107,0.5378304,0.7761143,0.015603535
1257,0.039342504,0.19868536,0.7498207,0.70578504,0.01572399
1258,0.026861202,0.03179867,0.78133065,0.7371582,0.02763772
1259,0.076407686,0.019606182,0.5236335,0.74706274,0.012383785
1260,0.042166542,0.0493136,0.91700584,0.5895392,0.15115306
1261,0.03890198,0.05340333,0.19790912,0.47980833,0.19329962
1262,0.06548521,0.031738594,0.35835305,0.77390057,0.014728614
1263,0.41010642,0.076683804,0.6137576,0.27270192,0.007785655
1264,0.0140636265,0.030967517,0.62977463,0.5918412,0.007725534
1265,0.025565214,0.036838703,0.5134474,0.70942193,0.030214587
1266,0.047780067,0.11992252,0.6166473,0.3457677,0.020606475
1267,0.03594832,0.08137364,0.79597545,0.43320197,0.01243165
1268,0.016466174,0.101767845,0.74853617,0.6841585,0.021287354
1269,0.07558479,0.007695647,0.3357863,0.46894264,0.07043161
1270,0.03594832,0.14547919,0.59472775,0.1187934,0.19375686
1271,0.13974822,0.0658447,0.47463113,0.6448963,0.02784845
1272,0.04903962,0.046033904,0.7558173,0.55184543,0.061649624
1273,0.26114246,0.14706452,0.566738,0.4844487,0.12527926
1274,0.26284185,0.110855594,0.50447834,0.55504334,0.14792407
1275,0.054298937,0.027117657,0.82768893,0.24346252,0.037963696
1276,0.0527164,0.010288301,0.40574303,0.52570367,0.023197627
1277,0.019308086,0.02178117,0.45504722,0.7192851,0.027014792
1278,0.042722195,0.04822634,0.35131106,0.8020909,0.05051767
1279,0.1362632,0.013689478,0.47251612,0.7774689,0.05165378
1280,0.054098696,0.091220066,0.8969756,0.58296597,0.023916386
1281,0.11797801,0.7900447,0.5004084,0.7818308,0.031084951
1282,0.012194132,0.6659539,0.24346252,0.41424707,0.24131057
1283,0.23458195,0.3709087,0.5298564,0.5082543,0.02136889
1284,0.047602657,0.6722241,0.30074558,0.4046839,0.014009566
1285,0.036493767,0.389953,0.58326274,0.28140563,0.09894659
1286,0.059646938,0.9019207,0.085403666,0.59625685,0.05005131
1287,0.017576884,0.38150755,0.29920757,0.11516222,0.16913125
1288,0.023464657,0.5481898,0.4039195,0.4884588,0.09534947
1289,0.064065434,0.48450202,0.8112278,0.43488124,0.0089161275
1290,0.041539967,0.29098085,0.6313671,0.69368047,0.014785407
1291,0.051749542,0.5823723,0.8103289,0.4400481,0.023241926
1292,0.10212548,0.6467949,0.5395595,0.6011839,0.08359067
1293,0.008881675,0.62079406,0.3625177,0.43953684,0.054098696
1294,0.45843962,0.43488124,0.4773562,0.80609053,0.39012724
1295,0.47661006,0.55157375,0.5676969,0.8840393,0.21535076
1296,0.6280653,0.2773751,0.65401137,0.7322091,0.1447523
1297,0.43512127,0.744842,0.3474264,0.601535,0.02211659
1298,0.9159594,0.5216844,0.72496766,0.45689437,0.038466193
1299,0.79755676,0.41982633,0.2429233,0.54537654,0.031858854
1300,0.6105696,0.6121358,0.79565805,0.60533255,0.02920129
1301,0.70426184,0.51677835,0.8221891,0.64131004,0.02132808
1302,0.6977119,0.51755565,0.8288003,0.38827002,0.026759284
1303,0.5930791,0.6577583,0.4366821,0.37978083,0.07250525
1304,0.5730215,0.84273374,0.73278314,0.29624692,0.047602657
1305,0.6186652,0.3965939,0.53212124,0.14990433,0.15804437
1306,0.744842,0.3746763,0.52660143,0.14366761,0.075995214
1307,0.26779094,0.8844391,0.62738067,0.45562246,0.030329255
1308,0.23669262,0.6993571,0.48627052,0.31341976,0.04509957
1309,0.29279748,0.60305554,0.4967461,0.5997196,0.06669065
1310,0.09859886,0.6263527,0.7401744,0.8472108,0.0434469
1311,0.52880716,0.722527,0.57110894,0.40497798,0.055412795
1312,0.6917057,0.7212526,0.9250947,0.4649016,0.11818139
1313,0.51309663,0.72026986,0.8327813,0.8554893,0.049681153
1314,0.5570925,0.654674,0.4330222,0.72700745,0.07751766
1315,0.5934915,0.46511415,0.2354598,0.535645,0.14010079
1316,0.63635314,0.5392259,0.7498207,0.50935256,0.017442483
1317,0.58693725,0.7276853,0.2726051,0.7304822,0.08570928
1318,0.7940658,0.6680145,0.5210142,0.6800292,0.2148561
1319,0.81888163,0.6028217,0.0007613258,0.70831347,0.0154839875
1320,0.73545164,0.75328517,0.00021318757,0.8454327,0.014172367
1321,0.77662295,0.6361271,0.00038147115,0.504753,0.014785407
1322,0.71412987,0.70456684,0.000493605,0.4862248,0.12002562
1323,0.6356749,0.4056253,0.00034196206,0.5183481,0.14175598
1324,0.6854233,0.42006418,0.00017952797,0.65068924,0.06489012
1325,0.66137636,0.6607199,7.543321e-05,0.15700756,0.10248422
1326,0.22592856,0.8286616,0.0010282109,0.54782695,0.5181195
1327,0.5159248,0.38751647,0.0006487308,0.5768996,0.9382373
1328,0.52961314,0.7331653,0.0008231386,0.5232681,0.6886778
1329,0.31132215,0.19651763,0.0025409926,0.563438,0.8372211
1330,0.45356438,0.8146434,0.0007014083,0.74632394,0.3436721
1331,0.6724393,0.3296075,0.0017274586,0.67896587,0.56559867
1332,0.61323655,0.5535958,0.001012286,0.35767972,0.5444381
1333,0.33252713,0.7540105,0.0003077431,0.4486376,0.595669
1334,0.49838927,0.5998368,0.0014325366,0.5922539,0.45141718
1335,0.3629692,0.5811842,0.0017073674,0.6213112,0.8143483
1336,0.4752248,0.4565612,0.00046371284,0.17370832,0.84581506
1337,0.42101613,0.5476153,0.0033634927,0.7401744,0.46979392
1338,0.7704648,0.5553448,0.0027900378,0.5799952,0.4813624
1339,0.51231897,0.3339375,0.0013564017,0.41454327,0.45610696
1340,0.6493563,0.73696893,0.002217013,0.47449422,0.64310515
1341,0.87147486,0.7222333,0.0005152657,0.53370124,0.59060216
1342,0.6354487,0.5258102,0.0027255826,0.5144003,0.2617081
1343,0.74706274,0.8967949,0.00025315638,0.2762998,0.82893884
1344,0.7602949,0.40709767,0.0006000072,0.34964374,0.82275945
1345,0.8708172,0.60917544,0.0010362669,0.45371565,0.2485342
1346,0.59760785,0.6425446,0.0015367271,0.0015188508,0.37319025
1347,0.38410324,0.4991026,0.00049168157,0.0014721896,0.6541219
1348,0.52276564,0.54162097,0.0003487043,0.0008328334,0.7512834
1349,0.76100606,0.5112362,0.00072648755,0.00035143827,0.3545448
1350,0.7567173,0.2656899,0.0008263576,0.0011925492,0.3782294
1351,0.39647704,0.6434414,0.00015598028,0.0013250224,0.10411242
1352,0.5929023,0.34334174,0.0005614788,0.001455063,0.70466846
1353,0.5431056,0.46842587,0.0001673405,0.0022872277,0.32241932
1354,0.82104415,0.3165805,0.00024536948,0.003750789,0.48814616
1355,0.68605465,0.258326,0.0154839875,0.0025311112,0.5001956
1356,0.2941136,0.41223437,0.027585283,0.00032503586,0.6288634
1357,0.7821637,0.2555294,0.0029579026,0.00069867563,0.47612292
1358,0.6255525,0.7505527,0.007695647,0.0002082501,0.57648236
1359,0.44990614,0.100172214,0.0016678823,0.0005442133,0.20450072
1360,0.2641685,0.52789456,0.020884218,0.00047285444,0.8958876
1361,0.41359556,0.39887464,0.019643761,0.00079783343,0.7801604
1362,0.67329913,0.28917092,0.023197627,0.0013617034,0.6257812
1363,0.8338664,0.7237002,0.0072608665,0.0009622126,0.52253723
1364,0.85427785,0.5243186,0.011288074,0.0010282109,0.8327813
1365,0.9335521,0.34665188,0.028598359,0.001107339,0.2881683
1366,0.7251623,0.4112291,0.0036358088,0.0005953407,0.1668111
1367,0.6512439,0.5742157,0.06348236,9.387641e-05,0.3697701
1368,0.7483523,0.5477665,0.010902374,0.0024154831,0.32402146
1369,0.23722234,0.12852514,0.008511303,0.0013564017,0.27923846
1370,0.2596379,0.5801737,0.016403032,0.00058611616,0.6173396
1371,0.62406445,0.50172234,0.01155267,0.006338922,0.5926077
1372,0.3987576,0.35611072,0.01812472,0.0035380863,0.8047131
1373,0.5186224,0.51665646,0.0140636265,0.0012399962,0.57910293
1374,0.25293726,0.8728902,0.0069576087,0.0058199596,0.7879312
1375,0.5503053,0.53044933,0.011777843,0.00059071044,0.4793818
1376,0.56685793,0.7324005,0.009559399,0.00048029725,0.2232077
1377,0.45102423,0.39059204,0.011244561,0.0005703157,0.54337823
1378,0.25275275,0.8059378,0.056966383,0.00020027377,0.6979178
1379,0.685002,0.37754068,0.012970386,0.00040133507,0.6303436
1380,0.7235049,0.46809152,0.0073743653,0.0043994132,0.677474
1381,0.47959507,0.3421318,0.006903838,0.0006386796,0.19775414
1382,0.28467542,0.45659146,0.031321116,0.000113234375,0.6614857
1383,0.63815904,0.879043,0.035611413,0.00022341637,0.52867025
1384,0.69699055,0.891811,0.04922211,0.00015843622,0.76646847
1385,0.5109312,0.81405276,0.029816542,0.0012303583,0.6589664
1386,0.53722346,0.4242927,0.0027791904,0.00057929166,0.62452257
1387,0.80837,0.581719,0.046638038,0.0008459375,0.47215107
1388,0.3562227,0.73392886,0.0025409926,0.01798621,0.5981361
1389,0.4613808,0.22253112,0.018941708,0.07490528,0.35465658
1390,0.6646491,0.5314526,0.015130728,0.14596547,0.43950677
1391,0.37501955,0.5805304,0.01802074,0.045522004,0.81757444
1392,0.6515766,0.465266,0.054098696,0.026506126,0.7399865
1393,0.57128835,0.6959583,0.0362883,0.014785407,0.9094255
1394,0.42817363,0.7833262,0.01778039,0.010368157,0.5429844
1395,0.4201832,0.66006285,0.0034698907,0.026861202,0.50226784
1396,0.7248703,0.00094361923,0.032100707,0.028816197,0.54734313
1397,0.5180128,0.00079783343,0.09756223,0.01001357,0.72389543
1398,0.6773673,0.0012255674,0.046638038,0.0038543637,0.258326
1399,0.5029735,0.00109019,0.002387409,0.008610767,0.39711982
1400,0.5675172,0.0007947255,0.02076474,0.02199022,0.20291664
1401,0.44896984,0.0002824081,0.069668226,0.011288074,0.6173973
1402,0.62016165,0.00096975197,0.05232763,0.03971326,0.35465658
1403,0.7472472,0.00053161324,0.008219693,0.04560694,0.4945109
1404,0.57110894,0.0009547317,0.10818896,0.013902059,0.7864589
1405,0.38035607,0.0013250224,0.09568694,0.008881675,0.7643643
1406,0.5571527,0.0034030052,0.19759925,0.015014749,0.6959583
1407,0.6312534,0.00035697065,0.021739595,0.01107216,0.891811
1408,0.18609506,0.0014048677,0.05561761,0.034749623,0.42829317
1409,0.6771539,0.0021657674,0.06394842,0.017917344,0.42036164
1410,0.22575782,0.0020111583,0.09041373,0.019419348,0.6266955
1411,0.100878626,0.0009110512,0.27688602,0.04369106,0.8763172
1412,0.8136089,0.0003982131,0.014117893,0.030559862,0.7890712
1413,0.5696133,0.00030061635,0.043609526,0.005598249,0.34015632
1414,0.59296125,0.00029827765,0.04369106,0.032222297,0.57349926
1415,0.6117879,0.0013885233,0.049130786,0.0035380863,0.7329743
1416,0.7735587,0.00042058743,0.0586686,0.18403316,0.51630586
1417,0.45986435,0.0025509123,0.02970375,0.008315778,0.80654806
1418,0.5431662,0.00024536948,0.29017562,0.0036642202,0.629433
1419,0.7300975,0.005598249,0.15649123,0.0042812545,0.83761996
1420,0.69688743,0.0006337125,0.04248321,0.0228462,0.17412923
1421,0.5801142,0.002157342,0.040845715,0.0027791904,0.5868188
1422,0.0020911063,0.0008459375,0.05592617,0.0053640567,0.7776378
1423,0.00042058743,0.00078241405,0.041695766,0.047691282,0.56505877
1424,0.000932636,0.00013765463,0.02508314,0.0058653383,0.46044055
1425,0.0017477857,0.0001823546,0.092196204,0.053601142,0.5343695
1426,0.00020502214,0.0005747862,0.061424043,0.008985429,0.68637
1427,0.0008864989,0.00075540564,0.019308086,0.06348236,0.28907055
1428,0.002673006,0.00028910325,0.13811268,0.0658447,0.61952883
1429,0.0013777326,0.0009362828,0.018089995,0.051177494,0.2622746
1430,0.0020269002,0.0004583129,0.12732674,0.046638038,0.9001793
1431,0.0004840624,0.00010554686,0.036220055,0.0028560124,0.734691
1432,0.0008263576,0.0011291547,0.031738594,0.0020829707,0.3454364
1433,0.0017073674,0.0011740822,0.059537485,0.010693758,0.49359167
1434,0.0006641048,0.0009622126,0.047337715,0.007289077,0.4167373
1435,0.00020342697,0.0004322415,0.08977328,0.03581319,0.56799656
1436,0.0003473453,0.0013147246,0.007636216,0.01685008,0.6221725
1437,0.0007408056,0.00095101306,0.0030873695,0.0567569,0.44236547
1438,0.0006615174,0.0002082501,0.032836955,0.032713123,0.5298564
1439,0.00038747612,0.0016613906,0.9670388,0.016152835,0.5980775
1440,0.0020111583,0.0008559007,0.9701269,0.017644463,0.38369903
1441,8.2846556e-05,0.0017342081,0.9832145,0.037256766,0.48015878
1442,0.002472623,0.0016166499,0.9929061,0.0043994132,0.27076936
1443,0.00036543285,0.07030385,0.97267544,0.08050192,0.0013670257
1444,0.000628784,0.07329728,0.98105836,0.03302355,0.0018102111
1445,0.002157342,0.022889841,0.99666256,0.073164724,0.002472623
1446,0.0006615174,0.0068239546,0.9720986,0.022759154,0.0018602987
1447,0.0005747862,0.07765744,0.99108386,0.075858176,0.005240449
1448,0.0016549242,0.004133968,0.94122344,0.095518075,0.0013939502
1449,0.0020911063,0.022286186,0.98173577,0.05300977,0.00053578056
1450,0.0057974015,0.0057974015,0.9749646,0.05379964,0.00046371284
1451,0.002019014,0.030733928,0.9923638,0.060086653,0.00024923251
1452,0.0011469158,0.011419615,0.9641868,0.13240233,0.0036076165
1453,0.0006959537,0.047869004,0.96267307,0.05399884,0.0003597694
1454,0.00090750254,0.0027255826,0.9341553,0.18025091,5.3491327e-05
1455,0.004331502,0.049130786,0.97958976,0.17231108,0.00035697065
1456,0.00498227,0.037397135,0.93220687,0.17441027,0.0017207355
1457,0.0011649561,0.028490042,0.9905874,0.045015533,0.0003473453
1458,0.00078241405,0.012053779,0.8665848,0.058024745,0.00022341637
1459,0.0005274784,0.0068771075,0.92007446,0.13307686,0.0012065897
1460,0.0008167381,0.0228462,0.767167,0.041230027,0.0007096704
1461,0.0003726377,0.037467506,0.9718326,0.044680867,0.00059071044
1462,0.0042812545,0.18198898,0.87546796,0.010860331,0.0017140384
1463,0.0017546144,0.0031603526,0.97962874,0.019493872,0.0001535624
1464,0.00089693937,0.022328783,0.9744834,0.031084951,0.00024536948
1465,0.0014664583,0.007204769,0.9073123,0.05014425,0.00046371284
1466,0.00013238186,0.0067188703,0.8697146,0.008315778,4.4001186e-05
1467,0.0038543637,0.003135836,0.9716717,0.026405517,0.0005274784
1468,0.00053578056,0.01243165,0.93367314,0.043609526,0.00027803096
1469,0.001455063,0.013376604,0.97272736,0.0071491017,0.0001535624
1470,0.00091819005,0.012673736,0.9868787,0.02784845,0.00023050673
1471,0.00047470425,0.009596455,0.9691495,0.04995852,0.0015247863
1472,0.00059302105,0.03234433,0.9566342,0.10123348,8.957789e-05
1473,0.07423137,0.006265534,0.9753431,0.0262553,0.00033535014
1474,0.013428255,0.015014749,0.9840936,0.072374016,0.0032730652
1475,0.004792317,0.02297737,0.98235554,0.008711385,0.002822833
1476,0.019345105,0.064771704,0.9619649,0.07369627,0.00029137006
1477,0.016340127,0.02136889,0.88018054,0.011687257,0.00020027377
1478,0.018511046,0.019456575,0.9791158,0.022243667,0.0010649627
1479,0.004166256,0.020527788,0.98314995,0.048405956,6.761842e-05
1480,0.114566505,0.025711587,0.97414124,0.15405756,0.00049168157
1481,0.017309096,0.022243667,0.98201376,0.06548521,0.00035557945
1482,0.016090874,0.037750274,0.9845754,0.9723097,9.09884e-05
1483,0.05033063,0.20593424,0.98054343,0.98521465,0.00062389387
1484,0.022933565,0.15804437,0.9839708,0.92879725,0.0006538155
1485,0.034684174,0.18742996,0.93071055,0.96329963,0.00047842565
1486,0.017917344,0.039416388,0.82824534,0.9519527,0.0008761799
1487,0.0140636265,0.02237146,0.98646784,0.98486924,0.00022693386
1488,0.04185213,0.020061802,0.9478657,0.9714559,5.6497935e-05
1489,0.016529556,0.07544843,0.9434519,0.81815636,0.00010889691
1490,0.048047356,0.08740792,0.9869795,0.9906961,0.00038747612
1491,0.006265534,0.1603975,0.98445636,0.96498734,0.00046190585
1492,0.021698097,0.11496336,0.9890131,0.8726732,0.00015720345
1493,0.011777843,0.21157968,0.96472245,0.93686515,0.00013032975
1494,0.010693758,0.0065134983,0.9263037,0.98986953,0.031678624
1495,0.037538007,0.0038844766,0.96989965,0.91715443,0.016340127
1496,0.016593177,0.032774985,0.96814114,0.89823216,0.07303239
1497,0.01678549,0.15908672,0.9524858,0.96891505,0.010091316
1498,0.011823394,0.022672439,0.97706646,0.9737447,0.02784845
1499,0.013532149,0.063366346,0.97903574,0.9267028,0.033652965
1500,0.0057974015,0.057599206,0.9817707,0.94649786,0.012673736
1501,0.026810195,0.025226826,0.9849274,0.96102494,0.012970386
1502,0.011029471,0.068787284,0.91321325,0.9164094,0.063366346
1503,0.011419615,0.008985429,0.96253246,0.96210754,0.019087434
1504,0.041230027,0.051845465,0.9834705,0.98527133,0.02479816
1505,0.057599206,0.02870708,0.9662198,0.95679593,0.08064661
1506,0.010818449,0.022328783,0.9759464,0.9574373,0.03044435
1507,0.021739595,0.017375665,0.91490096,0.9451974,0.014392336
1508,0.009449081,0.056966383,0.9868281,0.9701835,0.027795624
1509,0.0085443305,0.0044857943,0.8406518,0.75292206,0.016979992
1510,0.004962942,0.026305279,0.9780517,0.98646784,0.20134172
1511,0.025130946,0.07477004,0.97788346,0.9780517,0.016593177
1512,0.008950711,0.46514452,0.9480585,0.9701835,0.0028560124
1513,0.02297737,0.083142914,0.8834373,0.9551521,0.009376237
1514,0.13834533,0.07978202,0.971779,0.9598375,0.015072629
1515,0.05232763,0.006413164,0.99029154,0.98662347,0.026912304
1516,0.14608724,0.013636836,0.9649213,0.95791227,0.007489625
1517,0.039564554,0.022586042,0.9583042,0.9012275,0.08021325
1518,0.0064882697,0.03308598,0.9443824,0.9587699,0.052521676
1519,0.027901376,0.02870708,0.9717254,0.9906238,0.015967654
1520,0.026155617,0.02970375,0.9293122,0.98840266,0.019271137
1521,0.043772742,0.03204008,0.8734309,0.9566342,0.0015731122
1522,0.0262553,0.04698664,0.97140163,0.98657167,0.009449081
1523,0.1183851,0.03534408,0.9672869,0.97986126,0.013428255
1524,0.024892801,0.13951357,0.93451476,0.9582261,0.0067712096
1525,0.034880888,0.16776334,0.91700584,0.9920002,0.03308598
1526,0.011869121,0.10951516,0.9881765,0.98141783,0.007093862
1527,0.0705596,0.009232215,0.9856076,0.98840266,0.0040860027
1528,0.08601588,0.27318642,0.9693242,0.97118384,0.0046818224
1529,0.015906392,0.04410091,0.9874236,0.9434519,0.006289902
1530,0.019456575,0.029367855,0.9422947,0.98141783,0.0033897832
1531,0.045862664,0.13477592,0.98771137,0.90312344,0.020100236
1532,0.024191486,0.092196204,0.97085404,0.9511422,0.012527932
1533,0.227641,0.05834584,0.90632194,0.9590777,0.024940254
1534,0.09704756,0.14104463,0.9486325,0.9565531,0.016529556
1535,0.02355433,0.03897507,0.98571813,0.9817707,0.054298937
1536,0.035477504,0.05232763,0.9341553,0.8962514,0.20008835
1537,0.033907957,0.91550726,0.94600123,0.7701192,0.06632687
1538,0.023286305,0.98780584,0.65235215,0.9783433,0.026205415
1539,0.031678624,0.98955137,0.9666631,0.94539934,0.0060035964
1540,0.034100424,0.9593071,0.7084144,0.9683812,0.08006927
1541,0.020371294,0.9498557,0.9672869,0.8500957,0.05572029
1542,0.03429395,0.96021223,0.96697646,0.9091032,0.012722708
1543,0.054499872,0.9798997,0.9320833,0.9589241,0.007695647
1544,0.04200906,0.98707944,0.9024378,0.85158294,0.056652427
1545,0.05470151,0.9394706,0.91730267,0.9494823,0.05281402
1546,0.030792167,0.9314625,0.8159669,0.9545628,0.076132484
1547,0.051845465,0.9701269,0.8568123,0.96498734,0.07751766
1548,0.065365784,0.9599126,0.93880075,0.936285,0.14891149
1549,0.044931643,0.9628132,0.92206234,0.9756698,0.15304215
1550,0.013376604,0.8393393,0.94386727,0.94165415,0.06608538
1551,0.047161866,0.7999117,0.98844737,0.9393595,0.08647765
1552,0.039937314,0.883236,0.9795506,0.91259205,0.035211135
1553,0.068537496,0.9656413,0.9549844,0.9314625,0.13916224
1554,0.998147,0.9242787,0.97339284,0.94176143,0.025957357
1555,0.99029154,0.8478418,0.9561454,0.98862445,0.01584536
1556,0.9888849,0.9273633,0.95961094,0.9700135,0.05531065
1557,0.97161794,0.9467938,0.95791227,0.9159594,0.1183851
1558,0.99253935,0.92709976,0.9737945,0.95159405,0.084191084
1559,0.9734938,0.77982527,0.990732,0.9888849,0.08299415
1560,0.9686789,0.9696707,0.82104415,0.9570375,0.01433703
1561,0.984516,0.77304506,0.95783347,0.98469365,0.019794779
1562,0.9884919,0.86545163,0.93257624,0.9874721,0.13614832
1563,0.98707944,0.90000373,0.9701835,0.89442116,0.022802636
1564,0.98549646,0.87439936,0.9901782,0.9846347,0.100172214
1565,0.9393595,0.9436599,0.9835338,0.95430803,0.15393034
1566,0.97074324,0.96102494,0.9328214,0.93546456,0.019419348
1567,0.9968273,0.93593454,0.86703575,0.92892635,0.012970386
1568,0.9890976,0.9772842,0.9861514,0.9503189,0.1161611
1569,0.9656413,0.9680808,0.9700703,0.9183339,0.14535783
1570,0.9841546,0.97344345,0.9851003,0.97134733,0.107812636
1571,0.9723622,0.9801673,0.9694401,0.93403506,0.04443143
1572,0.9405718,0.9694979,0.9696707,0.9774571,0.07978202
1573,0.9905874,0.9655115,0.97204566,0.9929061,0.0060269516
1574,0.92956835,0.89312315,0.97428846,0.9932025,0.93158704
1575,0.9717254,0.95735765,0.9643886,0.98951083,0.92495924
1576,0.9390248,0.7371582,0.9657707,0.9887988,0.94649786
1577,0.961171,0.9824905,0.9832145,0.9298237,0.9237301
1578,0.9382373,0.74316794,0.97458035,0.9964619,0.94957596
1579,0.98780584,0.7884203,0.97134733,0.954393,0.9181873
1580,0.9863105,0.87245613,0.96253246,0.96021223,0.98475236
1581,0.99298817,0.9019207,0.9765801,0.98421544,0.9769787
1582,0.9636434,0.90515476,0.9719393,0.82118756,0.93698055
1583,0.9570375,0.9799382,0.9851003,0.9383503,0.90105337
1584,0.9784259,0.95447797,0.9712385,0.71552336,0.9947187
1585,0.9285385,0.9348725,0.9631613,0.8646537,0.9443824
1586,0.9773276,0.9231778,0.99580115,0.8507168,0.9809125
1587,0.9549004,0.56385833,0.99444515,0.84117436,0.9312127
1588,0.97543687,0.97079873,0.99688846,0.90894175,0.91413754
1589,0.9928509,0.98427594,0.8838389,0.97107434,0.95430803
1590,0.99390244,0.91891783,0.9792749,0.96391606,0.91550726
1591,0.9753431,0.8964329,0.9916196,0.8958876,0.84606963
1592,0.98065484,0.9885804,0.962462,0.96672606,0.967163
1593,0.9859904,0.9458012,0.94767237,0.97462875,0.9094255
1594,0.9906961,0.57326037,0.9422947,0.702428,0.9522199
1595,0.99304235,0.98445636,0.9532751,0.9541374,0.9159594
1596,0.961678,0.98314995,0.8889517,0.86499614,0.98707944
1597,0.98427594,0.94966936,0.97112906,0.7152251,0.83467656
1598,0.99482024,0.9686196,0.97767127,0.9405718,0.9802808
1599,0.984516,0.9686789,0.78365755,0.98242307,0.8812066
1600,0.9224824,0.9621787,0.9739932,0.9027811,0.9091032
1601,0.97706646,0.9803562,0.952131,0.95814794,0.98646784
1602,0.9759464,0.91259205,0.9498557,0.9834705,0.98282325
1603,0.94154674,0.9250947,0.9628831,0.8708172,0.9593071
1604,0.91398406,0.97298527,0.94479126,0.98427594,0.9549004
1605,0.94218844,0.99174845,0.9683812,0.9772842,0.9859364
1606,0.9862046,0.9588471,0.9680205,0.9859364,0.99298817
1607,0.9716717,0.89982784,0.96544635,0.9792749,0.8344069
1608,0.98892784,0.9142907,0.110279374,0.98722816,0.91398406
1609,0.98282325,0.878627,0.729327,0.9879462,0.98314995
1610,0.9722044,0.96814114,0.47160345,0.92482364,0.947381
1611,0.9807288,0.85427785,0.45956117,0.9081302,0.9750598
1612,0.9839091,0.7913377,0.31142685,0.96267307,0.86938226
1613,0.985663,0.96771675,0.14330755,0.97246706,0.84389514
1614,0.9403531,0.9084556,0.10194652,0.9740426,0.9619649
1615,0.9784259,0.966028,0.24635197,0.9635062,0.9636434
1616,0.9759006,0.86385167,0.47557488,0.9683812,0.97262347
1617,0.9947595,0.9541374,0.06255973,0.7422349,0.9498557
1618,0.99343574,0.98926485,0.2260994,0.9822196,0.74853617
1619,0.9976949,0.9890131,0.24148938,0.9643886,0.7390459
1620,0.9959299,0.92590266,0.20008835,0.86048645,0.9789554
1621,0.9906961,0.96777767,0.16776334,0.805173,0.9694401
1622,0.8958876,0.8844391,0.21157968,0.9906961,0.9078038
1623,0.9761746,0.938124,0.43833435,0.96080494,0.9839091
1624,0.92495924,0.95565146,0.227641,0.9174507,0.84530497
1625,0.9876639,0.96741027,0.11899801,0.91505283,0.89715594
1626,0.97622,0.8554893,0.3309035,0.9853843,0.9803562
1627,0.98166555,0.86669767,0.078925885,0.99271095,0.9802808
1628,0.97891515,0.93913656,0.14282866,0.98588216,0.96080494
1629,0.9595352,0.9432431,0.13330235,0.9592307,0.85919183
1630,0.9813107,0.75976056,0.18639107,0.9670388,0.9430336
1631,0.99066,0.9015746,0.46247303,0.8394709,0.89823216
1632,0.98942953,0.72894126,0.05470151,0.98651993,0.9815244
1633,0.97986126,0.91891783,0.3687466,0.9230392,0.98262435
1634,0.9939964,0.9071478,0.17667161,0.94024336,0.96814114
1635,0.9874721,0.64768684,0.12043882,0.94261247,0.9885361
1636,0.9700703,0.9546474,0.025516603,0.97662467,0.79246426
1637,0.9839091,0.9537082,0.31226513,0.9003547,0.80486643
1638,0.9522199,0.91022676,0.1046602,0.8679338,0.8934954
1639,0.97090924,0.87048715,0.025035424,0.9719925,0.98588216
1640,0.91383046,0.98173577,0.17766815,0.9628132,0.8446654
1641,0.8326453,0.9588471,0.14804721,0.99528164,0.87873113
1642,0.98187524,0.9757161,0.10393038,0.97608364,0.91383046
1643,0.99025387,0.9814889,0.037538007,0.9785903,0.9339146
1644,0.9914225,0.9433476,0.14294825,0.967225,0.94957596
1645,0.9825575,0.99248135,0.19868536,0.9830851,0.9326989
1646,0.967225,0.9820826,0.33938956,0.97204566,0.95150405
1647,0.9972531,0.94417685,0.38150755,0.9540518,0.9579909
1648,0.966028,0.84376645,0.32906824,0.9680808,0.9814534
1649,0.98959166,0.97298527,0.12819736,0.9737945,0.93439513
1650,0.99671423,0.96544635,0.12126888,0.9634375,0.91700584
1651,0.98159516,0.95292586,0.05155819,0.83155376,0.8818186
1652,0.99712163,0.9859904,0.018475594,0.8716935,0.9658352
1653,0.9840936,0.92643696,0.10105592,0.9849274,0.9333094
1654,0.98582757,0.9771538,0.08181271,0.75635755,0.7073036
1655,0.975249,0.9285385,0.16559312,0.8533026,0.8908652
1656,0.9181873,0.9666002,0.06979492,0.16721867,0.8659059
1657,0.9747251,0.9874721,0.09534947,0.17455094,0.88602656
1658,0.8645393,0.9217811,0.1425897,0.20657375,0.8812066
1659,0.97724086,0.94468933,0.082549304,0.03327394,0.94417685
1660,0.9034647,0.9763105,0.15495056,0.1266771,0.95473194
1661,0.9563089,0.9920312,0.12158141,0.13511792,0.9691495
1662,0.9827572,0.93033177,0.13986565,0.13963085,0.89143354
1663,0.9645224,0.9783433,0.41638127,0.22101425,0.92827886
1664,0.93980294,0.91367656,0.15241033,0.013902059,0.9830851
1665,0.94261247,0.89478946,0.042166542,0.31573597,0.93880075
1666,0.98083925,0.9572778,0.16277891,0.15469499,0.9280184
1667,0.88363826,0.9639839,0.2705766,0.037047166,0.9341553
1668,0.9786719,0.95938325,0.14645308,0.06669065,0.84758973
1669,0.97788346,0.93880075,0.07878401,0.31341976,0.7866228
1670,0.9643886,0.93698055,0.31058982,0.20785716,0.97369474
1671,0.9566342,0.88582915,0.28706777,0.17370832,0.93593454
1672,0.98475236,0.8866169,0.5910153,0.12700157,0.8645393
1673,0.97923523,0.9549844,0.44043916,0.19421494,0.9688562
1674,0.8718026,0.9181873,0.03963884,0.06198946,0.86408126
1675,0.94699025,0.97792566,0.19360435,0.08122776,0.9216402
1676,0.9960083,0.83999664,0.100172214,0.18982129,0.9274948
1677,0.9747731,0.9241418,0.35588682,0.2338813,0.85573065
1678,0.96080494,0.80115914,0.15316878,0.057705317,0.8100285
1679,0.96697646,0.54210585,0.18535663,0.610047,0.89552265
1680,0.95783347,0.9819447,0.19775414,0.19852993,0.8716935
1681,0.98951083,0.77063745,0.043609526,0.1592174,0.89823216
1682,0.9961606,0.93071055,0.60556585,0.3037318,0.93732566
1683,0.97414124,0.9116528,0.31636927,0.071202725,0.8071568
1684,0.9434519,0.97052056,0.05686155,0.16981852,0.8410439
1685,0.99268264,0.9822196,0.26874945,0.08449275,0.9636434
1686,0.9756698,0.9480585,0.29350573,0.05899303,0.9281487
1687,0.8597815,0.9199307,0.061536737,0.1606607,0.92007446
1688,0.9853843,0.938124,0.30777398,0.3421318,0.89733595
1689,0.90000373,0.88038635,0.21983956,0.52774245,0.92892635
1690,0.98752034,0.95806944,0.100878626,0.6831025,0.9901782
1691,0.98187524,0.9360516,0.071073666,0.29088014,0.9882676
1692,0.98780584,0.91102153,0.3017734,0.039490405,0.9467938
1693,0.97887486,0.9433476,0.2441827,0.016340127,0.91212356
1694,0.9036349,0.9835338,0.11536139,0.15354916,0.8708172
1695,0.9751545,0.971564,0.16079243,0.17217185,0.9390248
1696,0.9619649,0.9695556,0.035144847,0.2656899,0.98083925
1697,0.98959166,0.8564525,0.12721828,0.32670093,0.9914887
1698,0.97324073,0.4451677,0.17078441,0.21783626,0.8576489
1699,0.97354424,0.24202643,0.046638038,0.21288584,0.95606345
1700,0.9789956,0.111627996,0.40268567,0.35131106,0.91715443
1701,0.97267544,0.24617071,0.12656909,0.3988161,0.89442116
1702,0.9840936,0.13352817,0.054903854,0.07978202,0.90174776
1703,0.9906961,0.35209036,0.111821815,0.41721213,0.97644573
1704,0.95679593,0.25146383,0.039416388,0.16518871,0.891811
1705,0.936285,0.09484524,0.022457052,0.39291906,0.9843364
1706,0.9610981,0.08694165,0.24908175,0.075858176,0.98588216
1707,0.9561454,0.07935289,0.030043371,0.19102567,0.7648916
1708,0.98986953,0.41632196,0.32552055,0.31605253,0.950503
1709,0.99580115,0.032651376,0.43230304,0.076683804,0.9570375
1710,0.9785493,0.16762705,0.07463504,0.30746198,0.90000373
1711,0.891811,0.018653521,0.08210663,0.3851434,0.98667485
1712,0.9608783,0.20545557,0.49549118,0.02727267,0.9184803
1713,0.7897206,0.43788362,0.10356715,0.11636177,0.97520185
1714,0.9159594,0.2654994,0.16079243,0.23405631,0.9480585
1715,0.95719784,0.36217928,0.1337543,0.04418332,0.9534488
1716,0.94796216,0.21535076,0.037326887,0.22135067,0.5252623
1717,0.98302,0.06348236,0.0913821,0.1561049,0.94966936
1718,0.9302051,0.15090263,0.019345105,0.19713514,0.9670388
1719,0.96795994,0.23686911,0.06669065,0.2630311,0.742048
1720,0.98667485,0.099996306,0.11656274,0.26284185,0.9145963
1721,0.98844737,0.02220123,0.14104463,0.16830945,0.9689738
1722,0.9238675,0.11221036,0.14547919,0.11299101,0.987375
1723,0.9750122,0.1991522,0.02211659,0.037608635,0.81960475
1724,0.97419035,0.4616235,0.06500873,0.037750274,0.9621787
1725,0.9828892,0.12389466,0.105948284,0.042087726,0.91505283
1726,0.97719735,0.15752527,0.14021848,0.12085322,0.6955449
1727,0.97510713,0.4656001,0.06301947,0.22490549,0.8868131
1728,0.9846347,0.41845924,0.4515381,0.055005286,0.921499
1729,0.9803186,0.39905027,0.22270013,0.26189688,0.7942254
1730,0.94639885,0.39682758,0.29088014,0.17231108,0.98625773
1731,0.33873305,0.32928386,0.15215817,0.2929997,0.9558166
1732,0.18330106,0.1852092,0.08882029,0.25460163,0.7496374
1733,0.6281794,0.32167307,0.002822833,0.18982129,0.9643886
1734,0.33971807,0.066934206,0.010248602,0.2024432,0.9622497
1735,0.16789974,0.24835184,0.009596455,0.058024745,0.97792566
1736,0.18579942,0.13341522,0.005080037,0.10230471,0.8076124
1737,0.23405631,0.124638565,0.0012255674,0.2260994,0.9683812
1738,0.047780067,0.08137364,0.0010859444,0.024845436,0.93108755
1739,0.09384396,0.20963143,0.0012793075,0.20577459,0.13834533
1740,0.063714996,0.090092994,0.0023504829,0.13161905,0.20721471
1741,0.045352582,0.038466193,0.0045032725,0.0721122,0.30652705
1742,0.057705317,0.060640547,0.004886375,0.19806418,0.08787644
1743,0.28517285,0.09351231,0.014672035,0.13477592,0.10302442
1744,0.21783626,0.2833846,0.004905406,0.38127714,0.08993301
1745,0.19406214,0.057918087,0.0070117954,0.2748377,0.2411318
1746,0.29808256,0.1261379,0.008251599,0.13318956,0.23074637
1747,0.24926445,0.208018,0.0014837189,0.21518578,0.084341794
1748,0.11516222,0.28477487,0.0069306716,0.06512755,0.09602549
1749,0.29158565,0.3896046,0.0011203773,0.23970512,0.2752271
1750,0.37891862,0.2630311,0.004297939,0.08586246,0.21750368
1751,0.3287449,0.061311536,0.0047183693,0.10743748,0.07779745
1752,0.32659352,0.16559312,0.012007351,0.33209375,0.11777492
1753,0.29645053,0.16721867,0.0018102111,0.06656919,0.3280987
1754,0.019870713,0.11104825,0.0019192374,0.039564554,0.23899394
1755,0.4005735,0.4330821,0.008156248,0.05155819,0.15674923
1756,0.37788498,0.4256649,0.010091316,0.13106197,0.38977876
1757,0.3408142,0.032774985,0.0028560124,0.031439852,0.22884515
1758,0.078078166,0.1584346,0.0045384318,0.23126681,0.29675615
1759,0.16491956,0.12252322,0.0013670257,0.28298813,0.2354598
1760,0.29249424,0.13195427,0.00307537,0.05997644,0.13649325
1761,0.10266401,0.10687689,0.0047000605,0.25404602,0.14730969
1762,0.25851312,0.23988314,0.0009850083,0.11357959,0.1775255
1763,0.41602537,0.338405,0.001867566,0.09947021,0.25701845
1764,0.21983956,0.21535076,0.002889581,0.019531239,0.29920757
1765,0.16211458,0.41762772,0.0060503976,0.05439932,0.29077944
1766,0.17412923,0.25330648,0.0023141264,0.0705596,0.10650459
1767,0.12592277,0.08064661,0.003649987,0.18447348,0.065604836
1768,0.18668745,0.19884087,0.0028449097,0.09842541,0.13307686
1769,0.06766981,0.092359796,0.0008864989,0.047161866,0.2338813
1770,0.074365705,0.18967113,0.00059071044,0.20181322,0.07409726
1771,0.10123348,0.12570795,0.0123361,0.06097518,0.26798248
1772,0.2594502,0.044847902,0.0006932423,0.11066323,0.02136889
1773,0.2666436,0.3176379,0.003442981,0.32928386,0.06441767
1774,0.22575782,0.10356715,0.002332234,0.07654563,0.3852012
1775,0.06301947,0.25330648,0.0006436856,0.070176296,0.55193603
1776,0.2467148,0.30486888,0.0046818224,0.104294725,0.06441767
1777,0.05033063,0.037186775,0.0026112476,0.21717146,0.18039525
1778,0.12116485,0.01155267,0.0036216856,0.09334688,0.06418265
1779,0.074500255,0.025613915,0.024656856,0.00588816,0.112600096
1780,0.06916356,0.16211458,0.0007069056,0.0034162789,0.034358688
1781,0.15830442,0.041230027,0.00091819005,0.006903838,0.05399884
1782,0.01665704,0.2902762,0.0035657366,0.0107351625,0.15649123
1783,0.042245496,0.09451043,0.002472623,0.004198795,0.35075492
1784,0.09170697,0.12147716,0.014842416,0.017644463,0.23792988
1785,0.15052763,0.023599293,0.037397135,0.011158031,0.39899173
1786,0.10158945,0.3090237,0.02920129,0.012383785,0.2441827
1787,0.41756833,0.51224273,0.01627746,0.0017477857,0.13649325
1788,0.09285216,0.18257122,0.053107902,0.01627746,0.067423776
1789,0.03527755,0.10105592,0.017712299,0.01627746,0.1592174
1790,0.41935068,0.43506128,0.0073743653,0.012722708,0.026506126
1791,0.1468197,0.14572217,0.025130946,0.023916386,0.38271806
1792,0.19759925,0.14438997,0.10158945,0.02096424,0.108566426
1793,0.09451043,0.08108212,0.02865267,0.0013354007,0.14175598
1794,0.22541662,0.09790669,0.025809623,0.0017007225,0.4051545
1795,0.64299315,0.18982129,0.008478402,0.013480103,0.07978202
1796,0.17709816,0.093678005,0.042087726,0.0020587533,0.1775255
1797,0.19574778,0.16478509,0.10070161,0.0035936027,0.04885778
1798,0.36738378,0.025760558,0.05042407,0.03574581,0.0416178
1799,0.16721867,0.035144847,0.14021848,0.0024154831,0.11951086
1800,0.30424836,0.30673468,0.007937994,0.0019646613,0.045352582
1801,0.12646118,0.04248321,0.02806074,0.028925717,0.21584621
1802,0.16721867,0.078078166,0.08344117,0.0041019293,0.068537496
1803,0.014728614,0.023916386,0.00268344,0.003692853,0.0433658
1804,0.08897849,0.04185213,0.05592617,0.0074317735,0.10356715
1805,0.041075893,0.13117322,0.112015955,0.006413164,0.24835184
1806,0.0715912,0.08137364,0.09842541,0.0012693645,0.41146553
1807,0.08647765,0.014899643,0.012100386,0.016914913,0.08181271
1808,0.08166611,0.09351231,0.015784562,0.008380453,0.5047911
1809,0.0913821,0.108566426,0.0074317735,0.0015011822,0.5804115
1810,0.03825006,0.100878626,0.01621503,0.005240449,0.33633107
1811,0.112600096,0.02854415,0.02727267,0.17217185,0.19744445
1812,0.098772585,0.5370717,0.117572136,0.13546066,0.09687654
1813,0.14390805,0.20593424,0.08601588,0.04038907,0.03882902
1814,0.16478509,0.14584377,0.020645931,0.012576348,0.039937314
1815,0.3457677,0.029873092,0.010328152,0.014172367,0.03601607
1816,0.022074388,0.01627746,0.13974822,0.053107902,0.18068421
1817,0.031738594,0.00698465,0.011961099,0.004905406,0.018653521
1818,0.086632065,0.033844035,0.08586246,0.12797922,0.029816542
1819,0.13546066,0.029760094,0.0021827165,0.072374016,0.22388572
1820,0.111821815,0.06596494,0.011508149,0.124638565,0.08344117
1821,0.056966383,0.022457052,0.08555635,0.044597577,0.40092525
1822,0.12907304,0.11818139,0.027117657,0.041930523,0.30580097
1823,0.15908672,0.020061802,0.18787657,0.03314852,0.25515804
1824,0.039416388,0.05033063,0.052230857,0.030214587,0.12830654
1825,0.100348406,0.04023794,0.022328783,0.10105592,0.14965561
1826,0.10158945,0.099820666,0.04903962,0.04008736,0.15178062
1827,0.22644134,0.07572137,0.047691282,0.05042407,0.06097518
1828,0.063134894,0.01461567,0.04509957,0.004591684,0.09790669
1829,0.13432106,0.044764314,0.008677716,0.029873092,0.0751764
1830,0.084341794,0.071332,0.020606475,0.16694686,0.17272931
1831,0.115560874,0.20673385,0.027480694,0.008348054,0.359589
1832,0.047869004,0.3195459,0.01822929,0.024469668,0.3229529
1833,0.07463504,0.2594502,0.021409769,0.039862495,0.12168575
1834,0.06632687,0.09434342,0.0128707485,0.019271137,0.11940814
1835,0.09602549,0.05014425,0.039195135,0.034880888,0.1491592
1836,0.05005131,0.11961367,0.009196552,0.021864556,0.06816438
1837,0.09384396,0.09636511,0.09568694,0.11899801,0.07185127
1838,0.11516222,0.1769559,0.010408314,0.03711691,0.08993301
1839,0.057281975,0.04509957,0.107250325,0.04200906,0.14390805
1840,0.09384396,0.21255878,0.011288074,0.04885778,0.16749083
1841,0.29158565,0.45332232,0.032466814,0.105948284,0.090735495
1842,0.26855758,0.018978037,0.0063635735,0.10557884,0.07477004
1843,0.1422319,0.007176882,0.015247591,0.112015955,0.11397347
1844,0.29543313,0.041307304,0.046378206,0.06941547,0.25293726
1845,0.27192786,0.06441767,0.00930395,0.13788036,0.03038675
1846,0.31510335,0.004848533,0.0751764,0.1490353,0.12378869
1847,0.17924304,0.014009566,0.09585608,0.05033063,0.061875988
1848,0.11951086,0.00307537,0.04054074,0.05051767,0.051462766
1849,0.13881165,0.0067188703,0.023870835,0.084341794,0.28170192
1850,0.092196204,0.007725534,0.066934206,0.03711691,0.2180027
1851,0.11576065,0.006241259,0.0119150225,0.023286305,0.25146383
1852,0.35611072,0.0075187176,0.0047552,0.04560694,0.3357863
1853,0.010328152,0.0034834242,0.0128707485,0.036493767,0.114566505
1854,0.009633652,0.011201214,0.002673006,0.1133831,0.086632065
1855,0.0053640567,0.011777843,0.02870708,0.07504072,0.2338813
1856,0.001591626,0.0018031665,0.017644463,0.0046455576,0.085251234
1857,0.0047552,0.0020992735,0.003869391,0.037963696,0.057176597
1858,0.004133968,0.0113756005,0.07068779,0.010288301,0.14092636
1859,0.0053640567,0.00930395,0.05781161,0.083291925,0.062103126
1860,0.0043823365,0.0030873695,0.04922211,0.00588816,0.12189466
1861,0.006241259,0.0059340666,0.030675802,0.011869121,0.09619517
1862,0.0043823365,0.006097562,0.025035424,0.041384716,0.24328269
1863,0.0013777326,0.0018530593,0.005598249,0.01798621,0.08093671
1864,0.009268014,0.002946405,0.0019723359,0.013902059,0.26990253
1865,0.0035796429,0.038683496,0.015130728,0.057281975,0.2120688
1866,0.0028783479,0.0042315875,0.018546565,0.068537496,0.1584346
1867,0.01155267,0.0047737225,0.024099445,0.05127242,0.08050192
1868,0.002693914,0.0011160142,0.01584536,0.13039611,0.0028671585
1869,0.005576545,0.00037850367,0.0094125895,0.026105914,0.02763772
1870,0.011642224,0.000981172,0.12485182,0.032836955,0.0031480708
1871,0.0010944522,0.0053640567,0.170508,0.032405518,0.0027683855
1872,0.0063143647,0.011597362,0.34257153,0.100524865,0.0060035964
1873,0.0043823365,0.006168995,0.008813166,0.025858775,0.0048297215
1874,0.00038747612,0.004451041,0.03635666,0.019531239,0.0010403185
1875,0.0025114634,0.005842605,0.26038948,0.06916356,0.0020667946
1876,0.013480103,0.00809329,0.068662286,0.0946777,0.0008559007
1877,0.0017683518,0.0021912407,0.054499872,0.059866417,0.0020427648
1878,0.0059571536,0.003429604,0.044348583,0.05942822,0.0062170783
1879,0.005001672,0.0023688741,0.018869255,0.046638038,0.003324437
1880,0.0004994205,0.00619299,0.022414217,0.0139557095,0.0008231386
1881,0.0042812545,0.002521268,0.007876706,0.0049436893,0.003524341
1882,0.0040072887,0.005001672,0.09534947,0.008283626,0.00698465
1883,0.003960788,0.007489625,0.02178117,0.029090757,0.005448068
1884,0.0042812545,0.0024060889,0.056029383,0.018055335,0.0021742254
1885,0.0037654135,0.0058199596,0.14866412,0.02220123,0.0121471705
1886,0.002693914,0.0041019293,0.056548133,0.02964751,0.0029926654
1887,0.009898064,0.0079997545,0.018475594,0.04831607,0.0036358088
1888,0.0048674177,0.015603535,0.041695766,0.015784562,0.0030634168
1889,0.0013670257,0.0053225355,0.009020279,0.006463138,0.0107767265
1890,0.0028338498,0.0006166297,0.026205415,0.0131212715,0.0060035964
1891,0.03027187,0.034684174,0.10502681,0.012007351,0.0037654135
1892,0.032528225,0.026861202,0.070176296,0.045777272,0.010944578
1893,0.05520869,0.026155617,0.046724956,0.007345827,0.009340025
1894,0.021864556,0.05749328,0.03971326,0.05281402,0.0015188508
1895,0.08079154,0.021656677,0.045777272,0.023689471,0.0025608707
1896,0.07250525,0.03149938,0.064653486,0.029145971,0.0030994155
1897,0.034749623,0.091058284,0.032589745,0.04751419,0.0011380006
1898,0.024750972,0.022457052,0.13788036,0.065365784,0.0022518474
1899,0.045522004,0.022414217,0.046033904,0.09790669,0.00075540564
1900,0.02120612,0.0570714,0.10141133,0.067546695,0.0065897717
1901,0.006692851,0.083291925,0.03114383,0.04903962,0.003991728
1902,0.14306793,0.0073173973,0.048405956,0.03581319,0.004054334
1903,0.074365705,0.06441767,0.060418423,0.019719128,0.004962942
1904,0.06717858,0.060640547,0.079495706,0.03149938,0.0015129384
1905,0.058776557,0.049589027,0.06903793,0.054600604,0.0032858334
1906,0.083291925,0.10576342,0.10484336,0.044764314,0.013902059
1907,0.073430054,0.025468083,0.11818139,0.026105914,0.0035518846
1908,0.095518075,0.06524657,0.019870713,0.03904829,0.00090750254
1909,0.015014749,0.044764314,0.0586686,0.03803509,0.009020279
1910,0.045183755,0.11377637,0.030792167,0.06730107,0.0008167381
1911,0.018761083,0.32637876,0.16331197,0.01384861,0.0016420668
1912,0.050988145,0.025130946,0.03635666,0.12064587,0.0013670257
1913,0.032100707,0.06656919,0.28417853,0.04410091,0.0035380863
1914,0.0607519,0.07779745,0.009485713,0.01840489,0.015784562
1915,0.03302355,0.045183755,0.0054269433,0.005060332,0.005576545
1916,0.08882029,0.009055264,0.025226826,0.06596494,0.00268344
1917,0.038756195,0.05520869,0.08803312,0.029035643,0.0037800956
1918,0.011029471,0.23178808,0.0065134983,0.17795369,0.009020279
1919,0.057705317,0.14080817,0.023734685,0.1490353,0.0012497094
1920,0.008478402,0.022414217,0.007907292,0.1161611,0.104294725
1921,0.01450358,0.027532939,0.04831607,0.1501534,0.15431228
1922,0.04903962,0.0074606435,0.036700353,0.018797074,0.0433658
1923,0.046033904,0.041695766,0.11516222,0.12273334,0.03581319
1924,0.0123361,0.050611433,0.06644793,0.09790669,0.059210252
1925,0.029256709,0.05561761,0.07409726,0.015130728,0.02120612
1926,0.019643761,0.10875559,0.12389466,0.04426588,0.04858621
1927,0.045862664,0.07696084,0.050988145,0.22422527,0.042802144
1928,0.046119746,0.049681153,0.059537485,0.05232763,0.17455094
1929,0.039416388,0.03308598,0.019985152,0.02655657,0.02145073
1930,0.02132808,0.030043371,0.06916356,0.050988145,0.124638565
1931,0.052521676,0.02920129,0.6694208,0.026105914,0.16899405
1932,0.05686155,0.06903793,0.54704064,0.019870713,0.06441767
1933,0.03114383,0.08006927,0.6562178,0.038466193,0.025858775
1934,0.090735495,0.08740792,0.9539661,0.08166611,0.01717671
1935,0.21634248,0.044847902,0.6441132,0.23057307,0.1133831
1936,0.2810108,0.0121471705,0.5264949,0.024007747,0.027428543
1937,0.19559409,0.015603535,0.5642185,0.09170697,0.067546695
1938,0.009161027,0.0113756005,0.78858316,0.009340025,0.04922211
1939,0.027220903,0.06669065,0.9003547,0.042087726,0.023689471
1940,0.061536737,0.017442483,0.9458012,0.056236345,0.086632065
1941,0.020488555,0.012479699,0.568835,0.012970386,0.10706346
1942,0.016466174,0.033526164,0.5678168,0.013273886,0.049130786
1943,0.029535338,0.04232459,0.7111301,0.027014792,0.02145073
1944,0.028114058,0.042642392,0.7405498,0.02479816,0.03015741
1945,0.004133968,0.057281975,0.40327308,0.23196201,0.022672439
1946,0.008478402,0.013325147,0.3429015,0.03601607,0.062904246
1947,0.10818896,0.08586246,0.8908652,0.022715755,0.03308598
1948,0.010169658,0.020061802,0.87966454,0.006145092,0.110855594
1949,0.025662705,0.028925717,0.35432136,0.21816924,0.03120282
1950,0.0032858334,0.21304953,0.3106944,0.08064661,0.033526164
1951,0.053601142,0.03601607,0.7180016,0.15752527,0.07369627
1952,0.046899255,0.07263671,0.8342719,0.023779983,0.05127242
1953,0.15752527,0.017644463,0.8916225,0.026912304,0.0570714
1954,0.020685459,0.021739595,0.8454327,0.064653486,0.09434342
1955,0.018299332,0.0493136,0.8039445,0.056548133,0.1887722
1956,0.035880696,0.018833129,0.7122322,0.5681762,0.14706452
1957,0.027220903,0.030733928,0.6046908,0.9562273,0.021044567
1958,0.05042407,0.07303239,0.48380083,0.8594279,0.069921836
1959,0.025662705,0.1887722,0.79581684,0.818011,0.07263671
1960,0.031026179,0.03216145,0.46259445,0.7187918,0.016466174
1961,0.008511303,0.0145595195,0.8631611,0.94218844,0.063366346
1962,0.0041824942,0.115960725,0.81582016,0.8197491,0.010169658
1963,0.026912304,0.08166611,0.7077078,0.8326453,0.008380453
1964,0.07878401,0.0434469,0.5548926,0.7222333,0.023241926
1965,0.04401865,0.016721142,0.84645087,0.74871993,0.05033063
1966,0.010860331,0.041930523,0.74816835,0.60929173,0.008478402
1967,0.02199022,0.032589745,0.6084196,0.603815,0.09501305
1968,0.1538032,0.020645931,0.6144518,0.6693127,0.021004366
1969,0.03803509,0.24023944,0.7237002,0.7934263,0.10687689
1970,0.042403832,0.30290636,0.3330692,0.4802197,0.11008789
1971,0.016593177,0.013689478,0.76242405,0.458379,0.077099696
1972,0.02806074,0.023330769,0.5352199,0.4027444,0.037256766
1973,0.018511046,0.075858176,0.5481898,0.5165802,0.021004366
1974,0.0946777,0.021864556,0.8435088,0.7242856,0.07043161
1975,0.059646938,0.008478402,0.64220816,0.6695288,0.0128707485
1976,0.029535338,0.087096825,0.58165956,0.41111088,0.042722195
1977,0.044680867,0.03963884,0.86669767,0.5134474,0.124425635
1978,0.03963884,0.05042407,0.22661245,0.8713654,0.08122776
1979,0.09585608,0.08269734,0.50545096,0.76242405,0.021004366
1980,0.071981624,0.061311536,0.7472472,0.5252014,0.038178273
1981,0.013584392,0.02211659,0.49160084,0.7801604,0.009633652
1982,0.15316878,0.18713269,0.90448195,0.7839885,0.1066906
1983,0.015189049,0.0992954,0.47706684,0.41649994,0.03971326
1984,0.01384861,0.014957086,0.52532315,0.844409,0.008061991
1985,0.050988145,0.08137364,0.5871148,0.84195566,0.032589745
1986,0.0068771075,0.07850098,0.664758,0.78825736,0.038321972
1987,0.08404061,0.010986943,0.90681833,0.80131465,0.01802074
1988,0.18300885,0.32541335,0.89858866,0.71582144,0.006413164
1989,0.026708463,0.14547919,0.85919183,0.80131465,0.014728614
1990,0.020645931,0.071981624,0.31058982,0.8057851,0.09704756
1991,0.02655657,0.099996306,0.49492282,0.5196889,0.18728128
1992,0.062331032,0.12033541,0.8113773,0.83894384,0.01784874
1993,0.079638734,0.07682221,0.5523888,0.7711549,0.037326887
1994,0.050705366,0.0063635735,0.70426184,0.19651763,0.023109278
1995,0.021698097,0.083142914,0.68130285,0.80193585,0.016152835
1996,0.059101548,0.021044567,0.68700033,0.86904925,0.026607107
1997,0.06656919,0.053700306,0.56661814,0.50853646,0.009340025
1998,0.07423137,0.04543722,0.724578,0.51606196,0.46399066
1999,0.120542295,0.061199225,0.7552762,0.7004852,0.1559763
2000,0.12485182,0.046119746,0.6145097,0.3047654,0.07751766
2001,0.079495706,0.04594821,0.4517195,0.8119744,0.029986508
2002,0.072374016,0.062445287,0.90829307,0.61618555,0.09268778
2003,0.12581532,0.15662017,0.6867903,0.67800725,0.09318171
2004,0.1183851,0.12368282,0.9551521,0.6709318,0.037750274
2005,0.026607107,0.10123348,0.5519662,0.82741016,0.14694206
2006,0.043123372,0.34764785,0.8482194,0.5289897,0.18257122
2007,0.112015955,0.05051767,0.78199726,0.8296301,0.13568956
2008,0.07146149,0.0139557095,0.5880022,0.74558365,0.16572809
2009,0.19806418,0.100348406,0.57332015,0.74853617,0.056444027
2010,0.02532306,0.027376488,0.31048527,0.8369547,0.0355444
2011,0.022629201,0.013584392,0.39041775,0.29401222,0.17036992
2012,0.0586686,0.12940274,0.2833846,0.71203196,0.024845436
2013,0.019568674,0.1187934,0.5110532,0.38404548,0.2467148
2014,0.012920474,0.048496,0.35142234,0.58498263,0.022286186
2015,0.09518112,0.12326006,0.522126,0.50399387,0.10706346
2016,0.065365784,0.014899643,0.4996688,0.62148345,0.20930801
2017,0.017644463,0.07303239,0.8349459,0.42656043,0.06359858
2018,0.033462934,0.25441632,0.9254997,0.43362167,0.028274601
2019,0.025858775,0.17300858,0.6898282,0.40827677,0.046724956
2020,0.23126681,0.10230471,0.53849787,0.7505527,0.045862664
2021,0.0075772414,0.008577486,0.6788595,0.7678639,0.07329728
2022,0.013902059,0.10266401,0.5063893,0.83346015,0.1377643
2023,0.007968815,0.24095316,0.61225176,0.59837085,0.055412795
2024,0.046291903,0.112405084,0.7204666,0.5196127,0.086632065
2025,0.15178062,0.05439932,0.8814109,0.5474943,0.06816438
2026,0.09619517,0.2949252,0.8940517,0.65698844,0.20995522
2027,0.027901376,0.38248736,0.68815416,0.76803803,0.04248321
2028,0.025468083,0.025711587,0.89733595,0.9555686,0.05439932
2029,0.0434469,0.03296124,0.3116363,0.61508787,0.0493136
2030,0.03461884,0.03289904,0.70395666,0.619241,0.14426938
2031,0.047691282,0.005708034,0.79101497,0.67114735,0.027480694
2032,0.10230471,0.07531231,0.692226,0.6351093,0.099820666
2033,0.69118476,0.057705317,0.6893056,0.6276089,0.022243667
2034,0.7967673,0.03061778,0.7540105,0.24508502,0.19223589
2035,0.62852144,0.039342504,0.7523766,0.644337,0.3198645
2036,0.51906425,0.6091173,0.86737317,0.6138733,0.22627032
2037,0.7826625,0.5086204,0.640411,0.19498022,0.021574067
2038,0.6513549,0.7999117,0.50251573,0.66377795,0.059210252
2039,0.6627965,0.48804703,0.6406359,0.5641585,0.13534632
2040,0.7220373,0.57701874,0.76559335,0.39472577,0.056548133
2041,0.45156834,0.65201986,0.8507168,0.33993718,0.06791668
2042,0.6199891,0.87610537,0.5086051,0.8268516,0.0038244836
2043,0.75833166,0.24310297,0.7060891,0.71102977,0.14451066
2044,0.6346565,0.70548075,0.34565726,0.913368,0.02964751
2045,0.41472107,0.5240141,0.89143354,0.85536855,0.08586246
2046,0.47525522,0.5515134,0.6402986,0.5519059,0.0434469
2047,0.22151907,0.6204492,0.23810701,0.3599264,0.070816204
2048,0.35588682,0.34026593,0.73659015,0.84389514,0.04569203
2049,0.64321727,0.24707796,0.5700322,0.3747907,0.009232215
2050,0.4286519,0.6091173,0.23039988,0.742048,0.77881753
2051,0.58622676,0.31552503,0.6073139,0.7003827,0.87147486
2052,0.33241877,0.81699115,0.6108598,0.78249633,0.8499712
2053,0.6509112,0.7794897,0.3744475,0.8705973,0.58670044
2054,0.5252471,0.7151257,0.84389514,0.45057088,0.70568365
2055,0.6914973,0.6142205,0.69987017,0.7985012,0.64119774
2056,0.5113048,0.8912444,0.5798168,0.62498045,0.91505283
2057,0.8528129,0.7373473,0.7733876,0.80147004,0.9183339
2058,0.8774768,0.60795414,0.78282857,0.81286734,0.92093205
2059,0.8321002,0.81508535,0.64980084,0.5015631,0.89442116
2060,0.6657367,0.8715842,0.73411953,0.62314755,0.71442884
2061,0.7442848,0.325735,0.53998405,0.6078378,0.7890712
2062,0.82261705,0.6307987,0.6878397,0.640411,0.70911986
2063,0.8338664,0.6078378,0.7308665,0.6820445,0.88543355
2064,0.8269914,0.8916225,0.6225741,0.63443005,0.80240077
2065,0.6781138,0.6221151,0.544983,0.8178656,0.41164294
2066,0.6673645,0.2564594,0.88161486,0.9250947,0.79036856
2067,0.44616288,0.6145675,0.36636302,0.6641048,0.7816641
2068,0.6978149,0.7107287,0.48973224,0.9401336,0.91022676
2069,0.7794897,0.86025184,0.53446066,0.45353413,0.5081551
2070,0.6288634,0.40145314,0.82104415,0.2821962,0.7884203
2071,0.62429357,0.70222384,0.67200893,0.1852092,0.7799929
2072,0.69471705,0.81167597,0.43176386,0.41170207,0.72787875
2073,0.84169555,0.85403454,0.8264319,0.71711093,0.55474186
2074,0.6930576,0.8969756,0.72845864,0.7394224,0.70304
2075,0.73885757,0.69368047,0.723993,0.2738656,0.798344
2076,0.7929457,0.880797,0.8834373,0.78082967,0.8729984
2077,0.6020031,0.62440807,0.85512674,0.6365791,0.8456877
2078,0.8441522,0.28437722,0.6641048,0.8530579,0.7060891
2079,0.66974485,0.6831025,0.8812066,0.7523766,0.6116719
2080,0.81242126,0.61398906,0.9443824,0.84594244,0.67458665
2081,0.44299787,0.8240375,0.8587186,0.87768656,0.338405
2082,0.8155265,0.85536855,0.8106289,0.69657785,0.65544635
2083,0.7606507,0.69616497,0.80837,0.9183339,0.8912444
2084,0.56247693,0.8600169,0.4594096,0.74279505,0.9091032
2085,0.53260744,0.82090056,0.599192,0.80332816,0.90747637
2086,0.95531917,0.73028994,0.73659015,0.59796005,0.81375694
2087,0.6090592,0.5733799,0.65610766,0.767167,0.7324005
2088,0.3377494,0.4012185,0.7348813,0.4930386,0.9474783
2089,0.71967924,0.8793542,0.6103373,0.4729117,0.83031917
2090,0.4973393,0.4869948,0.6709318,0.7229184,0.7833262
2091,0.50690037,0.65445316,0.83169055,0.6756576,0.86849254
2092,0.9231778,0.7350715,0.6579781,0.7070003,0.93403506
2093,0.725843,0.4228025,0.55895907,0.3198645,0.90414387
2094,0.5562188,0.5896573,0.87245613,0.48998398,0.7806625
2095,0.661267,0.57057065,0.714628,0.27019128,0.7737297
2096,0.49838257,0.68951476,0.5325163,0.24926445,0.27048022
2097,0.7851439,0.7247729,0.54873395,0.6355618,0.4870863
2098,0.91259205,0.6576484,0.58302534,0.80069196,0.3589146
2099,0.49453375,0.6584175,0.46848667,0.4908381,0.8267118
2100,0.70069003,0.8929365,0.8962514,0.7636601,0.8454327
2101,0.6702846,0.929951,0.74706274,0.6621414,0.6171089
2102,0.7921428,0.882022,0.77304506,0.36772424,0.80162543
2103,0.67939144,0.5121436,0.39981166,0.4505407,0.8031738
2104,0.41341794,0.9273633,0.83128005,0.83346015,0.4101655
2105,0.65577704,0.94468933,0.8546422,0.49834445,0.7574357
2106,0.35031027,0.5404691,0.5645187,0.62142605,0.8056322
2107,0.7058864,0.5881205,0.7776378,0.77475387,0.43728274
2108,0.63329685,0.297572,0.90681833,0.76524264,0.65246284
2109,0.5825504,0.71102977,0.8897206,0.677474,0.8778961
2110,0.4482753,0.48181957,0.8414352,0.8344069,0.6715783
2111,0.25367606,0.3490888,0.2501793,0.47944272,0.5230397
2112,0.64131004,0.09653532,0.87610537,0.76960015,0.9382373
2113,0.8520759,0.70952255,0.4321832,0.8949732,0.7545535
2114,0.85403454,0.6028217,0.6677979,0.6744794,0.84758973
2115,0.8393393,0.67071617,0.6855286,0.78825736,0.29900283
2116,0.7942254,0.63091236,0.6351093,0.8017807,0.80022407
2117,0.74945414,0.65588725,0.43656197,0.27894375,0.80348235
2118,0.52366394,0.6563279,0.8153795,0.71213204,0.8987666
2119,0.85919183,0.1847675,0.68489665,0.616705,0.7893961
2120,0.7483523,0.7879312,0.39332676,0.46763563,0.89199936
2121,0.71442884,0.92441523,0.79581684,0.80639565,0.55862796
2122,0.61641645,0.83548355,0.30383506,0.6534587,0.4532316
2123,0.50216293,0.58640444,0.7659437,0.56787676,0.56457865
2124,0.2441827,0.48770386,0.70568365,0.7841538,0.8707073
2125,0.70578504,0.80022407,0.83250916,0.5420453,0.5848048
2126,0.611556,0.53849787,0.56511873,0.7292306,0.8728902
2127,0.86083776,0.282493,0.8106289,0.337531,0.85427785
2128,0.77932185,0.8793542,0.62016165,0.4071566,0.4512056
2129,0.27688602,0.7280721,0.947186,0.6467949,0.82573026
2130,0.7281688,0.4581063,0.31869715,0.13706978,0.725843
2131,0.9168571,0.87705624,0.40851268,0.47101036,0.7767923
2132,0.5553448,0.4297285,0.4915627,0.7552762,0.74853617
2133,0.72076154,0.83400166,0.6517983,0.50214577,0.8594279
2134,0.7890712,0.5529622,0.63476974,0.525521,0.880797
2135,0.6453435,0.5736187,0.4648712,0.7276853,0.661595
2136,0.5912513,0.6055075,0.15507847,0.73885757,0.8373541
2137,0.70354944,0.4429678,0.21900326,0.86293024,0.85415626
2138,0.7468782,0.64119774,0.30105373,0.7789858,0.9069832
2139,0.9084556,0.5248818,0.8352149,0.70456684,0.8784186
2140,0.9334308,0.4201237,0.7352616,0.8978745,0.8136089
2141,0.28947213,0.7276853,0.49899483,0.68352515,0.6786465
2142,0.57862675,0.7466935,0.8546422,0.8155265,0.4356614
2143,0.7889086,0.5097415,0.63590103,0.84389514,0.2649285
2144,0.72154707,0.7854732,0.8441522,0.40045622,0.47778255
2145,0.544983,0.6340903,0.6584175,0.7298087,0.46377817
2146,0.1665398,0.3270232,0.68352515,0.41810283,0.5796384
2147,0.7854732,0.45026878,0.67308426,0.42530686,0.7150262
2148,0.6586371,0.8268516,0.19329962,0.7821637,0.50904745
2149,0.71143085,0.92643696,0.6801355,0.928668,0.8025555
2150,0.7199747,0.65599746,0.76506716,0.12962294,0.6305712
2151,0.7392342,0.7191864,0.66225064,0.5225829,0.78481424
2152,0.49630556,0.7518304,0.6679062,0.6173973,0.8533026
2153,0.82824534,0.8625833,0.56040305,0.2487166,0.9400236
2154,0.6629056,0.83413684,0.9207897,0.45965213,0.6771539
2155,0.6052159,0.39530927,0.5633179,0.4377634,0.60288024
2156,0.6788595,0.6984323,0.87386215,0.68846846,0.77848095
2157,0.82615143,0.5852789,0.64657176,0.90448195,0.7864589
2158,0.80609053,0.7947038,0.52329856,0.7720154,0.7200731
2159,0.78727776,0.7047701,0.7150262,0.8076124,0.93686515
2160,0.89442116,0.5948455,0.6838419,0.7468782,0.90312344
2161,0.55015427,0.6282934,0.6819386,0.82810634,0.6907677
2162,0.5043868,0.5841526,0.7676898,0.7893961,0.8962514
2163,0.68961924,0.6790723,0.48547006,0.45759112,0.83575183
2164,0.6814089,0.35577488,0.7407374,0.40421343,0.32018325
2165,0.67405045,0.603523,0.36330795,0.6391732,0.6913932
2166,0.8632764,0.50496274,0.71412987,0.34997693,0.84695786
2167,0.8812066,0.9549844,0.53679854,0.84733725,0.93546456
2168,0.6232622,0.81242126,0.73659015,0.8794577,0.87987113
2169,0.6931614,0.5639784,0.7472472,0.7806625,0.5939037
2170,0.8089744,0.8868131,0.33622208,0.6219428,0.7310586
2171,0.6064984,0.57343954,0.6481324,0.7818308,0.7392342
2172,0.7478001,0.58894825,0.7558173,0.8056322,0.7229184
2173,0.7465088,0.9508692,0.640411,0.61751264,0.123471275
2174,0.5188662,0.87450653,0.86385167,0.64735246,0.741674
2175,0.8687154,0.8333246,0.7668179,0.5084449,0.60399026
2176,0.840521,0.6802417,0.1887722,0.7574357,0.799129
2177,0.68236214,0.8899121,0.70639306,0.8338664,0.37022537
2178,0.64980084,0.3636469,0.83250916,0.6583077,0.75689703
2179,0.7465088,0.15393034,0.8451773,0.53005403,0.7133318
2180,0.7604728,0.5892437,0.7345006,0.6091173,0.7577944
2181,0.85403454,0.74761593,0.19132768,0.5771975,0.8872046
2182,0.7025301,0.702428,0.50493985,0.8152325,0.20418318
2183,0.9022657,0.8824279,0.41324034,0.93546456,0.57182634
2184,0.7411123,0.84959716,0.60480744,0.73659015,0.37307605
2185,0.76960015,0.8512122,0.109134786,0.19698064,0.8271311
2186,0.88100195,0.54788744,0.2856708,0.26095408,0.6770471
2187,0.44833568,0.677474,0.7296161,0.65201986,0.43728274
2188,0.40933883,0.73392886,0.6826795,0.36658973,0.82290184
2189,0.86938226,0.14342749,0.1742697,0.5470709,0.49911025
2190,0.7079098,0.6169935,0.45108467,0.7981868,0.7801604
2191,0.7444706,0.5368896,0.5388922,0.661267,0.6504673
2192,0.47897056,0.45156834,0.33437204,0.5630176,0.86385167
2193,0.7446563,0.60562414,0.21452682,0.3179555,0.4940608
2194,0.6509112,0.31237,0.68479127,0.59502196,0.7772999
2195,0.8580062,0.8705973,0.5966095,0.4247102,0.53816414
2196,0.357119,0.684264,0.63420355,0.92455155,0.41970742
2197,0.82768893,0.77696157,0.6955449,0.55474186,0.93403506
2198,0.8152325,0.38844404,0.7659437,0.59331477,0.7631309
2199,0.7756048,0.55365616,0.5840933,0.7554566,0.6859495
2200,0.6204492,0.2821962,0.714628,0.4523545,0.47047812
2201,0.7150262,0.71213204,0.5361004,0.67308426,0.53151333
2202,0.8365546,0.7433543,0.30033502,0.626924,0.3233801
2203,0.41022456,0.79692537,0.29982224,0.64052343,0.22051026
2204,0.63883525,0.60445726,0.45577386,0.25813895,0.68647516
2205,0.49196693,0.7433543,0.8010035,0.597784,0.7531037
2206,0.5484317,0.49755865,0.40115985,0.59649193,0.48303872
2207,0.9528382,0.7834919,0.2812082,0.7898827,0.66050094
2208,0.7892337,0.25367606,0.56571865,0.4824444,0.12700157
2209,0.7282654,0.62738067,0.37239107,0.07329728,0.31394538
2210,0.6570985,0.40104255,0.7435406,0.37593555,0.45471427
2211,0.5121893,0.7833262,0.4046251,0.5812437,0.6928498
2212,0.83973396,0.39793843,0.4325427,0.4263216,0.54973125
2213,0.5251862,0.17272931,0.8512122,0.5062977,0.582016
2214,0.71032697,0.74706274,0.83907574,0.75976056,0.63193506
2215,0.6304574,0.69575167,0.20721471,0.7570767,0.3054901
2216,0.44323888,0.6714706,0.64735246,0.81888163,0.6206216
2217,0.60206157,0.2971639,0.5051039,0.5432268,0.8940517
2218,0.7409249,0.7823301,0.878627,0.86815757,0.6585273
2219,0.74706274,0.852199,0.7500039,0.14596547,0.8079157
2220,0.71671456,0.5125325,0.734691,0.37937838,0.89029425
2221,0.7243831,0.8891444,0.7496374,0.6886778,0.59066117
2222,0.41081536,0.5785077,0.42584398,0.52725565,0.8996516
2223,0.61132395,0.8352149,0.87256473,0.42990798,0.45301983
2224,0.37673777,0.52999324,0.913368,0.6934729,0.77407146
2225,0.5428633,0.47309422,0.5535958,0.35779187,0.6744794
2226,0.7762839,0.55889887,0.53570575,0.45474455,0.7236025
2227,0.89423656,0.61051154,0.10338596,0.6753365,0.8358858
2228,0.5519964,0.6846858,0.23722234,0.77932185,0.77814394
2229,0.5093297,0.62303287,0.19452077,0.6136418,0.86993575
2230,0.5874107,0.49298146,0.10706346,0.4508429,0.24364243
2231,0.6886778,0.81873685,0.43404144,0.65401137,0.45190093
2232,0.7136312,0.67640615,0.74890363,0.5744545,0.72700745
2233,0.6575384,0.39770445,0.59854686,0.6271523,0.7287483
2234,0.7826625,0.18447348,0.57415605,0.12549345,0.78099674
2235,0.6668223,0.40839472,0.7565375,0.818011,0.61520344
2236,0.83359575,0.47504216,0.7132319,0.6769403,0.6210239
2237,0.6102212,0.5861083,0.805173,0.2555294,0.61751264
2238,0.642881,0.8085212,0.57654196,0.53357977,0.7541916
2239,0.8077641,0.8414352,0.44791305,0.6387226,0.8576489
2240,0.337531,0.81859183,0.4690338,0.7884203,0.6221151
2241,0.65068924,0.5631978,0.45843962,0.50399387,0.70720255
2242,0.5686554,0.5516945,0.5594706,0.34986588,0.92892635
2243,0.43422136,0.91006696,0.3720488,0.6738359,0.7255514
2244,0.3630821,0.92905515,0.54192406,0.5036182,0.4785288
2245,0.44372094,0.87557435,0.34037554,0.5823723,0.30746198
2246,0.6878397,0.7324005,0.19528697,0.77149934,0.80286485
2247,0.5804115,0.8200375,0.66974485,0.29451925,0.65279496
2248,0.36274344,0.35064372,0.7291342,0.5286551,0.6734064
2249,0.9231778,0.49609,0.7392342,0.282691,0.5354932
2250,0.73866904,0.70801073,0.5521473,0.43500128,0.41620332
2251,0.66115755,0.38001087,0.5182719,0.6406359,0.7140302
2252,0.51723564,0.8247444,0.39233685,0.649912,0.8552477
2253,0.5790434,0.8698252,0.5960218,0.5044097,0.6052742
2254,0.6375951,0.83346015,0.6375951,0.3098584,0.89274967
2255,0.6991517,0.51276886,0.74279505,0.469277,0.5534449
2256,0.87652874,0.40644962,0.4248892,0.15974101,0.64946747
2257,0.81873685,0.58284724,0.5285638,0.5180281,0.6948206
2258,0.8912444,0.33003917,0.1187934,0.4622303,0.47361156
2259,0.8862236,0.55075836,0.6012424,0.82290184,0.62360615
2260,0.75904685,0.70089483,0.3176379,0.36229208,0.8401279
2261,0.84453726,0.67017674,0.52955234,0.38861805,0.7531037
2262,0.78727776,0.76646847,0.5094517,0.86726075,0.7009972
2263,0.71671456,0.8597815,0.0992954,0.7325918,0.90665317
2264,0.9233162,0.48405996,0.053899154,0.65577704,0.8020909
2265,0.7967673,0.5348555,0.052230857,0.26855758,0.65698844
2266,0.6302299,0.2795334,0.046119746,0.30964965,0.8897206
2267,0.6441132,0.5424089,0.05042407,0.3457677,0.9657707
2268,0.7320175,0.45447215,0.019946935,0.15817435,0.48271868
2269,0.6322757,0.42614248,0.030100338,0.55459106,0.6451199
2270,0.52046585,0.6090592,0.023021257,0.6220577,0.76977324
2271,0.7331653,0.6602819,0.10576342,0.40409586,0.7895584
2272,0.6916015,0.78858316,0.021906367,0.36670312,0.5832034
2273,0.82161736,0.6110919,0.035477504,0.20497774,0.6448963
2274,0.68637,0.23528406,0.07531231,0.42697853,0.31827325
2275,0.63204867,0.6712551,0.09351231,0.28467542,0.287968
2276,0.5043334,0.3913478,0.35465658,0.5559777,0.67768735
2277,0.67928505,0.7829945,0.115960725,0.4951097,0.5176623
2278,0.9468921,0.93158704,0.11066323,0.34709436,0.6686639
2279,0.91730267,0.27202454,0.056548133,0.85536855,0.7058864
2280,0.8862236,0.26874945,0.0107351625,0.72389543,0.7701192
2281,0.87914675,0.7574357,0.08647765,0.8401279,0.7604728
2282,0.6200466,0.44655505,0.039787807,0.35108855,0.6208515
2283,0.5513624,0.86083776,0.03601607,0.48079863,0.34997693
2284,0.8286616,0.65610766,0.23934935,0.7309625,0.39047584
2285,0.853669,0.5259167,0.08299415,0.60247093,0.5424997
2286,0.7303861,0.7923036,0.024053553,0.56847566,0.72671664
2287,0.8518296,0.29920757,0.03321117,0.13811268,0.19837458
2288,0.58906645,0.67308426,0.0570714,0.6687721,0.65013415
2289,0.7280721,0.71651626,0.013376604,0.7037531,0.6378207
2290,0.7947038,0.456955,0.045862664,0.853669,0.65301627
2291,0.7435406,0.7752647,0.02211659,0.53424805,0.8348113
2292,0.60346454,0.83155376,0.048047356,0.49984384,0.5948455
2293,0.36772424,0.5936093,0.044931643,0.33960858,0.46350494
2294,0.5594104,0.42751622,0.023734685,0.5075258,0.8047131
2295,0.3681785,0.4711168,0.05014425,0.46031922,0.9309621
2296,0.7442848,0.67017674,0.06430005,0.12765263,0.88263035
2297,0.6709318,0.36432514,0.063831605,0.5824317,0.5742157
2298,0.8091252,0.49573144,0.09568694,0.32124704,0.7599387
2299,0.5634981,0.64310515,0.101767845,0.27923846,0.84859616
2300,0.46824348,0.7668179,0.04038907,0.9005298,0.9273633
2301,0.64097303,0.63011605,0.0131212715,0.86442494,0.76629364
2302,0.32831404,0.90878,0.01155267,0.7962924,0.48134714
2303,0.6225741,0.9181873,0.030329255,0.38803813,0.7076068
2304,0.5621765,0.35835305,0.030502053,0.5585979,0.81390494
2305,0.537618,0.5507282,0.14596547,0.15974101,0.81960475
2306,0.6345433,0.23213604,0.0586686,0.4300875,0.8824279
2307,0.38127714,0.3634209,0.069668226,0.5984295,0.7799929
2308,0.49315685,0.31489265,0.05300977,0.59131026,0.32691577
2309,0.790692,0.7218412,0.11066323,0.6666053,0.44351003
2310,0.50342935,0.7685595,0.29401222,0.3599264,0.83155376
2311,0.31237,0.41276684,0.021491766,0.7367796,0.86293024
2312,0.53500736,0.2639787,0.062445287,0.6303436,0.6773673
2313,0.65279496,0.6154346,0.13488984,0.28279,0.5714079
2314,0.43770334,0.40203992,0.07504072,0.23757592,0.69699055
2315,0.4846926,0.71213204,0.07276838,0.115960725,0.5261906
2316,0.619241,0.5780314,0.14390805,0.20930801,0.5887118
2317,0.48093572,0.092196204,0.01812472,0.08195955,0.6662797
2318,0.5374663,0.7442848,0.29930994,0.04509957,0.6190684
2319,0.80882335,0.6689884,0.008745182,0.054802597,0.6128312
2320,0.79518133,0.41839984,0.08079154,0.046724956,0.46778756
2321,0.6247515,0.4830692,0.071202725,0.074500255,0.54822004
2322,0.62509483,0.35053253,0.015130728,0.11676402,0.56739736
2323,0.51586384,0.47645783,0.01812472,0.18653922,0.8329173
2324,0.29007506,0.7893961,0.015906392,0.19284318,0.9199307
2325,0.38496998,0.7159208,0.023021257,0.036083944,0.73335636
2326,0.3745619,0.65962446,0.020645931,0.04543722,0.7636601
2327,0.695855,0.6266955,0.018833129,0.07382971,0.48721594
2328,0.7160201,0.7232117,0.0190509,0.054802597,0.18330106
2329,0.741674,0.7576151,0.008677716,0.13184243,0.3161581
2330,0.7745834,0.65379035,0.011687257,0.09636511,0.7240906
2331,0.23934935,0.36500388,0.028114058,0.06596494,0.13580412
2332,0.51558185,0.5257645,0.02763772,0.0658447,0.325199
2333,0.7577944,0.57415605,0.009746104,0.25441632,0.5212427
2334,0.76524264,0.72739494,0.0029579026,0.1187934,0.6543428
2335,0.5026531,0.71133065,0.028598359,0.041384716,0.7867867
2336,0.40969306,0.54237854,0.017442483,0.079495706,0.80022407
2337,0.4568035,0.62658125,0.0107767265,0.0107767265,0.68151486
2338,0.62646705,0.4220877,0.050705366,0.08093671,0.61889565
2339,0.7397986,0.76977324,0.09859886,0.09825223,0.66985285
2340,0.58082765,0.48018923,0.016721142,0.0570714,0.6865802
2341,0.58829796,0.3788037,0.008412978,0.18609506,0.29900283
2342,0.30115646,0.8086723,0.018905446,0.17356819,0.77029204
2343,0.71383077,0.8663589,0.0071214284,0.0107351625,0.7839885
2344,0.16803622,0.7251623,0.014227047,0.10158945,0.5284726
2345,0.67768735,0.17610413,0.0054905633,0.007876706,0.6533481
2346,0.49367556,0.77982527,0.0022518474,0.009125637,0.7576151
2347,0.64980084,0.55193603,0.0087791085,0.07992552,0.4005735
2348,0.33252713,0.40456623,0.010169658,0.097734325,0.57170683
2349,0.7756048,0.7280721,0.009746104,0.042642392,0.86293024
2350,0.82275945,0.52620584,0.03120282,0.19223589,0.5059392
2351,0.7439129,0.7237002,0.011201214,0.028870907,0.3720488
2352,0.43578145,0.42000476,0.005708034,0.21386933,0.6689884
2353,0.717408,0.5480084,0.007785655,0.03963884,0.82587075
2354,0.64243245,0.115960725,0.010368157,0.26340988,0.8067004
2355,0.55826676,0.27289566,0.0059571536,0.03601607,0.6119039
2356,0.7411123,0.256832,0.034229323,0.084341794,0.5006075
2357,0.43824416,0.5918412,0.012920474,0.31373507,0.8989441
2358,0.47219667,0.52182144,0.012241275,0.13660839,0.6695288
2359,0.38925627,0.07303239,0.012479699,0.19744445,0.6692046
2360,0.48486024,0.43080574,0.012673736,0.020804489,0.5785077
2361,0.49351156,0.55935025,0.0067449897,0.011331754,0.6592955
2362,0.27727723,0.58587146,0.0069306716,0.063714996,0.51616865
2363,0.2939109,0.40910277,0.016403032,0.046119746,0.23109324
2364,0.41418782,0.6943027,0.017509557,0.120542295,0.65665823
2365,0.7567173,0.524212,0.0013777326,0.016979992,0.27221796
2366,0.73810315,0.90958625,0.010652511,0.21584621,0.083740406
2367,0.8728902,0.88363826,0.019419348,0.027585283,0.58634526
2368,0.61751264,0.8031738,0.0849471,0.09252366,0.40762815
2369,0.76699245,0.9384633,0.22118242,0.07531231,0.6572085
2370,0.61618555,0.57660156,0.0992954,0.013428255,0.8159669
2371,0.7711549,0.61103386,0.038178273,0.0349467,0.75689703
2372,0.8118252,0.26855758,0.07654563,0.03085051,0.8413048
2373,0.5012617,0.3634209,0.03882902,0.05561761,0.7364006
2374,0.3903596,0.23022674,0.09186979,0.011331754,0.5967269
2375,0.35253605,0.4864459,0.028382124,0.005001672,0.78116375
2376,0.570451,0.30746198,0.031618766,0.012053779,0.80286485
2377,0.52658623,0.36263055,0.072374016,0.007176882,0.8492225
2378,0.18535663,0.15090263,0.14743239,0.003678509,0.16694686
2379,0.14057204,0.6090011,0.020410309,0.019794779,0.8047131
2380,0.5072322,0.79486305,0.039490405,0.0065134983,0.77475387
2381,0.8562122,0.7181004,0.059319146,0.048676573,0.16317856
2382,0.3634209,0.874292,0.027795624,0.016340127,0.7620701
2383,0.691289,0.49061695,0.03114383,0.01798621,0.68794453
2384,0.71711093,0.31668615,0.1185891,0.0042812545,0.45913672
2385,0.6688803,0.8657925,0.14235108,0.040769268,0.6260099
2386,0.49556744,0.28917092,0.11221036,0.056652427,0.7233095
2387,0.7759446,0.5171899,0.10521054,0.0049245106,0.6585273
2388,0.49330556,0.7884203,0.24635197,0.008283626,0.4861943
2389,0.46432465,0.6960617,0.3793209,0.007725534,0.6028217
2390,0.70201963,0.69336915,0.013636836,0.01302049,0.75036985
2391,0.614394,0.60480744,0.14633106,0.039268754,0.8275496
2392,0.25776508,0.8030194,0.025130946,0.022802636,0.5643986
2393,0.547585,0.7523766,0.028436033,0.020371294,0.61080176
2394,0.84260434,0.6406359,0.13660839,0.0032476764,0.7916601
2395,0.9107044,0.7981868,0.022759154,0.015967654,0.6111499
2396,0.81669897,0.7409249,0.086632065,0.011463798,0.787768
2397,0.883236,0.47680804,0.0586686,0.0031236487,0.43788362
2398,0.17356819,0.501112,0.031678624,0.016029147,0.5886527
2399,0.6686639,0.35902697,0.028382124,0.08181271,0.5101762
2400,0.56235677,0.7839885,0.014281933,0.036562506,0.7676898
2401,0.3859531,0.44700766,0.041930523,0.04681203,0.6641048
2402,0.57104915,0.46733177,0.055005286,0.0140636265,0.470098
2403,0.6025294,0.048496,0.015130728,0.008950711,0.27963173
2404,0.71213204,0.387053,0.2810108,0.027376488,0.690246
2405,0.5811842,0.44122154,0.07463504,0.01990879,0.8352149
2406,0.54534626,0.427337,0.06779314,0.024940254,0.61039543
2407,0.347205,0.88759494,0.051749542,0.008219693,0.7478001
2408,0.4071566,0.7318259,0.008577486,0.071073666,0.16304526
2409,0.65190905,0.52145594,0.022672439,0.10951516,0.3709087
2410,0.14854057,0.14854057,0.073963374,0.010448625,0.31859115
2411,0.48486024,0.742048,0.05834584,0.0094125895,0.3816228
2412,0.056444027,0.5696133,0.22270013,0.012771867,0.66617113
2413,0.041462272,0.6886778,0.3307954,0.06572466,0.22371607
2414,0.018264277,0.44531846,0.4785441,0.06705629,0.56859547
2415,0.14878777,0.35131106,0.07821887,0.170508,0.4046839
2416,0.06489012,0.47123846,0.17953055,0.093678005,0.53871024
2417,0.031858854,0.23988314,0.13420755,0.11516222,0.54186344
2418,0.069668226,0.20149879,0.23970512,0.06656919,0.47358114
2419,0.1490353,0.2695178,0.25571522,0.10762492,0.5909563
2420,0.2509128,0.029145971,0.23792988,0.04751419,0.37536293
2421,0.014117893,0.08601588,0.14560063,0.15316878,0.59966093
2422,0.099996306,0.111627996,0.12754393,0.050611433,0.5550735
2423,0.090253234,0.019985152,0.20040116,0.009340025,0.38687927
2424,0.1522842,0.044348583,0.12656909,0.007606672,0.46983954
2425,0.16079243,0.041075893,0.09451043,0.06325052,0.8250265
2426,0.10105592,0.035477504,0.17092276,0.10800066,0.18286288
2427,0.16384642,0.13318956,0.18344729,0.20817892,0.84117436
2428,0.03971326,0.084795415,0.15241033,0.041384716,0.56901467
2429,0.028925717,0.13128456,0.2180027,0.102844074,0.54945934
2430,0.008610767,0.092359796,0.1573957,0.010091316,0.7981868
2431,0.15090263,0.026810195,0.095518075,0.010248602,0.61641645
2432,0.34609914,0.14366761,0.26626188,0.122418255,0.72095805
2433,0.06705629,0.14235108,0.28726768,0.109705776,0.51971936
2434,0.1187934,0.13409412,0.20134172,0.04751419,0.4369223
2435,0.069668226,0.1573957,0.42769548,0.068662286,0.21518578
2436,0.011029471,0.063714996,0.16926852,0.23739909,0.21452682
2437,0.026759284,0.19790912,0.040999025,0.30331892,0.6276089
2438,0.07423137,0.042087726,0.14104463,0.0434469,0.44417298
2439,0.076132484,0.087096825,0.17455094,0.16532342,0.6686639
2440,0.06548521,0.09602549,0.1664043,0.049681153,0.5896573
2441,0.0154839875,0.091220066,0.20673385,0.10194652,0.24131057
2442,0.045015533,0.073963374,0.14045411,0.11797801,0.44697744
2443,0.06816438,0.063134894,0.18126321,0.03138043,0.83155376
2444,0.32028958,0.050705366,0.26038948,0.3017734,0.6533481
2445,0.4002218,0.08210663,0.50222015,0.043854564,0.69884354
2446,0.11676402,0.024845436,0.47907713,0.040845715,0.8097278
2447,0.011419615,0.105948284,0.42310047,0.068288535,0.6734064
2448,0.07765744,0.1046602,0.560824,0.054499872,0.41923177
2449,0.17909943,0.0057749297,0.34609914,0.007695647,0.4132995
2450,0.061875988,0.15291561,0.0721122,0.01822929,0.8168451
2451,0.033652965,0.18491465,0.38583738,0.0355444,0.6567684
2452,0.10932483,0.04995852,0.54704064,0.020410309,0.057281975
2453,0.10070161,0.42608273,0.3566707,0.16384642,0.047425874
2454,0.029873092,0.019234259,0.04038907,0.039342504,0.23528406
2455,0.023779983,0.021656677,0.10818896,0.06620602,0.24364243
2456,0.039862495,0.016914913,0.046291903,0.015784562,0.09568694
2457,0.004736749,0.093678005,0.16132024,0.078078166,0.02013874
2458,0.008511303,0.10302442,0.08269734,0.07779745,0.057599206
2459,0.009783876,0.025468083,0.37891862,0.1538032,0.018334452
2460,0.019568674,0.1732882,0.15215817,0.075995214,0.042722195
2461,0.004556114,0.06348236,0.3601514,0.04248321,0.11066323
2462,0.0140636265,0.0067188703,0.07654563,0.28298813,0.28886992
2463,0.0068239546,0.20657375,0.02220123,0.015906392,0.16132024
2464,0.015906392,0.1161611,0.035211135,0.08359067,0.045268092
2465,0.019014435,0.07978202,0.28150436,0.042722195,0.05561761
2466,0.0053225355,0.13706978,0.18359363,0.09704756,0.07263671
2467,0.018833129,0.06791668,0.11797801,0.036562506,0.08803312
2468,0.00685048,0.06394842,0.15520647,0.12754393,0.1501534
2469,0.0032224844,0.063831605,0.15817435,0.10302442,0.15354916
2470,0.012920474,0.032405518,0.14596547,0.109134786,0.11940814
2471,0.021864556,0.045015533,0.22337708,0.061536737,0.4875362
2472,0.008577486,0.026759284,0.30735803,0.388386,0.09619517
2473,0.032589745,0.08897849,0.27289566,0.021246698,0.028274601
2474,0.012673736,0.08093671,0.3712506,0.19667186,0.0588847
2475,0.020884218,0.060640547,0.17441027,0.045522004,0.035144847
2476,0.052618954,0.17852582,0.10105592,0.41406935,0.07030385
2477,0.03015741,0.01001357,0.16735472,0.06816438,0.035078675
2478,0.0047000605,0.014392336,0.025957357,0.02199022,0.09451043
2479,0.002296159,0.009449081,0.028598359,0.061649624,0.027690258
2480,0.01798621,0.055412795,0.28497383,0.06097518,0.25497246
2481,0.0020829707,0.0039148238,0.02854415,0.037538007,0.12199923
2482,0.0059803305,0.04185213,0.045183755,0.3624049,0.057705317
2483,0.028870907,0.006463138,0.039268754,0.014672035,0.01621503
2484,0.012624949,0.015424552,0.03327394,0.101767845,0.005576545
2485,0.041539967,0.06418265,0.01155267,0.16384642,0.037608635
2486,0.009376237,0.002621441,0.07463504,0.25293726,0.1447523
2487,0.009670992,0.016529556,0.029535338,0.07477004,0.19163005
2488,0.048676573,0.0057525453,0.0131212715,0.45956117,0.0073743653
2489,0.012576348,0.0031236487,0.040845715,0.24059612,0.026205415
2490,0.008219693,0.003960788,0.03601607,0.22354652,0.023286305
2491,0.027220903,0.0067712096,0.010091316,0.1732882,0.011158031
2492,0.0020269002,0.012821214,0.015906392,0.08269734,0.21917035
2493,0.014447852,0.058453243,0.014172367,0.0434469,0.23739909
2494,0.025613915,0.018761083,0.02120612,0.18140818,0.25590113
2495,0.009340025,0.018905446,0.032222297,0.23005375,0.020293485
2496,0.0588847,0.0013885233,0.059866417,0.21568096,0.09041373
2497,0.09534947,0.008283626,0.02970375,0.30280325,0.05232763
2498,0.03890198,0.0029810327,0.012722708,0.2622746,0.065604836
2499,0.114368536,0.06730107,0.02854415,0.07463504,0.085251234
2500,0.048948623,0.027014792,0.023286305,0.0946777,0.16899405
2501,0.037608635,0.0055119344,0.08299415,0.33600417,0.037326887
2502,0.19360435,0.009633652,0.079495706,0.13240233,0.01990879
2503,0.017045317,0.024099445,0.04681203,0.24400254,0.09842541
2504,0.067423776,0.005281334,0.0070390454,0.13683893,0.12033541
2505,0.039490405,0.015365342,0.011687257,0.15215817,0.04369106
2506,0.049405243,0.015967654,0.020924192,0.34048516,0.022074388
2507,0.034229323,0.10230471,0.07751766,0.11992252,0.022243667
2508,0.07682221,0.065365784,0.010986943,0.07276838,0.01572399
2509,0.04995852,0.042882238,0.037892427,0.049681153,0.02178117
2510,0.08404061,0.044764314,0.03085051,0.27943507,0.025711587
2511,0.27503237,0.112795405,0.014957086,0.1066906,0.009633652
2512,0.041384716,0.011244561,0.011823394,0.16871995,0.06052939
2513,0.10613344,0.0041019293,0.024469668,0.05572029,0.060086653
2514,0.08993301,0.5106872,0.021574067,0.23633993,0.017375665
2515,0.06669065,0.09585608,0.037750274,0.08344117,0.010368157
2516,0.05155819,0.17967445,0.02479816,0.05997644,0.017442483
2517,0.045352582,0.08819004,0.08601588,0.092359796,0.005060332
2518,0.0610871,0.1999321,0.04995852,0.38410324,0.016466174
2519,0.07978202,0.28487435,0.004038592,0.16105618,0.02220123
2520,0.059866417,0.16184944,0.005911069,0.2216875,0.02355433
2521,0.119819485,0.034553625,0.021125194,0.083740406,0.014842416
2522,0.059101548,0.082549304,0.018761083,0.1561049,0.061875988
2523,0.0362883,0.1046602,0.01155267,0.17938675,0.039416388
2524,0.066934206,0.093678005,0.08137364,0.032283258,0.0067449897
2525,0.07463504,0.083740406,0.05572029,0.46141115,0.0069576087
2526,0.03015741,0.052037824,0.012194132,0.040162586,0.004166256
2527,0.018617803,0.03601607,0.02136889,0.35197902,0.0034564096
2528,0.0434469,0.0085443305,0.031261913,0.29634872,0.064771704
2529,0.055005286,0.07723878,0.027014792,0.19117662,0.0059340666
2530,0.06717858,0.062445287,0.05005131,0.17036992,0.015014749
2531,0.12678517,0.4362017,0.0610871,0.25201568,0.0019646613
2532,0.023330769,0.012479699,0.012007351,0.08166611,0.03890198
2533,0.036562506,0.20979328,0.012920474,0.01858215,0.0063635735
2534,0.08555635,0.074500255,0.0009927262,0.2168396,0.0027683855
2535,0.047425874,0.08601588,0.03904829,0.24346252,0.020293485
2536,0.3198645,0.07992552,0.018653521,0.020023443,0.017712299
2537,0.056444027,0.10212548,0.01155267,0.04038907,0.04001227
2538,0.12262825,0.13939638,0.00519988,0.071073666,0.015247591
2539,0.029929748,0.1852092,0.019756919,0.104294725,0.0037654135
2540,0.09451043,0.1161611,0.0021742254,0.19072403,0.01374232
2541,0.016721142,0.0824015,0.0068239546,0.054098696,0.086632065
2542,0.14021848,0.060418423,0.0045738644,0.09894659,0.4758793
2543,0.040464837,0.08555635,0.011288074,0.057176597,0.06572466
2544,0.11797801,0.33263552,0.002889581,0.16171701,0.124319285
2545,0.0434469,0.064771704,0.003692853,0.060086653,0.06979492
2546,0.17133833,0.03327394,0.0060503976,0.037047166,0.020100236
2547,0.060863446,0.01836964,0.0016941031,0.13718532,0.08929565
2548,0.010052369,0.011201214,0.001133569,0.022457052,0.041773878
2549,0.19102567,0.0946777,0.004810983,0.014392336,0.05379964
2550,0.056548133,0.1301748,0.003976228,0.024845436,0.11066323
2551,0.03861093,0.18010667,0.0016941031,0.13857833,0.10320506
2552,0.035144847,0.11221036,0.007725534,0.038178273,0.023779983
2553,0.05749328,0.05520869,0.0029810327,0.033462934,0.23739909
2554,0.01919745,0.13916224,0.004591684,0.0894546,0.019985152
2555,0.07531231,0.08284563,0.03044435,0.025226826,0.20024471
2556,0.010944578,0.083291925,0.003692853,0.09653532,0.059866417
2557,0.082549304,0.16277891,0.0019723359,0.058560826,0.22422527
2558,0.07544843,0.16105618,0.007489625,0.015663648,0.034749623
2559,0.018475594,0.07864238,0.002332234,0.0930168,0.16613355
2560,0.16052906,0.03574581,0.003960788,0.04751419,0.07906799
2561,0.06198946,0.07751766,0.00307537,0.037467506,0.20165595
2562,0.04069295,0.10411242,0.010818449,0.03302355,0.17909943
2563,0.038394015,0.12819736,0.0053640567,0.12326006,0.03378023
2564,0.059866417,0.017375665,0.0010362669,0.14270912,0.04543722
2565,0.11397347,0.043936536,0.0017614696,0.019419348,0.022328783
2566,0.20898497,0.07030385,0.0071214284,0.012576348,0.0075187176
2567,0.15546273,0.06916356,0.0070390454,0.036562506,0.06644793
2568,0.35331663,0.06705629,0.017644463,0.02970375,0.29188833
2569,0.2391716,0.695855,0.002387409,0.05749328,0.0588847
2570,0.27815875,0.08834723,0.0032476764,0.05005131,0.025565214
2571,0.19574778,0.31584147,0.0024060889,0.01858215,0.2384615
2572,0.066934206,0.12678517,0.0010525686,0.0154839875,0.107250325
2573,0.13318956,0.19193278,0.014281933,0.024376597,0.08181271
2574,0.29583988,0.19072403,0.0011649561,0.0153063545,0.045777272
2575,0.10521054,0.056548133,0.028816197,0.090092994,0.0992954
2576,0.07821887,0.05330468,0.0121471705,0.21076629,0.20673385
2577,0.23074637,0.06941547,0.009746104,0.039490405,0.09859886
2578,0.12984344,0.10743748,0.036977556,0.023464657,0.043609526
2579,0.35186765,0.15804437,0.04922211,0.063714996,0.045777272
2580,0.13546066,0.050705366,0.032589745,0.19713514,0.039564554
2581,0.24889915,0.10521054,0.012383785,0.14499426,0.099120855
2582,0.59366816,0.18952109,0.007489625,0.13296424,0.21502088
2583,0.3975875,0.12581532,0.16411418,0.06903793,0.0493136
2584,0.09790669,0.03378023,0.2260994,0.007232764,0.02145073
2585,0.09434342,0.1274353,0.7478001,0.024191486,0.031738594
2586,0.20833994,0.297572,0.3351332,0.055005286,0.027480694
2587,0.32477057,0.08299415,0.21255878,0.048496,0.033399824
2588,0.06941547,0.14499426,0.1422319,0.05572029,0.10338596
2589,0.2842779,0.096705794,0.37863138,0.039121646,0.031321116
2590,0.30445513,0.05749328,0.28328544,0.012194132,0.23283306
2591,0.15027806,0.020924192,0.49950504,0.06394842,0.15960999
2592,0.17455094,0.14669742,0.2594502,0.034229323,0.18025091
2593,0.13951357,0.043609526,0.22798456,0.004038592,0.27405986
2594,0.3233801,0.1435475,0.35242462,0.009783876,0.05419873
2595,0.28876963,0.2516477,0.19713514,0.0036216856,0.053700306
2596,0.12116485,0.08929565,0.12874405,0.004166256,0.044764314
2597,0.34224167,0.09451043,0.43965712,0.00078854576,0.10557884
2598,0.10141133,0.19421494,0.29128316,0.010693758,0.08616956
2599,0.097734325,0.44134188,0.43236297,0.016340127,0.019870713
2600,0.22644134,0.18653922,0.34709436,0.015247591,0.09653532
2601,0.20055768,0.1899715,0.2893717,0.0060503976,0.37547746
2602,0.12929276,0.08137364,0.55302256,0.002521268,0.24889915
2603,0.040464837,0.1606607,0.22270013,0.01243165,0.5042685
2604,0.4461327,0.085403666,0.3276683,0.011331754,0.18374003
2605,0.16158466,0.16762705,0.108566426,0.008156248,0.10951516
2606,0.11920292,0.120232075,0.25534365,0.0020348171,0.11143445
2607,0.24328269,0.13262685,0.17738296,0.0014895174,0.10230471
2608,0.07329728,0.31310463,0.274935,0.004886375,0.43422136
2609,0.05531065,0.12538631,0.3991674,0.010570489,0.37863138
2610,0.15152934,0.10266401,0.258326,0.0063883206,0.35925174
2611,0.02870708,0.7392342,0.18653922,0.009449081,0.021084841
2612,0.03321117,0.010944578,0.43320197,0.0046818224,0.45105445
2613,0.096705794,0.012624949,0.36116472,0.005040703,0.11357959
2614,0.21634248,0.03204008,0.10894504,0.03803509,0.2391716
2615,0.05340333,0.18432662,0.21354114,0.045522004,0.4208376
2616,0.09518112,0.11318691,0.10212548,0.0043653264,0.23144047
2617,0.21883628,0.32498476,0.22936256,0.0011030267,0.08269734
2618,0.09334688,0.11357959,0.31447142,0.0061212815,0.35913935
2619,0.16211458,0.01678549,0.274157,0.0013147246,0.29330325
2620,0.18982129,0.2617081,0.55187565,0.0032099616,0.21190567
2621,0.18728128,0.5455581,0.10613344,0.0043653264,0.40321434
2622,0.22151907,0.16465074,0.13477592,0.019681409,0.34444344
2623,0.1161611,0.09203286,0.36116472,0.033972,0.07765744
2624,0.31079894,0.14390805,0.09285216,0.007204769,0.14175598
2625,0.18198898,0.34831256,0.09318171,0.02199022,0.4415827
2626,0.04681203,0.3205022,0.5449225,0.0010733063,0.14694206
2627,0.18565173,0.11636177,0.36455128,0.013376604,0.084341794
2628,0.09807933,0.13117322,0.09859886,0.0012018913,0.06198946
2629,0.21304953,0.021532876,0.1859472,0.015014749,0.33003917
2630,0.21419789,0.08021325,0.4173902,0.0019494022,0.07558479
2631,0.2166738,0.18447348,0.08740792,0.010448625,0.42244506
2632,0.17356819,0.40028042,0.13072868,0.0015247863,0.17525558
2633,0.046205748,0.03204008,0.28547153,0.007606672,0.17217185
2634,0.19574778,0.19759925,0.19314739,0.008847355,0.06791668
2635,0.14878777,0.08035747,0.12797922,0.0015669889,0.058024745
2636,0.31111282,0.13050689,0.70659554,0.15804437,0.08404061
2637,0.13857833,0.05561761,0.08882029,0.0992954,0.1274353
2638,0.040313438,0.100878626,0.23952718,0.39676917,0.34169233
2639,0.024191486,0.15571934,0.037256766,0.09687654,0.1805397
2640,0.13028541,0.13672362,0.08269734,0.6369179,0.07531231
2641,0.020061802,0.21436232,0.16599831,0.32852942,0.32713068
2642,0.008283626,0.15241033,0.14560063,0.15960999,0.045862664
2643,0.028870907,0.13614832,0.21337718,0.1852092,0.08929565
2644,0.034036152,0.04569203,0.069668226,0.25460163,0.04001227
2645,0.11221036,0.042802144,0.04418332,0.06441767,0.1665398
2646,0.08269734,0.016403032,0.07779745,0.14092636,0.0715912
2647,0.020371294,0.11736965,0.024053553,0.17881244,0.35432136
2648,0.010328152,0.09807933,0.068662286,0.104294725,0.13139597
2649,0.013795364,0.029929748,0.05023736,0.100172214,0.12199923
2650,0.0721122,0.12538631,0.039862495,0.23353152,0.18565173
2651,0.022802636,0.009449081,0.03216145,0.08269734,0.06359858
2652,0.04401865,0.019160708,0.0019723359,0.014957086,0.25256833
2653,0.032713123,0.16000336,0.06441767,0.15405756,0.07030385
2654,0.039564554,0.028761586,0.03044435,0.2683658,0.45792446
2655,0.014899643,0.02096424,0.034100424,0.25515804,0.33731267
2656,0.0043994132,0.049497053,0.0054269433,0.15869519,0.4648105
2657,0.02898063,0.06816438,0.043609526,0.22867285,0.20850106
2658,0.1229438,0.027690258,0.037467506,0.075995214,0.19163005
2659,0.040313438,0.023021257,0.03581319,0.24707796,0.19421494
2660,0.073963374,0.0070664007,0.04922211,0.06176271,0.12852514
2661,0.008412978,0.27221796,0.04296247,0.09636511,0.12252322
2662,0.014392336,0.01919745,0.03378023,0.34037554,0.15065254
2663,0.0434469,0.09285216,0.022715755,0.45298958,0.1112412
2664,0.023109278,0.020924192,0.022243667,0.13916224,0.16357902
2665,0.028598359,0.1668111,0.026105914,0.107812636,0.33938956
2666,0.039937314,0.038538497,0.011642224,0.13139597,0.19728975
2667,0.042245496,0.021574067,0.068288535,0.18010667,0.22084616
2668,0.0145595195,0.030967517,0.0046636546,0.08464396,0.089136936
2669,0.05165378,0.011508149,0.017110888,0.6093498,0.11818139
2670,0.040845715,0.030733928,0.046291903,0.5455279,0.03204008
2671,0.16532342,0.12262825,0.017917344,0.43656197,0.17370832
2672,0.023375316,0.04569203,0.0058653383,0.06097518,0.4222664
2673,0.07477004,0.0065134983,0.003678509,0.03635666,0.23881637
2674,0.031321116,0.006463138,0.00268344,0.16505408,0.044597577
2675,0.021906367,0.014785407,0.006241259,0.09203286,0.054298937
2676,0.0228462,0.010052369,0.0018102111,0.03378023,0.030100338
2677,0.22236224,0.0007152324,0.010986943,0.0610871,0.12002562
2678,0.010652511,0.0065134983,0.013532149,0.32885265,0.031261913
2679,0.019419348,0.018475594,0.0567569,0.3394991,0.026708463
2680,0.009232215,0.010248602,0.008156248,0.38879207,0.068662286
2681,0.0035657366,0.011732464,0.008511303,0.52678406,0.0119150225
2682,0.04451443,0.010818449,0.019308086,0.42292166,0.0498659
2683,0.048405956,0.0022783307,0.017644463,0.4380939,0.1133831
2684,0.022328783,0.0056200367,0.0153063545,0.29900283,0.02970375
2685,0.034036152,0.010448625,0.021574067,0.2516477,0.05834584
2686,0.009020279,0.0055333884,0.023375316,0.18374003,0.12896329
2687,0.0018748617,0.0022606407,0.09334688,0.31859115,0.02145073
2688,0.0037362205,0.0053640567,0.061875988,0.16505408,0.014785407
2689,0.004591684,0.030214587,0.026155617,0.34587815,0.07935289
2690,0.0057302467,0.017375665,0.027480694,0.32584226,0.021822825
2691,0.016529556,0.02433019,0.02136889,0.07094482,0.039862495
2692,0.0058199596,0.009559399,0.450994,0.5703911,0.01001357
2693,0.008124708,0.011732464,0.3276683,0.6346565,0.03120282
2694,0.0057525453,0.0071214284,0.8044059,0.19528697,0.028598359
2695,0.00094730896,0.0089161275,0.53041893,0.0996453,0.026205415
2696,0.009670992,0.019271137,0.7483523,0.023870835,0.023644341
2697,0.0029349518,0.018941708,0.2656899,0.3680649,0.0154839875
2698,0.0015792594,0.008511303,0.48281014,0.2221934,0.11777492
2699,0.026006786,0.0071491017,0.5919591,0.27717942,0.017712299
2700,0.014842416,0.020293485,0.37989587,0.14511536,0.015543648
2701,0.0031726826,0.012821214,0.41935068,0.14965561,0.042245496
2702,0.004886375,0.01844021,0.49836728,0.03615194,0.094176665
2703,0.0014214043,0.04903962,0.32637876,0.023197627,0.035477504
2704,0.003991728,0.0070390454,0.5714079,0.077937685,0.0434469
2705,0.004468384,0.0065642493,0.36692995,0.009376237,0.15869519
2706,0.009232215,0.007846239,0.203866,0.0031236487,0.034164816
2707,0.0008559007,0.004886375,0.5757669,0.100878626,0.098772585
2708,0.0013939502,0.00462753,0.43428135,0.05042407,0.09790669
2709,0.0019043302,0.016979992,0.38867602,0.02854415,0.09334688
2710,0.0010044164,0.013273886,0.45386693,0.11777492,0.045268092
2711,0.0027469008,0.027428543,0.7232117,0.061199225,0.058131598
2712,0.010368157,0.001284308,0.7666432,0.06418265,0.10070161
2713,0.0035657366,0.012383785,0.5183481,0.027066175,0.030908957
2714,0.0054059005,0.35331663,0.54537654,0.015906392,0.037047166
2715,0.008478402,0.17909943,0.6512439,0.016340127,0.031858854
2716,0.015189049,0.46784842,0.337531,0.013222822,0.026708463
2717,0.0008761799,0.63624007,0.31837916,0.010818449,0.012527932
2718,0.0055549247,0.4862401,0.465266,0.00930395,0.03120282
2719,0.010448625,0.31226513,0.4656001,0.007204769,0.063134894
2720,0.021864556,0.38867602,0.5533243,0.020023443,0.048676573
2721,0.012920474,0.04069295,0.15431228,0.04418332,0.08344117
2722,0.029090757,0.26903743,0.5511208,0.078359805,0.15090263
2723,0.0033766122,0.2881683,0.6302299,0.03882902,0.014785407
2724,0.0047552,0.38780627,0.53123975,0.01822929,0.029929748
2725,0.007232764,0.039268754,0.35947657,0.044348583,0.0030634168
2726,0.008219693,0.4356614,0.6090011,0.02220123,0.0018530593
2727,0.0023413408,0.031439852,0.7518304,0.051941562,0.00930395
2728,0.0031480708,0.26779094,0.52574927,0.022414217,0.0011604197
2729,0.003707253,0.3599264,0.70140636,0.0071491017,0.0016293088
2730,0.0042151595,0.2830872,0.22781274,0.017110888,0.002491968
2731,0.1183851,0.06656919,0.4185781,0.03541073,0.003945407
2732,0.3955427,0.41893464,0.7252596,0.006073934,0.0062170783
2733,0.63770795,0.10631887,0.36466444,0.035611413,0.0130707845
2734,0.3991674,0.050611433,0.6077214,0.028114058,0.007968815
2735,0.43833435,0.2622746,0.59313804,0.039121646,0.013480103
2736,0.14021848,0.3900692,0.4195885,0.0047183693,0.0035657366
2737,0.12126888,0.36466444,0.7112304,0.1468197,0.026861202
2738,0.1799625,0.23863891,0.70140636,0.08122776,0.0079997545
2739,0.0658447,0.2941136,0.677474,0.040845715,0.0051196762
2740,0.12085322,0.08284563,0.75797355,0.0065642493,0.0046095722
2741,0.40568414,0.45510775,0.5533243,0.0037654135,0.0040860027
2742,0.046899255,0.19072403,0.6345433,0.016593177,0.018089995
2743,0.052037824,0.4330222,0.702938,0.026355354,0.009821793
2744,0.18579942,0.10123348,0.684264,0.3511998,0.008315778
2745,0.18447348,0.08694165,0.110279374,0.3004376,0.019531239
2746,0.1573957,0.20963143,0.49040338,0.75328517,0.01784874
2747,0.40586078,0.3671568,0.7764535,0.83196384,0.0033634927
2748,0.23144047,0.0355444,0.51661074,0.6629056,0.018055335
2749,0.16532342,0.17412923,0.728362,0.0751764,0.008187911
2750,0.23616375,0.14330755,0.40851268,0.60293865,0.0047552
2751,0.3037318,0.22850065,0.6575384,0.42960885,0.0058653383
2752,0.33785862,0.069668226,0.4257246,0.47839177,0.05470151
2753,0.0992954,0.035144847,0.8957053,0.6914973,0.0028671585
2754,0.124425635,0.11047116,0.79597545,0.29695997,0.003945407
2755,0.2193375,0.16586316,0.3138402,0.50448215,0.0031726826
2756,0.16776334,0.08093671,0.654674,0.5621164,0.006413164
2757,0.020061802,0.01858215,0.57158726,0.6688803,0.003324437
2758,0.24926445,0.073430054,0.86373675,0.4406197,0.019345105
2759,0.2666436,0.1732882,0.5454673,0.4046251,0.0012448432
2760,0.46938345,0.36624968,0.6587469,0.39770445,0.0027683855
2761,0.13409412,0.40544873,0.28437722,0.40751025,0.0040860027
2762,0.35532737,0.14330755,0.5865228,0.6206791,0.007695647
2763,0.15882562,0.28866935,0.20149879,0.7611836,0.005099818
2764,0.25275275,0.38658977,0.47764555,0.4961644,0.0015307452
2765,0.14438997,0.08269734,0.25664565,0.5420755,0.002631674
2766,0.07030385,0.22936256,0.5279402,0.6591858,0.023644341
2767,0.44836587,0.13963085,0.43608165,0.5892437,0.0035936027
2768,0.23126681,0.7180016,0.85848147,0.72242916,0.0085443305
2769,0.10302442,0.48954162,0.57290196,0.6089429,0.003991728
2770,0.1592174,0.58403397,0.25701845,0.28846887,0.12570795
2771,0.14092636,0.45429057,0.47694507,0.54292387,0.20102783
2772,0.14092636,0.11496336,0.3896046,0.6402986,0.23300752
2773,0.20228557,0.26961395,0.65742844,0.054802597,0.40533105
2774,0.14199378,0.024892801,0.7392342,0.2902762,0.4943011
2775,0.4608348,0.10650459,0.15443976,0.69014156,0.05572029
2776,0.1887722,0.063714996,0.27933675,0.34356195,0.2630311
2777,0.05232763,0.005343256,0.47055414,0.1831549,0.11576065
2778,0.07737811,0.04813677,0.6807725,0.50482166,0.19238758
2779,0.16211458,0.024053553,0.46645063,0.23881637,0.11143445
2780,0.052230857,0.009936419,0.7541916,0.48909172,0.20641373
2781,0.30663085,0.038466193,0.51434696,0.413714,0.20657375
2782,0.08897849,0.07369627,0.9097468,0.5477362,0.38902417
2783,0.22729777,0.030792167,0.5262667,0.3875744,0.08961382
2784,0.07172112,0.030792167,0.282493,0.7525585,0.21601155
2785,0.1187934,0.01784874,0.57104915,0.47880304,0.051367506
2786,0.08834723,0.10070161,0.674801,0.7348813,0.18344729
2787,0.032651376,0.017309096,0.5585979,0.7240906,0.5119301
2788,0.09170697,0.003750789,0.3276683,0.8097278,0.05330468
2789,0.2146914,0.01374232,0.86938226,0.5245773,0.34587815
2790,0.5584775,0.029591374,0.289874,0.51215124,0.47310948
2791,0.1187934,0.03085051,0.5506074,0.416856,0.3903596
2792,0.23810701,0.018905446,0.4491812,0.402216,0.43911588
2793,0.023330769,0.039195135,0.16776334,0.1425897,0.24744146
2794,0.03114383,0.037326887,0.35779187,0.44860741,0.2166738
2795,0.40969306,0.056652427,0.70150864,0.6779006,0.20040116
2796,0.13534632,0.038538497,0.0013939502,0.56685793,0.60445726
2797,0.39963588,0.028220989,0.0021489493,0.21436232,0.23633993
2798,0.029256709,0.069668226,0.007785655,0.35164496,0.35868996
2799,0.46326214,0.023734685,0.0007350449,0.49478927,0.597373
2800,0.17217185,0.02532306,0.0027469008,0.23005375,0.22490549
2801,0.08678673,0.013325147,0.003135836,0.35443306,0.087563835
2802,0.28022227,0.033526164,0.0004994205,0.63860995,0.05399884
2803,0.28497383,0.5212427,0.0027044292,0.25349122,0.14092636
2804,0.55877846,0.9094255,0.0011030267,0.5060002,0.7676898
2805,0.16317856,0.6721165,0.00024346048,0.43032688,0.28766775
2806,0.19012183,0.7774689,0.0003275843,0.3706809,0.67896587
2807,0.10248422,0.7364006,0.00015476662,0.59231293,0.20008835
2808,0.036838703,0.6693127,0.0012303583,0.72710437,0.3051794
2809,0.060086653,0.5101915,0.002472623,0.53133094,0.033399824
2810,0.32402146,0.45032918,0.0029810327,0.37605008,0.12085322
2811,0.12721828,0.17398883,0.0019192374,0.84733725,0.084341794
2812,0.37708178,0.7929457,0.000628784,0.6534587,0.1769559
2813,0.17314835,0.39536762,0.00038446192,0.20561503,0.01678549
2814,0.32402146,0.31310463,0.001284308,0.43206343,0.112405084
2815,0.23091978,0.36999774,0.00016474655,0.1169656,0.17852582
2816,0.07978202,0.4639603,0.0013831174,0.15367615,0.17078441
2817,0.019719128,0.52774245,0.0018530593,0.2649285,0.10070161
2818,0.078359805,0.25851312,0.00013658353,0.2902762,0.6004813
2819,0.02433019,0.78032786,0.0023596608,0.642881,0.3907083
2820,0.024237635,0.15178062,0.0003859661,0.59854686,0.6118459
2821,0.0018602987,0.1769559,9.387641e-05,0.78727776,0.22034244
2822,0.0053640567,0.70385486,0.00072648755,0.3274532,0.16478509
2823,0.006903838,0.7433543,0.0026112476,0.48137763,0.03825006
2824,0.004556114,0.5670977,0.00014539114,0.5814219,0.36624968
2825,0.03234433,0.5772571,0.0004583129,0.7291342,0.33851433
2826,0.015967654,0.5444684,0.0014269596,0.48034155,0.26208568
2827,0.008124708,0.5445289,0.0010525686,0.45017812,0.31552503
2828,0.064771704,0.41970742,0.0047552,0.1112412,0.0355444
2829,0.012383785,0.7932662,0.0005680935,0.4385748,0.03114383
2830,0.0123361,0.49238646,0.00109019,0.76242405,0.1816984
2831,0.022286186,0.54455924,0.0011695103,0.4254262,0.57349926
2832,0.021246698,0.22815649,0.00020502214,0.61207783,0.6173396
2833,0.073430054,0.6313671,0.00013658353,0.8040984,0.47892484
2834,0.0705596,0.71442884,0.000310156,0.583144,0.1431877
2835,0.064535476,0.4750878,0.0003175088,0.12262825,0.24689633
2836,0.017712299,0.6751224,0.0005747862,0.5788649,0.030100338
2837,0.002225671,0.05291181,0.0014103585,0.45886397,0.019234259
2838,0.092196204,0.5622967,0.00024923251,0.53002363,0.012771867
2839,0.057705317,0.5013161,0.00022693386,0.37536293,0.046291903
2840,0.045522004,0.5225068,0.0014837189,0.53133094,0.041695766
2841,0.030967517,0.40016317,6.553816e-05,0.2914848,0.0072608665
2842,0.009898064,0.27028757,0.00044770088,0.67779404,0.028220989
2843,0.04200906,0.60987276,0.0017342081,0.55178505,0.006289902
2844,0.021491766,0.15533456,0.00025118678,0.71203196,0.019456575
2845,0.012624949,0.35678276,0.00014091856,0.51219696,0.03882902
2846,0.02355433,0.73392886,0.000628784,0.5240446,0.02249997
2847,0.005685907,0.42238548,6.402006e-05,0.16586316,0.010652511
2848,0.00809329,0.4013358,0.00044421837,0.47814807,0.009559399
2849,0.026861202,0.36105207,0.0019418169,0.682891,0.015906392
2850,0.017712299,0.3681785,0.0001465313,0.63533556,0.0027683855
2851,0.13951357,0.35042137,0.0007916296,0.4622303,0.053899154
2852,0.012722708,0.3287449,0.0021997981,0.3952509,0.022243667
2853,0.030908957,0.92563426,0.0028118587,0.69657785,0.02120612
2854,0.0030873695,0.39595136,0.0003668626,0.39280254,0.024376597
2855,0.009449081,0.44812435,0.0013831174,0.003135836,0.0060503976
2856,0.024516335,0.5886527,0.00043055712,0.00036973887,0.022715755
2857,0.024656856,0.30996287,0.00014883849,8.092757e-05,0.017576884
2858,0.019756919,0.27154136,0.0023688741,0.0010608152,0.034358688
2859,0.04038907,0.41353634,0.00025118678,0.0023596608,0.039121646
2860,0.004792317,0.8508408,0.002631674,0.0010691263,0.07572137
2861,0.058238626,0.70324385,0.0012207952,0.00021654405,0.015906392
2862,0.013325147,0.22135067,0.0007350449,0.0003799845,0.14390805
2863,0.0067188703,0.7439129,0.00084924564,0.0003597694,0.034880888
2864,0.02470387,0.4635353,0.0006825019,0.0005571117,0.027690258
2865,0.038538497,0.54704064,0.003337405,0.0015487612,0.078925885
2866,0.00809329,0.23039988,0.0011786721,0.0017891593,0.011777843
2867,0.004198795,0.5554352,0.00054847926,0.0021322616,0.01778039
2868,0.003524341,0.58219415,0.00024536948,0.0002082501,0.027585283
2869,0.0033634927,0.16968088,0.0019955386,0.00026738262,0.04248321
2870,0.03327394,0.6383846,0.00081355654,0.0005193049,0.014009566
2871,0.69014156,0.7000752,0.00307537,0.0006436856,0.005159623
2872,0.8957053,0.4132995,0.0006436856,9.610242e-05,0.024892801
2873,0.7047701,0.6841585,0.0007096704,0.0003125878,0.0128707485
2874,0.7565375,0.46380854,0.00017674513,0.0017614696,0.01840489
2875,0.17483252,0.83828294,0.0010649627,0.00063124346,0.016029147
2876,0.4834655,0.4707822,0.00011147904,0.0004859561,0.018617803
2877,0.6984323,0.5444381,0.00021485926,0.00014539114,0.06766981
2878,0.59760785,0.10502681,7.543321e-05,0.002673006,0.010328152
2879,0.5142631,0.4698243,0.0005072813,0.00074661145,0.090735495
2880,0.5795194,0.1266771,0.0008864989,0.0002551414,0.018334452
2881,0.59419805,0.6436653,0.00020027377,0.0012497094,0.07696084
2882,0.57618433,0.3083985,0.00048217614,0.0012994275,0.14163722
2883,0.6972998,0.2052962,0.0026112476,0.0014437558,0.05399884
2884,0.7718435,0.59625685,0.00090396777,0.005685907,0.0057525453
2885,0.48808515,0.5791624,0.00094730896,0.00013765463,0.0057302467
2886,0.41359556,0.4088077,0.0003668626,0.00075835997,0.011508149
2887,0.33567742,0.0005571117,5.7387595e-05,0.00019260288,0.049589027
2888,0.61820436,0.000310156,0.0006142272,0.00012533752,0.02942358
2889,0.70669675,0.0007069056,0.00094361923,0.00025915826,0.002074867
2890,0.4696115,0.00026738262,5.5622066e-05,0.00019260288,0.05042407
2891,0.36692995,0.0020269002,0.0007702932,0.004133968,0.0824015
2892,0.61952883,0.0010362669,0.0006771943,0.0006825019,0.060418423
2893,0.7089184,0.00017130819,0.0005274784,0.00023597175,0.028220989
2894,0.42298123,0.00045474793,7.843789e-05,0.0025409926,0.022414217
2895,0.6065567,0.00057254656,0.00017265156,0.00015720345,0.4039195
2896,0.5799358,3.2192336e-05,0.00019871553,0.0012545944,0.49293944
2897,0.5714677,0.00035836728,4.2315594e-05,0.0018386652,0.39987022
2898,0.45368537,0.0011604197,3.4808123e-05,0.00042223287,0.50875
2899,0.7601169,0.0009110512,0.0015307452,0.000621463,0.42662016
2900,0.5252623,0.00012931564,0.0003859661,0.0036076165,0.15649123
2901,0.48794022,0.00038296366,0.00042058743,0.004556114,0.63635314
2902,0.69966495,0.00021654405,0.00078547397,0.0011424496,0.8767399
2903,0.6971968,0.0013993983,0.0002216781,0.0006361912,0.45625833
2904,0.74706274,0.00013873412,0.0002758679,0.0023781238,0.6196439
2905,0.75725627,0.00042720788,0.0003077431,0.0017752605,0.46022826
2906,0.6897238,0.00025714198,0.0006959537,0.0006411777,0.53603965
2907,0.631026,0.0005233757,0.00017130819,0.00307537,0.3548801
2908,0.4874904,0.00045121065,0.0010817152,0.0016743992,0.80022407
2909,0.6563279,0.00020662983,0.00042058743,0.0004691764,0.41152468
2910,0.56559867,0.00010804956,0.0013723687,0.0022083889,0.5092305
2911,0.42954904,0.00012148176,0.0010202174,0.00094730896,0.6050992
2912,0.6664968,0.0009399439,0.0009927262,0.001648483,0.29695997
2913,0.18713269,0.0002959571,0.0003889921,0.00080095365,0.7588682
2914,0.67405045,0.00041731575,0.0006361912,0.0008328334,0.6905591
2915,0.6931614,0.0006166297,0.0001344663,0.001957017,0.6096404
2916,0.81331253,0.00042887923,0.00021318757,0.0015307452,0.36863297
2917,0.49814793,0.00014425986,0.00024923251,0.008251599,0.70304
2918,0.46602532,0.00038147115,0.00021654405,0.0007613258,0.49084577
2919,0.725843,0.00020027377,0.000493605,0.0008761799,0.8594279
2920,0.3501991,0.00013238186,0.00040133507,0.00033015272,0.80286485
2921,0.79755676,0.00062389387,0.00049168157,0.0003889921,0.68257374
2922,0.7523766,0.00044595622,0.0021997981,0.00019260288,0.30239108
2923,0.35689482,0.00041731575,0.00020662983,0.0016743992,0.49089912
2924,0.74816835,0.00063124346,0.00042058743,0.0005614788,0.7026321
2925,0.37673777,0.0008830458,0.00013238186,0.0042646346,0.4397173
2926,0.35342818,0.00020184422,0.0013147246,0.0012113064,0.41046086
2927,0.67168593,0.00026530237,0.00084264233,0.00046552691,0.7190878
2928,0.26740816,0.0017752605,7.0863265e-05,0.0016293088,0.49328655
2929,0.24744146,0.00024156629,0.0022606407,0.00023231418,0.66671383
2930,0.5804709,0.001012286,0.00038446192,0.0017891593,0.74502754
2931,0.79198194,6.2050494e-05,0.00055494095,0.0017961492,0.43062615
2932,0.4780415,7.368593e-05,0.00041406954,0.0020348171,0.46897298
2933,0.7659437,0.000119598575,0.00023231418,0.00023968685,0.6255525
2934,0.43374163,0.0004897656,0.00074661145,0.00036829791,0.6551154
2935,0.39012724,0.00018667821,0.02025469,0.0005152657,0.7318259
2936,0.48454776,0.000628784,0.044764314,0.00053578056,0.28487435
2937,0.46602532,0.00036543285,0.06730107,0.00059071044,0.86431044
2938,0.4356014,0.00087276706,0.078359805,0.00041245588,0.5777932
2939,0.25608712,0.0002758679,0.018725162,0.00027159214,0.5672176
2940,0.3451053,0.00053369283,0.046551272,0.0008263576,0.75036985
2941,0.13072868,0.0017752605,0.010652511,0.00027372167,0.43512127
2942,0.69678426,0.0013993983,0.04885778,0.00042887923,0.6087685
2943,0.2780607,0.00052133633,0.012576348,0.00026119032,0.3098584
2944,0.70992494,0.0008864989,0.012479699,0.00034196206,0.309128
2945,0.549006,0.0006386796,0.010611421,0.00027159214,0.18111832
2946,0.84530497,0.0033766122,0.012722708,0.00040448149,0.562537
2947,0.69802076,0.0003125878,0.02784845,0.000720838,0.7498207
2948,0.7444706,4.4346274e-05,0.05613278,6.253713e-05,0.640411
2949,0.8499712,0.00037118542,0.0053225355,3.734357e-05,0.87726665
2950,0.7689067,0.00015118199,0.04038907,0.00022516825,0.63420355
2951,0.7478001,0.000559291,0.020488555,0.00074661145,0.28328544
2952,0.32188618,0.0007408056,0.16913125,0.0010005044,0.16438228
2953,0.79358625,0.00029137006,0.023825368,0.0008693674,0.61468315
2954,0.7849791,0.0001535624,0.06730107,0.00010637458,0.17667161
2955,0.38317955,0.00059071044,0.055515114,0.0017342081,0.744842
2956,0.68056023,0.0003150387,0.008985429,0.0013564017,0.611614
2957,0.6396235,0.0006361912,0.023509452,0.00031999825,0.7905303
2958,0.31890923,0.0012743262,0.09186979,0.001107339,0.35801628
2959,0.36161548,0.00502115,0.01433703,0.00041406954,0.36319503
2960,0.51112944,0.00017536995,0.01798621,0.000310156,0.45468402
2961,0.5186833,0.0029810327,0.03461884,0.00069867563,0.315947
2962,0.44326904,0.00080095365,0.0035796429,0.00050333556,0.78858316
2963,0.7394224,0.0006959537,0.01001357,0.0005295418,0.16899405
2964,0.44393188,0.0002758679,0.010091316,0.00033015272,0.6402986
2965,0.624637,0.0008231386,0.0068239546,0.0005976694,0.31184584
2966,0.5096576,0.0012351678,0.009708476,0.00021995338,0.32412842
2967,0.3262714,0.00084924564,0.0140636265,0.00042058743,0.7595823
2968,0.35298198,0.005641909,0.010860331,0.00046734812,0.68489665
2969,0.6808786,0.0008525666,0.048948623,0.00072932884,0.5622366
2970,0.6475754,0.00023782204,0.021656677,0.0006462033,0.8623517
2971,0.83867973,0.00023597175,0.030100338,0.00012830943,0.47528568
2972,0.86130506,0.00023413582,0.014842416,0.00050333556,0.5868188
2973,0.6228035,0.00013873412,0.027742893,4.947159e-05,0.38972074
2974,0.58444905,0.00035836728,0.01384861,0.09585608,0.52990204
2975,0.49588025,0.00036543285,0.013273886,0.030967517,0.5093373
2976,0.36026397,0.0020111583,0.0087791085,0.014957086,0.5345518
2977,0.4087487,0.00037118542,0.01621503,0.14116298,0.19314739
2978,0.32380763,0.0010566838,0.0005378764,0.03601607,0.23722234
2979,0.6095823,0.0008231386,0.0003935756,0.07821887,0.4361417
2980,0.34665188,0.0013250224,0.00033797944,0.0065897717,0.89858866
2981,0.46150213,0.00019411318,0.00023413582,0.018689308,0.9053223
2982,0.5215473,0.00095101306,0.0006436856,0.014899643,0.8112278
2983,0.0005442133,0.0017342081,0.00058611616,0.0059803305,0.61878043
2984,0.0007152324,0.0006825019,7.967301e-05,0.0498659,0.7576151
2985,0.003197487,0.00019260288,0.00026323833,0.07356305,0.26874945
2986,0.00036117696,0.0029694452,0.00023782204,0.0042646346,0.59819484
2987,0.006463138,3.7931623e-05,0.00042223287,0.014227047,0.64968973
2988,0.00026119032,0.0018748617,0.0005092657,0.0119150225,0.21717146
2989,0.00045121065,0.0006932423,0.0008693674,0.05942822,0.5180128
2990,0.0007613258,0.0013354007,0.0006190417,0.029986508,0.5736187
2991,0.0007321813,0.0002287133,8.029784e-05,0.04023794,0.5846862
2992,0.0011247575,0.0005112579,0.0003175088,0.08993301,0.431704
2993,0.0011832798,0.00075835997,0.00024729347,0.023916386,0.6046324
2994,0.0012994275,0.00046190585,0.0011513996,0.01433703,0.0005274784
2995,0.0010362669,7.602479e-05,0.00095846487,0.015603535,0.0075187176
2996,0.0003726377,0.00040448149,8.614651e-05,0.06979492,0.0013511209
2997,0.0014214043,0.0001673405,0.0010403185,0.008745182,0.00057254656
2998,0.00019563535,0.0012793075,0.0009927262,0.01678549,0.0011030267
2999,0.0002082501,0.0009622126,0.00029827765,0.0140636265,0.0006959537
3000,0.00024729347,0.00020662983,0.0002216781,0.14104463,0.00023968685
3001,0.001107339,5.694103e-05,0.0002216781,0.0057525453,0.00030534892
3002,0.0007643033,0.00042058743,0.00012931564,0.01461567,0.0006166297
3003,0.00043563012,0.0004029052,6.922184e-05,0.016721142,0.001507049
3004,0.0009888597,0.000493605,0.00044770088,0.12929276,0.0007947255
3005,0.0004840624,0.00028685408,0.00046734812,0.02763772,0.00012243443
3006,0.0015487612,0.00028685408,0.0014437558,0.12721828,0.0023781238
3007,0.00060471025,0.00017400544,0.00039051395,0.05613278,0.00053578056
3008,0.0016809418,0.00029827765,0.0001896174,0.027901376,0.0011469158
3009,0.00042058743,0.00042058743,0.00026119032,0.020371294,0.0006411777
3010,0.0011160142,9.83812e-05,0.0001465313,0.046724956,0.0018530593
3011,0.0003275843,0.0002824081,0.000110611596,0.020449394,0.00053161324
3012,0.00018093576,0.00012148176,0.00014883849,0.019014435,0.00023968685
3013,7.543321e-05,0.00048217614,7.141902e-05,0.011961099,0.0003740956
3014,0.0007613258,0.0003799845,0.00027372167,0.029090757,0.0015129384
3015,0.0006000072,0.00013982208,0.0005274784,0.008030813,0.00017813111
3016,0.00040606395,3.8528935e-05,0.00032503586,0.015663648,0.00042887923
3017,0.001294368,0.00015967865,0.00039666123,0.0039300853,0.000559291
3018,0.004248079,0.00062633416,0.0006538155,0.006463138,0.0006932423
3019,0.00047101185,0.0006615174,0.030967517,0.038466193,0.0013993983
3020,0.0006878511,0.00077632995,0.30342212,0.005598249,0.0011291547
3021,0.00017536995,0.00046190585,0.091058284,0.00035697065,0.00028685408
3022,0.00060471025,0.00013032975,0.06816438,0.0009362828,0.0003935756
3023,0.00096975197,0.0003029734,0.05023736,0.00023968685,0.00018378456
3024,0.0009735438,0.00025915826,0.04509957,0.0003982131,8.156225e-05
3025,0.00017265156,0.00041245588,0.009485713,0.0002758679,0.00079783343
3026,6.7092245e-05,0.0004583129,0.104294725,0.0007408056,0.00026119032
3027,0.0020348171,0.00023782204,0.010611421,0.0004390453,0.0002287133
3028,0.0008626078,0.0002082501,0.027532939,0.00016603847,0.0020829707
3029,0.0010566838,0.00035557945,0.04822634,0.0003982131,0.0015548134
3030,0.0005112579,0.00025915826,0.10070161,0.00044421837,0.0011972112
3031,0.0013198634,0.00044945232,0.028816197,0.00076729245,0.00047656128
3032,0.0031480708,0.00050137425,0.071332,0.0002758679,0.00012148176
3033,0.00059071044,0.00026530237,0.0022606407,0.00027159214,0.00078241405
3034,0.0005571117,0.00026738262,0.1183851,0.001264422,0.00057254656
3035,0.00047470425,0.00027159214,0.028870907,9.387641e-05,0.00024346048
3036,0.0011160142,0.00015598028,0.010248602,0.00015967865,0.0003275843
3037,0.0029235429,7.311254e-05,0.02931223,0.0012497094,0.000865981
3038,0.0018315102,0.00025315638,0.046205748,0.00041894842,0.0032986512
3039,0.003324437,0.00042388475,0.011687257,0.0005112579,0.0005571117
3040,0.00065126823,0.00049553596,0.02470387,0.00017674513,0.0012113064
3041,0.0012448432,0.00010975091,0.07329728,0.0006337125,0.0015307452
3042,0.00054847926,0.00040133507,0.04038907,0.00035419365,0.0003982131
3043,0.0024249144,0.00025118678,0.0038244836,0.000310156,0.0006589401
3044,0.0020033333,0.0007643033,0.01678549,0.0029694452,0.0010649627
3045,0.0015792594,7.254362e-05,0.041384716,0.00047101185,0.0024060889
3046,0.0024822769,0.11377637,0.08122776,0.00033015272,0.00109019
3047,0.002673006,0.06791668,0.1495314,4.2315594e-05,0.0006589401
3048,0.00045121065,0.04813677,0.01627746,0.00083935994,0.0010005044
3049,0.0015367271,0.008251599,0.07765744,0.00018093576,0.0014158707
3050,0.00069054146,0.013325147,0.029090757,0.0012351678,0.0019418169
3051,0.0008040859,0.02732453,0.041462272,0.00019260288,0.00012339458
3052,0.0006166297,0.048948623,0.09518112,0.00025915826,0.00094730896
3053,0.00026323833,0.016593177,0.10338596,0.0015669889,0.00015720345
3054,0.00012830943,0.02442309,0.005159623,0.00029827765,0.0006000072
3055,0.00024346048,0.045268092,0.069668226,0.00079783343,0.0016040892
3056,0.0005976694,0.098772585,0.03155902,0.0013617034,0.0022872277
3057,0.00039977103,0.20481864,0.019643761,0.00025118678,0.0011380006
3058,0.0006190417,0.004198795,0.02763772,0.00081355654,0.00014313738
3059,0.0027576224,0.07878401,0.037256766,0.0011469158,0.0011786721
3060,0.0060269516,0.03429395,0.0362883,0.00039511538,0.0011030267
3061,0.0009773504,0.0019267347,0.0751764,0.00017813111,0.0006436856
3062,0.00046734812,0.047337715,0.14977993,9.242113e-05,0.0024249144
3063,0.00018093576,0.008985429,0.112795405,0.00027372167,0.0007350449
3064,0.0002098831,0.010652511,0.0074317735,0.00062633416,0.00052542303
3065,0.00054847926,0.10706346,0.014117893,0.0003668626,0.0006589401
3066,0.00091819005,0.15482272,0.08122776,0.03302355,0.0003175088
3067,0.0055333884,0.076683804,0.071073666,0.13557506,0.00080095365
3068,0.0014664583,0.15253653,0.035477504,0.05942822,0.0012113064
3069,0.00012339458,0.033652965,0.036977556,0.033462934,0.0028671585
3070,0.00021152887,0.04185213,0.4442935,0.02970375,0.0004583129
3071,0.0017614696,0.0434469,0.41786525,0.029035643,0.00074370287
3072,0.00056588,0.029035643,0.64657176,0.012053779,0.00010637458
3073,0.0022783307,0.010052369,0.5696731,0.031618766,0.00012339458
3074,0.0008167381,0.01717671,0.46135044,0.035211135,0.00033535014
3075,0.00026119032,0.018653521,0.5547117,0.10539454,0.000119598575
3076,0.0007014083,0.0065642493,0.569314,0.039268754,0.00050137425
3077,0.0016356753,0.00619299,0.86083776,0.13660839,0.0002959571
3078,0.001032231,0.038178273,0.7594039,0.037538007,0.00044595622
3079,0.0016809418,0.037963696,0.25256833,0.15700756,0.00075540564
3080,0.00063124346,0.042166542,0.30860683,0.025711587,0.0025608707
3081,0.000628784,0.047425874,0.43086562,0.012288597,0.00071802974
3082,0.0006436856,0.02237146,0.6408606,0.047425874,0.00078547397
3083,0.00041245588,0.011115014,0.28417853,0.005001672,0.00076729245
3084,0.00055062474,0.03296124,0.49333993,0.017045317,0.00052542303
3085,0.00035419365,0.0063143647,0.38352585,0.04822634,0.0004156895
3086,0.0003473453,0.014728614,0.5895392,0.17441027,6.814872e-05
3087,0.00040606395,0.038466193,0.69637144,0.020332353,0.00010975091
3088,4.4346274e-05,0.09756223,0.43458128,0.087720014,0.00049168157
3089,0.00029137006,0.0130707845,0.659734,0.019234259,0.0013670257
3090,0.0011291547,0.07477004,0.53193885,0.03904829,0.00069867563
3091,0.0007643033,0.04858621,0.6247515,0.01778039,0.0006166297
3092,0.00010637458,0.0036076165,0.6211388,0.0085443305,0.00017400544
3093,0.0005527786,0.0007379196,0.62337685,0.026506126,0.00307537
3094,0.0005420927,0.00015118199,0.6417592,0.04001227,0.00044421837
3095,0.0007096704,0.0002959571,0.6200466,0.13986565,0.00024923251
3096,0.00020184422,0.00044076296,0.5994265,0.1169656,0.00019110432
3097,0.00020502214,0.00040606395,0.5822535,0.02178117,0.00049168157
3098,0.00042887923,0.00012533752,0.56985265,0.012288597,0.000104725565
3099,0.0002216781,0.0010817152,0.4627158,0.034100424,0.0002082501
3100,0.00016093082,0.0006142272,0.593786,0.005240449,0.00042887923
3101,7.782753e-05,1.6701422e-05,0.70952255,0.037326887,0.00026119032
3102,0.0003029734,5.5189234e-05,0.5614252,0.15533456,0.0004424873
3103,8.029784e-05,0.00036973887,0.77509457,0.01461567,0.00046734812
3104,0.0006959537,0.00015843622,0.6734064,0.031321116,0.00029137006
3105,0.0008360903,0.00039051395,0.52299404,0.10818896,0.0004076526
3106,0.00047842565,0.00090044667,0.13764834,0.009161027,0.00010637458
3107,0.00048785712,0.0005976694,0.7331653,0.09186979,0.0003740956
3108,0.0003029734,0.0003935756,0.35936412,0.018978037,0.0001673405
3109,0.00033797944,0.00044945232,0.5210295,0.276007,7.311254e-05
3110,0.00025714198,0.00017536995,0.8271311,0.03378023,0.0003406293
3111,0.00022516825,0.00023413582,0.5007453,0.05300977,0.00052133633
3112,0.0016040892,0.0004897656,0.71393055,0.016029147,0.00078547397
3113,0.00053369283,0.00037118542,0.49961066,0.007665875,0.0004322415
3114,0.0016229671,0.0003029734,0.65555656,0.019832712,0.0003029734
3115,0.0010044164,0.00011147904,0.60247093,0.056548133,0.00017813111
3116,0.025760558,0.0006719278,0.55434984,0.09653532,0.00014768039
3117,0.18491465,0.00024923251,0.6466834,0.020844316,0.00034464317
3118,0.019345105,0.000119598575,0.66443145,0.035012625,0.0008693674
3119,0.0031236487,0.00028685408,0.7602949,0.05350215,0.000117744596
3120,0.015967654,0.00010804956,0.5507282,0.013584392,0.00027159214
3121,0.010489091,0.00016219282,0.8477158,0.7049733,0.00025315638
3122,0.034488525,0.00032250723,0.38832805,0.46967226,9.915273e-05
3123,0.013532149,0.000104725565,0.47504216,0.8304567,5.3491327e-05
3124,0.014117893,0.0001072088,0.5131043,0.50406635,0.0012113064
3125,0.01627746,3.7931623e-05,0.8746137,0.26798248,0.00014425986
3126,0.0140636265,0.00026530237,0.55983156,0.73411953,0.00035419365
3127,0.024845436,0.000310156,0.24059612,0.4417332,0.00041731575
3128,0.035144847,5.8291265e-05,0.4212542,0.4515381,0.0003029734
3129,0.02870708,0.0005953407,0.41851866,0.2809122,0.00015967865
3130,0.03289904,0.0023231625,0.25256833,0.13330235,0.024892801
3131,0.072374016,0.00010391067,0.2615195,0.5016823,0.01627746
3132,0.014281933,0.00018093576,0.2221934,0.6361271,0.0075479234
3133,0.12368282,0.00022341637,0.22135067,0.5563996,0.0992954
3134,0.006097562,0.0002287133,0.69575167,0.5712285,0.019419348
3135,0.011463798,0.036493767,0.621828,0.49306533,0.036838703
3136,0.004054334,0.08897849,0.22541662,0.6845804,0.019832712
3137,0.016403032,0.02178117,0.84195566,0.75904685,0.013222822
3138,0.030100338,0.08787644,0.45795473,0.55438,0.035078675
3139,0.025516603,0.042245496,0.39682758,0.53928655,0.017576884
3140,0.02025469,0.011597362,0.49965167,0.7201715,0.02215887
3141,0.037538007,0.11299101,0.49184492,0.6796041,0.028761586
3142,0.03711691,0.0041019293,0.45465374,0.6756576,0.11299101
3143,0.0070664007,0.035078675,0.256832,0.54016596,0.046724956
3144,0.033336826,0.2615195,0.21157968,0.68130285,0.025908021
3145,0.021532876,0.036562506,0.88759494,0.4042722,0.013584392
3146,0.023153413,0.053899154,0.31965208,0.71102977,0.03120282
3147,0.013584392,0.01107216,0.6562178,0.52532315,0.013171949
3148,0.013325147,0.083291925,0.73829186,0.42190903,0.060640547
3149,0.035211135,0.012288597,0.30819026,0.616705,0.0416178
3150,0.018905446,0.04903962,0.28656837,0.3598139,0.03114383
3151,0.0586686,0.037963696,0.6570985,0.18271701,0.013480103
3152,0.016721142,0.0527164,0.49011362,0.28866935,0.042087726
3153,0.019456575,0.049497053,0.48331308,0.7505527,0.030043371
3154,0.042642392,0.02132808,0.21584621,0.60533255,0.068787284
3155,0.007232764,0.14163722,0.33633107,0.12581532,0.0930168
3156,0.013584392,0.12984344,0.38248736,0.54465,0.09089675
3157,0.019794779,0.03594832,0.71701187,0.49153218,0.008644178
3158,0.02870708,0.01450358,0.40627292,0.24580847,0.02479816
3159,0.015424552,0.08151976,0.5164278,0.41412857,0.029816542
3160,0.021822825,0.027014792,0.45202187,0.63000226,0.026759284
3161,0.015189049,0.022802636,0.46879062,0.44736975,0.025130946
3162,0.011158031,0.22101425,0.5057981,0.22798456,0.025858775
3163,0.06791668,0.057599206,0.30197924,0.6666053,0.077099696
3164,0.08064661,0.055823144,0.76153845,0.2971639,0.078359805
3165,0.087720014,0.051845465,0.254787,0.89368117,0.011419615
3166,0.12951279,0.0026626128,0.16613355,0.6154924,0.042245496
3167,0.046205748,0.023286305,0.2893717,0.34753713,0.0070390454
3168,0.020804489,0.011508149,0.4336816,0.6563279,0.037892427
3169,0.007232764,0.014227047,0.6434414,0.3203959,0.028382124
3170,0.15700756,0.023644341,0.2596379,0.39711982,0.03027187
3171,0.013428255,0.20040116,0.75635755,0.38329497,0.08834723
3172,0.00028685408,0.0042151595,0.50783473,0.30829436,0.064065434
3173,0.00047470425,0.005040703,0.5385282,0.27367145,0.076683804
3174,9.915273e-05,0.203866,0.63736945,0.7102265,0.030908957
3175,0.0008626078,0.034815196,0.49728203,0.40362564,0.07463504
3176,0.0003433,0.12357699,0.66225064,0.52078575,0.05439932
3177,0.0006436856,0.029035643,0.71163136,0.41578814,0.033652965
3178,0.0001634647,0.21866935,0.6238353,0.32412842,0.027795624
3179,0.00026119032,0.048948623,0.25054586,0.24238491,0.03890198
3180,0.0006693099,0.017917344,0.5349162,0.6788595,0.020685459
3181,0.0006538155,0.09170697,0.25851312,0.3484234,0.019756919
3182,0.00012436225,0.04185213,0.40491915,0.23952718,0.024940254
3183,0.00048217614,0.35242462,0.23828422,0.079210326,0.18388654
3184,0.00015000567,0.5138057,0.5216539,0.58450836,0.015543648
3185,0.0007408056,0.37284768,0.55811626,0.724578,0.0070390454
3186,0.000932636,0.7227227,0.3124749,0.6681228,0.021165619
3187,0.003260346,0.8989441,0.71183175,0.80240077,0.0527164
3188,0.00018093576,0.34687307,0.32188618,0.8025555,0.00045297583
3189,0.00090396777,0.39600974,0.7927853,0.629433,0.00027159214
3190,0.0006462033,0.6966811,0.87726665,0.43080574,0.0004859561
3191,0.00044076296,0.5994851,0.55341476,0.41270763,9.535461e-05
3192,0.0002846224,0.5217605,0.4605315,0.45305008,9.3145936e-05
3193,0.00016997529,0.54116637,0.6346565,0.12147716,0.00049168157
3194,0.0004339325,0.66909647,0.6052159,0.50314325,8.2846556e-05
3195,0.00075540564,0.755637,0.22746934,0.57612467,0.00012533752
3196,0.00039511538,0.6156079,0.24707796,0.6859495,0.00050137425
3197,0.0003150387,0.29961726,0.35064372,0.32928386,0.0007069056
3198,0.00024729347,0.6045157,0.28897023,0.6371437,0.00013658353
3199,0.00062389387,0.72623146,0.92495924,0.47930565,0.001957017
3200,0.0037362205,0.42715776,0.5792219,0.6790723,0.0005152657
3201,0.00029365462,0.33491564,0.33851433,0.3445537,0.0003029734
3202,5.694103e-05,0.49886703,0.14523655,0.38300648,0.00039051395
3203,0.0006959537,0.3918131,0.15546273,0.297572,0.00018093576
3204,0.00020662983,0.5549831,0.52590144,0.54186344,0.00021995338
3205,0.00014883849,0.36658973,0.12304913,0.3309035,0.00023050673
3206,5.5189234e-05,0.3340461,0.124000706,0.50203514,0.00012243443
3207,6.0141516e-05,0.7699463,0.4213137,0.39600974,0.00010637458
3208,0.0004583129,0.15253653,0.22337708,0.60434055,0.00060945016
3209,0.0003740956,0.431704,0.62452257,0.28646857,0.00028910325
3210,0.00023597175,0.3720488,0.3047654,0.74372685,0.000104725565
3211,0.0011649561,0.19852993,0.6811968,0.8596637,8.888085e-05
3212,0.0013993983,0.46168414,0.8435088,0.63091236,0.00017813111
3213,0.0018172832,0.5014715,0.44366065,0.44251603,0.00016997529
3214,0.0010083435,0.37216288,0.43116498,0.3836413,0.00025315638
3215,0.0008693674,0.5439234,0.3455468,0.674265,0.0003406293
3216,0.0015854308,0.6279512,0.26894143,0.26020142,0.00039204178
3217,0.0005092657,0.6619229,0.5411361,0.44326904,0.00015000567
3218,0.00042058743,0.43656197,0.21060391,0.16132024,4.13354e-05
3219,0.00036117696,0.4499968,0.32124704,0.7157221,0.0006166297
3220,0.0008864989,0.4108745,0.36093944,0.18967113,0.0018602987
3221,0.026056303,0.20040116,0.4417031,0.4616235,0.00020342697
3222,0.04594821,0.26588047,0.8206132,0.6769403,0.00079783343
3223,0.23881637,0.5252775,0.48543197,0.7518304,0.0001823546
3224,0.087252244,0.13649325,0.5930202,0.71213204,0.0026419468
3225,0.03204008,0.47985405,0.33785862,0.17119971,0.0020587533
3226,0.02178117,0.46885142,0.389953,0.6710396,0.00035697065
3227,0.036769465,0.43638182,0.56511873,0.78082967,0.00013342
3228,0.034229323,0.4637478,0.27067295,0.48633918,0.00012830943
3229,0.008187911,0.84606963,0.39420095,0.24310297,0.0001634647
3230,0.033652965,0.40362564,0.85536855,0.28616926,0.00024346048
3231,0.052424565,0.5935504,0.8385476,0.5155208,0.041773878
3232,0.056236345,0.6779006,0.7631309,0.6073721,0.0689125
3233,0.04296247,0.51854616,0.7465088,0.55877846,0.018941708
3234,0.032222297,0.54101485,0.5973143,0.36613634,0.045352582
3235,0.085403666,0.53965044,0.6932653,0.56457865,0.043284845
3236,0.08449275,0.23952718,0.5237705,0.7505527,0.01572399
3237,0.11104825,0.41081536,0.3601514,0.6187228,0.010408314
3238,0.0721122,0.7468782,0.42853233,0.4417934,0.062445287
3239,0.06278921,0.7676898,0.3209277,0.5636182,0.10484336
3240,0.069921836,0.630685,0.3879222,0.67608553,0.01784874
3241,0.05899303,0.46754447,0.23739909,0.2649285,0.04256273
3242,0.038756195,0.6675812,0.49298522,0.2384615,0.036631364
3243,0.034684174,0.69378424,0.19513355,0.7862948,0.015130728
3244,0.02865267,0.26626188,0.48618665,0.3463202,0.07978202
3245,0.05531065,0.3712506,0.21783626,0.5306469,0.110855594
3246,0.1169656,0.4548959,0.9084556,0.43416142,0.060086653
3247,0.026056303,0.5329721,0.9693822,0.40538988,0.03429395
3248,0.014728614,0.57170683,0.8814109,0.06255973,0.11736965
3249,0.02096424,0.4397774,0.8234704,0.6578682,0.015784562
3250,0.020488555,0.18039525,0.9712385,0.5183938,0.013795364
3251,0.02732453,0.8623517,0.9073123,0.5544403,0.0262553
3252,0.24095316,0.8709269,0.83682144,0.23126681,0.02136889
3253,0.18713269,0.83413684,0.4460121,0.46135044,0.019870713
3254,0.30735803,0.46338353,0.9407897,0.48768103,0.026506126
3255,0.010611421,0.11736965,0.89912134,0.35779187,0.015967654
3256,0.05561761,0.7520126,0.91490096,0.58575296,0.05165378
3257,0.031858854,0.37731123,0.9396923,0.2695178,0.028114058
3258,0.01243165,0.511953,0.64957863,0.37410447,0.14706452
3259,0.020685459,0.16545822,0.9871293,0.23057307,0.23616375
3260,0.0059803305,0.33764017,0.9076402,0.4737181,0.14730969
3261,0.042882238,0.4336816,0.9500415,0.08344117,0.024845436
3262,0.0075187176,0.32498476,0.950503,0.40981114,0.052618954
3263,0.017712299,0.714628,0.8523219,0.26095408,0.09434342
3264,0.019719128,0.57349926,0.91022676,0.45162883,0.04594821
3265,0.025130946,0.16331197,0.9403531,0.5037765,0.02806074
3266,0.016914913,0.644337,0.9755769,0.4314045,0.03971326
3267,0.06441767,0.772359,0.9071478,0.4677572,0.02479816
3268,0.01665704,0.79865825,0.95531917,0.23248434,0.057918087
3269,0.032713123,0.24400254,0.9422947,0.35353976,0.068662286
3270,0.007815889,0.45913672,0.98228765,0.71671456,0.0498659
3271,0.18417984,0.27154136,0.83534926,0.24184732,0.021656677
3272,0.035211135,0.3961266,0.9076402,0.63420355,0.27115518
3273,0.010944578,0.7620701,0.76611876,0.38670552,0.30404165
3274,0.1201288,0.586878,0.8456877,0.7134316,0.23739909
3275,0.009090384,0.5916053,0.8271311,0.57451415,0.06441767
3276,0.09859886,0.77713084,0.86759764,0.3566707,0.063714996
3277,0.05330468,0.7880943,0.88018054,0.42250463,0.018653521
3278,0.0269635,0.3974121,0.93651766,0.5174337,0.032836955
3279,0.07878401,0.86431044,0.9378969,0.12874405,0.40721554
3280,0.029367855,0.54265124,0.882022,0.07864238,0.7288448
3281,0.005685907,0.52185196,0.97543687,0.70150864,0.7112304
3282,0.3684057,0.44432363,0.9813107,0.6234915,0.6917057
3283,0.92007446,0.1337543,0.83508044,0.572185,0.8101787
3284,0.80685264,0.27405986,0.98475236,0.8134608,0.36150277
3285,0.31753206,0.6157235,0.9583042,0.91398406,0.8168451
3286,0.5398324,0.5907792,0.90481883,0.9664738,0.49776462
3287,0.44673607,0.36319503,0.64657176,0.7756048,0.7148271
3288,0.6199891,0.57110894,0.95159405,0.7390459,0.7764535
3289,0.2622746,0.41264847,0.80685264,0.715424,0.616705
3290,0.5280619,0.6313671,0.7613611,0.8344069,0.5361308
3291,0.5029526,0.6046324,0.89218736,0.8736466,0.8197491
3292,0.7675156,0.59960234,0.9084556,0.936285,0.5990747
3293,0.21967213,0.6171089,0.84758973,0.94197524,0.18579942
3294,0.19269122,0.48505086,0.84632385,0.95791227,0.6106276
3295,0.33025515,0.4272772,0.81405276,0.86408126,0.3619537
3296,0.49778754,0.736211,0.7682119,0.8562122,0.5061261
3297,0.7514658,0.4677572,0.96253246,0.8197491,0.36003888
3298,0.49555978,0.67896587,0.96641046,0.93991333,0.48762766
3299,0.5224154,0.5476757,0.9812749,0.93674946,0.7565375
3300,0.68151486,0.56487876,0.95388025,0.95814794,0.28298813
3301,0.57332015,0.77081,0.65907604,0.84594244,0.6338636
3302,0.48181957,0.67661995,0.8989441,0.87987113,0.5430753
3303,0.24059612,0.49386248,0.93071055,0.9183339,0.67179364
3304,0.6005398,0.350088,0.77218723,0.9429286,0.469277
3305,0.6670392,0.4201237,0.9401336,0.73278314,0.5752301
3306,0.5256884,0.6798167,0.9834705,0.9380106,0.8050198
3307,0.2959416,0.7281688,0.9736447,0.9551521,0.5900117
3308,0.46022826,0.5509094,0.9703525,0.93220687,0.18155324
3309,0.5325771,0.22185606,0.92441523,0.9429286,0.560824
3310,0.14878777,0.6746938,0.8499712,0.9119669,0.4497249
3311,0.27163795,0.5015707,0.8533026,0.9260366,0.5530829
3312,0.22286923,0.21011727,0.89256257,0.95775455,0.45510775
3313,0.25571522,0.6280653,0.879043,0.9046505,0.35779187
3314,0.6467949,0.6408606,0.19223589,0.9644556,0.7401744
3315,0.5637983,0.8525676,0.087252244,0.9193534,0.40957496
3316,0.12560067,0.67683357,0.014899643,0.62977463,0.43134466
3317,0.6907677,0.3786888,0.08586246,0.937669,0.52666235
3318,0.70069003,0.44360042,0.014281933,0.90894175,0.7937462
3319,0.8095773,0.08225395,0.025760558,0.90878,0.7358315
3320,0.59443355,0.46532673,0.08632348,0.93108755,0.5880022
3321,0.25571522,0.19208428,0.0053018946,0.92468774,0.3357863
3322,0.9024378,0.13649325,0.0045032725,0.62977463,0.27405986
3323,0.5730812,0.64467263,0.027690258,0.7188905,0.46985474
3324,0.29941237,0.69699055,0.02220123,0.8489722,0.54116637
3325,0.47945797,0.67800725,0.10141133,0.967101,0.15687835
3326,0.40503684,0.45622808,0.048496,0.9887554,0.6202192
3327,0.70578504,0.22507577,0.038683496,0.9213576,0.3006429
3328,0.49778754,0.4108745,0.010611421,0.86153823,0.45014787
3329,0.70548075,0.64478445,0.071202725,0.71143085,0.09568694
3330,0.5095356,0.7678639,0.083291925,0.7276853,0.23423143
3331,0.42304084,0.5750511,0.08079154,0.8824279,0.68489665
3332,0.34301156,0.41733086,0.046291903,0.36263055,0.3309035
3333,0.5100313,0.69388795,0.032466814,0.8830344,0.06301947
3334,0.24562746,0.41946957,0.02355433,0.88363826,0.19884087
3335,0.5625971,0.44329914,0.022286186,0.95379424,0.39437586
3336,0.4183404,0.60940796,0.020177318,0.9190633,0.43722266
3337,0.88563144,0.3712506,0.0043994132,0.8502201,0.5114345
3338,0.38196853,0.24707796,0.08181271,0.9768908,0.5271948
3339,0.39431757,0.67779404,0.014009566,0.9418684,0.69471705
3340,0.47787395,0.65013415,0.018941708,0.9545628,0.3054901
3341,0.5972556,0.6239499,0.04813677,0.9452985,0.38052872
3342,0.47843742,0.8342719,0.043123372,0.9428234,0.7889086
3343,0.13660839,0.28328544,0.099996306,0.8311431,0.67319167
3344,0.56103444,0.31880316,0.09334688,0.9466954,0.3974121
3345,0.31859115,0.39001107,0.043284845,0.8800775,0.21255878
3346,0.33796784,0.5801737,0.03963884,0.9341553,0.5526604
3347,0.33960858,0.2359876,0.016152835,0.7783125,0.42173043
3348,0.25982565,0.27894375,0.0033897832,0.9103862,0.18907149
3349,0.64768684,0.9312127,0.0153063545,0.98054343,0.30445513
3350,0.26913345,0.9231778,0.06255973,0.97796774,0.6436653
3351,0.5193233,0.9429286,0.13718532,0.9184803,0.39682758
3352,0.4097521,0.7581527,0.03897507,0.966028,0.1908748
3353,0.24562746,0.9868281,0.036838703,0.6887825,0.11940814
3354,0.4709191,0.9507779,0.065604836,0.074500255,0.7360213
3355,0.40480152,0.98166555,0.024145423,0.055005286,0.55889887
3356,0.72758853,0.90397453,0.0913821,0.0032476764,0.37960833
3357,0.47481382,0.84234506,0.046378206,0.0033634927,0.2232077
3358,0.5063893,0.92762595,0.021822825,0.006463138,0.3678378
3359,0.6427689,0.76100606,0.034036152,0.024053553,0.5924308
3360,0.512563,0.9444849,0.012100386,0.037963696,0.20181322
3361,0.56385833,0.8620035,0.020371294,0.0067188703,0.5152007
3362,0.56901467,0.88875884,0.026355354,0.045268092,0.5781505
3363,0.6533481,0.9554855,0.0057749297,0.015967654,0.43869498
3364,0.31753206,0.8984106,0.058776557,0.06656919,0.7711549
3365,0.10105592,0.9180404,0.0071491017,0.04185213,0.7496374
3366,0.28002533,0.9079672,0.0053849383,0.0063635735,0.6423203
3367,0.55335444,0.8587186,0.005281334,0.015663648,0.52933943
3368,0.3720488,0.86339164,0.03114383,0.022672439,0.47833082
3369,0.61705124,0.9451974,0.03308598,0.016593177,0.5840933
3370,0.39595136,0.9313377,0.037608635,0.039268754,0.6715783
3371,0.19375686,0.90515476,0.013480103,0.0715912,0.13217813
3372,0.5503959,0.86025184,0.0029235429,0.04751419,0.75797355
3373,0.47790438,0.83413684,0.02013874,0.01302049,0.22034244
3374,0.4028619,0.9570375,0.0022430879,0.029090757,0.6920179
3375,0.6389479,0.9159594,0.0051196762,0.021287354,0.55573666
3376,0.4242927,0.97074324,0.0016356753,0.011823394,0.12907304
3377,0.92262185,0.7866228,0.0048674177,0.025130946,0.7088176
3378,0.7466935,0.54146945,0.0012448432,0.013584392,0.4330222
3379,0.50347704,0.7079098,0.0066153924,0.012479699,0.24202643
3380,0.1765296,0.5876473,0.012624949,0.009485713,0.7422349
3381,0.65522575,0.71967924,0.0033897832,0.006097562,0.6955449
3382,0.107250325,0.95751673,0.0008830458,0.033462934,0.626924
3383,0.35779187,0.9425068,0.0021489493,0.019643761,0.60626537
3384,0.2885691,0.8410439,0.00079783343,0.0269635,0.5086966
3385,0.59018886,0.9439706,0.0017207355,0.071332,0.54398394
3386,0.6888872,0.71442884,0.00095101306,0.0527164,0.734691
3387,0.5045775,0.6972998,0.0034030052,0.05613278,0.73829186
3388,0.2941136,0.83031917,0.0011786721,0.09636511,0.54219675
3389,0.27328336,0.9806178,0.0007947255,0.047161866,0.28140563
3390,0.48710915,0.8149381,0.0008864989,0.08137364,0.5210295
3391,0.60917544,0.85427785,0.0003077431,0.043284845,0.5247448
3392,0.5744545,0.98486924,0.0009110512,0.032589745,0.55015427
3393,0.7631309,0.6090592,0.0051196762,0.034488525,0.42590368
3394,0.5346733,0.5583872,0.002673006,0.007907292,0.89982784
3395,0.5800547,0.79198194,0.0046636546,0.0030634168,0.70639306
3396,0.46920103,0.73885757,0.015424552,0.0113756005,0.31573597
3397,0.8092759,0.8812066,0.0025409926,0.043609526,0.50047255
3398,0.68151486,0.9384633,0.0003935756,0.003750789,0.53127015
3399,0.39846498,0.8505928,0.0055119344,0.00698465,0.2555294
3400,0.50476056,0.9789956,0.0016549242,0.0012594986,0.7601169
3401,0.26702574,0.95783347,0.00081993215,0.0130707845,0.85989916
3402,0.4689274,0.8868131,0.0013147246,0.0027469008,0.29219118
3403,0.41952902,0.880797,0.0003175088,0.00036400868,0.3465413
3404,0.34919977,0.94407386,0.0008559007,0.0009773504,0.44619307
3405,0.43494126,0.8568123,0.004556114,0.002225671,0.36670312
3406,0.1573957,0.9868281,0.005240449,0.0028671585,0.6103373
3407,0.53476435,0.9507779,0.0026112476,0.00049747445,0.5362218
3408,0.39729518,0.73411953,0.0017007225,0.0022783307,0.7966091
3409,0.5424089,0.9181873,0.0021239663,0.0020507434,0.47860503
3410,0.49746135,0.9478657,0.00062389387,0.00045121065,0.7666432
3411,0.35599875,0.4394767,0.002225671,0.0024060889,0.66257817
3412,0.43182373,0.75797355,0.000865981,0.0018386652,0.69118476
3413,0.14342749,0.8109285,0.0002098831,0.005842605,0.4513265
3414,0.26971012,0.91891783,0.0017821963,0.00090044667,0.52769685
3415,0.6924341,0.8020909,0.004038592,0.0011291547,0.34665188
3416,0.7778066,0.9113377,0.0020111583,0.0015188508,0.6106276
3417,0.4764883,0.83761996,0.007289077,0.0031480708,0.7675156
3418,0.23988314,0.011869121,0.00021152887,0.0035936027,0.49680713
3419,0.4874446,0.014728614,0.0018102111,0.00050333556,0.4305663
3420,0.49233305,0.00619299,0.00084264233,0.0071491017,0.4854777
3421,0.33851433,0.018194368,0.0026010936,0.0025809042,0.45598578
3422,0.4689122,0.07369627,0.0018172832,0.0023781238,0.39676917
3423,0.5180738,0.018299332,0.0055333884,0.0031726826,0.5861083
3424,0.32637876,0.0107351625,0.0020667946,0.00037118542,0.4055076
3425,0.46232134,0.026861202,0.0011160142,0.00026119032,0.16926852
3426,0.51080155,0.109134786,0.0023141264,0.0009110512,0.561305
3427,0.46113813,0.21157968,0.0023688741,0.000965975,0.49362975
3428,0.33448073,0.058238626,0.008478402,0.003976228,0.61566573
3429,0.45410898,0.16451646,0.02942358,0.009821793,0.98651993
3430,0.6334103,0.008412978,0.001648483,0.0008864989,0.9628132
3431,0.7466935,0.03971326,0.00039204178,0.0012793075,0.87557435
3432,0.2762022,0.027169233,0.00056588,0.0004994205,0.95275027
3433,0.45468402,0.021906367,0.0017891593,0.007606672,0.9443824
3434,0.6831025,0.027220903,0.0003487043,0.002157342,0.8149381
3435,0.72026986,0.06766981,0.0006693099,0.00032503586,0.8304567
3436,0.4606225,0.11104825,0.00028685408,0.0017752605,0.55425936
3437,0.3213535,0.06608538,0.00268344,0.0020269002,0.7256486
3438,0.48738366,0.005576545,0.0012693645,0.0017546144,0.8468312
3439,0.53619146,0.01572399,0.012053779,0.0017140384,0.9497627
3440,0.50791866,0.021864556,0.0016743992,0.005281334,0.9583822
3441,0.3260568,0.07276838,0.0031480708,0.0033766122,0.9298237
3442,0.5657786,0.027742893,0.006168995,0.002157342,0.95759624
3443,0.448849,0.048496,0.011823394,0.0011559009,0.9411153
3444,0.89423656,0.22867285,0.0053849383,0.0006615174,0.8610715
3445,0.69616497,0.309754,0.0012497094,0.0032730652,0.7565375
3446,0.4115838,0.032528225,0.0019117695,0.002822833,0.59690315
3447,0.99390244,0.028761586,0.00085924764,0.0012113064,0.90515476
3448,0.9666002,0.002889581,0.00015118199,0.001032231,0.8149381
3449,0.95275027,0.012920474,0.0015854308,0.00045474793,0.76559335
3450,0.94165415,0.0017961492,0.0005747862,0.0021912407,0.89256257
3451,0.966347,0.019794779,0.00081355654,0.0015548134,0.9537082
3452,0.9871788,0.043854564,0.0011291547,0.0022872277,0.9721515
3453,0.82018155,0.0037948343,0.00019110432,0.003197487,0.5428633
3454,0.9186264,0.076407686,0.0003366622,0.0057974015,0.94176143
3455,0.9520419,0.06979492,0.000310156,0.00090750254,0.94122344
3456,0.9432431,0.053107902,0.0011203773,0.0022343625,0.80654806
3457,0.9092645,0.09585608,0.0017207355,0.0017891593,0.76383626
3458,0.95159405,0.02442309,0.001107339,0.0012594986,0.9570375
3459,0.91228,0.015784562,0.0009547317,0.00084924564,0.7682119
3460,0.98549646,0.026759284,0.00016219282,0.0014437558,0.7169128
3461,0.96628344,0.025908021,0.003524341,0.005220126,0.9335521
3462,0.9652504,0.031026179,0.00061183405,0.0017007225,0.84581506
3463,0.99111825,0.022629201,0.0002959571,0.00066670234,0.96295285
3464,0.9754836,0.038756195,0.00013552078,0.0015854308,0.98050606
3465,0.9851576,0.061199225,0.0006361912,0.011777843,0.80639565
3466,0.87768656,0.011331754,0.0003935756,0.0010775026,0.9432431
3467,0.9811669,0.0014325366,0.00017952797,0.001133569,0.82615143
3468,0.9861514,0.0031236487,7.368593e-05,0.0040072887,0.78199726
3469,0.9302051,0.0029926654,0.00058840885,0.00027159214,0.6855286
3470,0.96909106,0.0017546144,0.0005274784,0.0016941031,0.8054792
3471,0.87256473,0.0013670257,0.0046095722,0.00065126823,0.89460546
3472,0.96771675,0.0064882697,0.030100338,0.0011203773,0.44749048
3473,0.9751545,0.0010005044,0.007289077,0.0014837189,0.9034647
3474,0.97118384,0.0023231625,0.004886375,0.0025016968,0.967225
3475,0.9863105,0.00066670234,0.013532149,0.0006386796,0.95257413
3476,0.91022676,0.0026626128,0.0018530593,0.007204769,0.93045825
3477,0.9774571,0.0025114634,0.0043823365,0.0030634168,0.83748704
3478,0.968441,0.0009850083,0.0013564017,0.00092538487,0.95257413
3479,0.9492946,0.001264422,0.012053779,0.00685048,0.95751673
3480,0.9537082,0.0006190417,0.04426588,0.003324437,0.92956835
3481,0.8969756,0.0007643033,0.037467506,0.0015978456,0.57606506
3482,0.9683812,0.0013045066,0.056548133,0.00019110432,0.97090924
3483,0.86759764,0.017242778,0.062216982,0.0057525453,0.81669897
3484,0.89982784,0.0070664007,0.04831607,0.0016941031,0.87768656
3485,0.9250947,0.0017546144,0.010052369,0.0021074724,0.8636218
3486,0.98076576,0.0006142272,0.05340333,0.0037948343,0.9433476
3487,0.99128854,0.00038446192,0.06608538,0.006168995,0.83508044
3488,0.9727791,0.00023231418,0.040999025,0.003235056,0.9216402
3489,0.9916196,0.0030634168,0.055515114,0.0019043302,0.67939144
3490,0.98087597,0.0021074724,0.035078675,0.000621463,0.5963156
3491,0.9728308,0.0006386796,0.032528225,0.0012351678,0.8059378
3492,0.97622,0.006463138,0.017917344,0.0020111583,0.7772999
3493,0.9514138,0.0070664007,0.038466193,0.00037850367,0.9329437
3494,0.95735765,0.0002846224,0.067423776,0.0002959571,0.82824534
3495,0.8103289,0.0017477857,0.013222822,0.00074661145,0.038394015
3496,0.9432431,0.0016103574,0.14584377,0.001012286,0.2791402
3497,0.9596866,0.0007152324,0.0130707845,0.00010310212,0.0041824942
3498,0.9184803,0.00037118542,0.021615332,0.0004859561,0.21027938
3499,0.9745319,0.0041824942,0.1384618,0.0003077431,0.05686155
3500,0.9891816,0.0023051251,0.0894546,0.0007947255,0.054098696
3501,0.97923523,0.00109019,0.023464657,0.00042223287,0.027428543
3502,0.87525487,0.004962942,0.004905406,0.037608635,0.1668111
3503,0.9717254,0.001957017,0.12189466,0.037892427,0.008745182
3504,0.94767237,0.005240449,0.05439932,0.006463138,0.09285216
3505,0.9467938,0.0017007225,0.022672439,0.01374232,0.046724956
3506,0.8507168,0.0031726826,0.010489091,0.038683496,0.04681203
3507,0.06255973,0.0006745559,0.027376488,0.09351231,0.05520869
3508,0.022629201,0.00041084853,0.030502053,0.090735495,0.074500255
3509,0.047691282,0.0010608152,0.024845436,0.025130946,0.011029471
3510,0.016403032,0.0044165556,0.028925717,0.0913821,0.087563835
3511,0.041695766,0.00041245588,0.023734685,0.00462753,0.019870713
3512,0.011869121,0.00022516825,0.078078166,0.009974921,0.02136889
3513,0.01621503,0.001264422,0.05127242,0.0065897717,0.10212548
3514,0.08344117,0.002521268,0.06841291,0.008677716,0.10123348
3515,0.02964751,0.009859855,0.06779314,0.018511046,0.0269635
3516,0.017045317,0.0045738644,0.06779314,0.19269122,0.0049436893
3517,0.006145092,0.0067975316,0.12410682,0.05330468,0.009090384
3518,0.008445627,0.0065897717,0.19482698,0.014785407,0.039342504
3519,0.04418332,0.00081038737,0.14965561,0.030502053,0.047691282
3520,0.03216145,0.0070664007,0.1377643,0.071073666,0.022586042
3521,0.094176665,0.009783876,0.070816204,0.023870835,0.016529556
3522,0.009633652,0.0035106493,0.07290027,0.037256766,0.071981624
3523,0.037538007,0.0055333884,0.070176296,0.009161027,0.01450358
3524,0.025908021,0.0008899655,0.091058284,0.023734685,0.12368282
3525,0.02970375,0.005641909,0.12368282,0.061311536,0.00462753
3526,0.02931223,0.002693914,0.09434342,0.01990879,0.016721142
3527,0.032283258,0.0005420927,0.23510839,0.05232763,0.007093862
3528,0.042403832,0.0003597694,0.23810701,0.011419615,0.13240233
3529,0.0067975316,0.0014269596,0.10894504,0.027066175,0.24926445
3530,0.050988145,0.00094361923,0.10932483,0.008511303,0.17781086
3531,0.015014749,0.0006959537,0.18535663,0.04200906,0.263789
3532,0.01450358,0.00018522576,0.62509483,0.003135836,0.009708476
3533,0.033526164,0.0023596608,0.22815649,0.014117893,0.013584392
3534,0.01778039,0.0010162441,0.1447523,0.057176597,0.020061802
3535,0.021044567,0.004848533,0.2833846,0.0061212815,0.038683496
3536,0.024563087,0.0056200367,0.15482272,0.018089995,0.0035936027
3537,0.04352814,0.0014607495,0.38398772,0.025809623,0.0007613258
3538,0.022457052,0.0047737225,0.087252244,0.012970386,0.0015307452
3539,0.0262553,0.0087791085,0.26855758,0.007606672,0.007968815
3540,0.002472623,0.00042388475,0.20930801,0.076407686,0.0040860027
3541,0.018159512,0.0002758679,0.289874,0.023689471,0.0030994155
3542,0.14438997,0.0020587533,0.5363129,0.042166542,0.0029121784
3543,0.018941708,0.012576348,0.39910883,0.0036076165,0.0007041516
3544,0.020884218,0.0011247575,0.23178808,0.010611421,0.0041179177
3545,0.012920474,0.00044595622,0.06916356,0.12368282,0.0016040892
3546,0.027014792,0.0016293088,0.2555294,0.059210252,0.009020279
3547,0.07043161,0.003235056,0.39466748,0.18184364,0.007093862
3548,0.029816542,0.0011649561,0.3572311,0.17009404,0.0070664007
3549,0.15687835,0.0020111583,0.52040493,0.040464837,0.0014437558
3550,0.01784874,0.0010566838,0.35521552,0.087720014,0.0018243829
3551,0.012920474,0.0075772414,0.68794453,0.05379964,0.0040860027
3552,0.0029349518,0.001507049,0.13811268,0.10356715,0.0019117695
3553,0.08225395,0.002800927,0.567637,0.13195427,0.0027900378
3554,0.008124708,0.00053161324,0.21157968,0.047691282,0.0018458483
3555,0.0020427648,0.002889581,0.047161866,0.31278968,0.00072365726
3556,0.0027791904,0.0020992735,0.297572,0.20641373,0.004038592
3557,0.019568674,0.0030994155,0.111627996,0.082549304,0.0019494022
3558,0.0019192374,0.0021827165,0.14092636,0.13296424,0.0010525686
3559,0.0012743262,0.0011513996,0.647018,0.13028541,0.0009622126
3560,0.008511303,0.0029235429,0.62566686,0.084341794,0.0014607495
3561,0.003197487,0.00021824206,0.60346454,0.105948284,0.0011380006
3562,0.005708034,0.001294368,0.26511872,0.22712629,0.003324437
3563,0.007489625,9.387641e-05,0.32713068,0.26322043,0.0017007225
3564,0.0019267347,0.00043563012,0.27474037,0.13195427,0.0022872277
3565,0.005708034,0.0007069056,0.54743385,0.007176882,0.0023051251
3566,0.015784562,0.00053578056,0.3022881,0.10141133,0.0051396107
3567,0.0011380006,0.000110611596,0.47988454,0.3788037,0.0011740822
3568,0.0015188508,0.004468384,0.45429057,0.044931643,0.0020507434
3569,0.003678509,0.00027803096,0.11636177,0.072374016,0.009559399
3570,0.0015548134,5.2252268e-05,0.320077,0.028598359,0.0033634927
3571,0.0012303583,0.0004583129,0.36590973,0.519049,0.0026626128
3572,0.012194132,0.0011380006,0.2885691,0.44248596,0.013532149
3573,0.0027683855,0.00189692,0.59819484,0.44534862,0.0032730652
3574,0.00081993215,0.00074661145,0.4466456,0.46760523,0.00055062474
3575,0.000865981,0.00027372167,0.7296161,0.49298522,0.0006023541
3576,0.005842605,0.0003150387,0.2844766,0.31859115,0.00050333556
3577,0.0021239663,0.00026323833,0.099120855,0.32177958,0.0016356753
3578,0.0075479234,0.003311519,0.21833587,0.16694686,0.0017073674
3579,0.0020829707,0.0005378764,0.19513355,0.19269122,0.003311519
3580,0.0030278352,0.0021157034,0.488718,0.18862271,0.0017207355
3581,0.0008231386,0.00017813111,0.17119971,0.3051794,0.0017752605
3582,0.0011513996,0.00017952797,0.15469499,0.22337708,0.0018102111
3583,0.002396731,0.28209728,0.32896042,0.34587815,0.0006771943
3584,0.0003327413,0.13788036,0.24598956,0.44589144,0.001107339
3585,0.0005072813,0.12689333,0.57128835,0.39647704,0.0028449097
3586,0.0040072887,0.05419873,0.30383506,0.18388654,0.0029121784
3587,0.0027469008,0.04569203,0.21304953,0.42274293,0.0009850083
3588,0.0026419468,0.009559399,0.3262714,0.49120423,0.001957017
3589,0.0038244836,0.012624949,0.51308143,0.41661865,0.0025909794
3590,0.0065388246,0.01450358,0.5663184,0.22884515,0.002621441
3591,0.0013993983,0.0065134983,0.18742996,0.23458195,0.002693914
3592,0.002396731,0.013902059,0.067423776,0.43260264,0.005060332
3593,0.00039511538,0.042245496,0.2501793,0.41679665,0.0010859444
3594,0.0015548134,0.024099445,0.25183165,0.34620965,0.002332234
3595,0.004198795,0.007232764,0.2712517,0.35902697,0.0054905633
3596,0.0089161275,0.008745182,0.046291903,0.122838534,0.002889581
3597,0.00060471025,0.004736749,0.38185328,0.29229218,0.000559291
3598,0.0010282109,0.03027187,0.32455644,0.2024432,0.0013250224
3599,0.0003029734,0.045183755,0.06430005,0.22084616,0.0011247575
3600,0.00027159214,0.027532939,0.4464042,0.123471275,0.0011879054
3601,0.0031115087,0.015906392,0.1384618,0.15482272,0.0017007225
3602,0.014281933,0.10105592,0.19147882,0.15726623,0.0003726377
3603,0.0027900378,0.07626997,0.3427915,0.3039384,0.001957017
3604,0.0010775026,0.0039300853,0.5175404,0.16545822,0.0010362669
3605,0.00588816,0.022802636,0.1847675,0.18565173,0.00069054146
3606,0.0068771075,0.054600604,0.0047737225,0.04185213,0.003869391
3607,0.0010859444,0.11899801,0.012722708,0.36886024,0.0006166297
3608,0.0019646613,0.17175469,0.00019563535,0.110279374,0.00024536948
3609,0.0075479234,0.05042407,0.00069054146,0.26779094,0.004591684
3610,0.0014837189,0.0113756005,0.00089344557,0.35947657,0.0018102111
3611,0.002800927,0.022933565,0.0041179177,0.2725083,0.0004076526
3612,0.0011649561,0.023689471,0.002396731,0.36886024,0.02428387
3613,0.022715755,0.024007747,0.015130728,0.5939626,0.0011879054
3614,0.0018243829,0.009485713,0.002491968,0.28696787,0.0014381354
3615,0.0011879054,0.029367855,0.009746104,0.3989332,0.00041245588
3616,0.0017821963,0.0045738644,0.0015188508,0.45719728,0.00045121065
3617,0.0012448432,0.01665704,0.002396731,0.17553808,0.002387409
3618,0.010248602,0.0053225355,0.0008231386,0.041773878,0.0010733063
3619,0.0053225355,0.013795364,0.0018530593,0.1425897,0.0011291547
3620,0.0017683518,0.083291925,0.0025509123,0.23510839,0.00024729347
3621,0.001867566,0.011732464,0.009020279,0.28150436,0.00024923251
3622,0.0010775026,0.045183755,0.008677716,0.24238491,0.0002551414
3623,0.0010649627,0.11516222,0.051082738,0.24095316,0.00026738262
3624,0.00057929166,0.051749542,0.0011925492,0.13273923,8.2846556e-05
3625,0.0014895174,0.031084951,0.002332234,0.33448073,0.00039666123
3626,0.007176882,0.014172367,0.0006959537,0.45211253,0.00017536995
3627,0.0004322415,0.036493767,0.00189692,0.66508436,0.0012448432
3628,0.0009773504,0.06669065,0.0012160416,0.52538407,0.00017265156
3629,0.0003433,0.01784874,0.0007408056,0.32928386,2.195349e-05
3630,0.0001634647,0.20165595,0.0022343625,0.26435837,0.00011591935
3631,0.00015720345,0.023870835,0.0017073674,0.03904829,0.00022693386
3632,0.00024156629,0.05470151,0.0025909794,0.058776557,0.042882238
3633,0.0003150387,0.037397135,0.0015011822,0.16105618,0.051941562
3634,0.00071802974,0.0190509,0.0033766122,0.33502442,0.019794779
3635,0.0015427324,0.015365342,0.0026626128,0.3361131,0.009376237
3636,0.00011591935,0.027428543,0.003750789,0.15520647,0.020332353
3637,0.00092900335,0.39268613,0.0017477857,0.16224726,0.013584392
3638,0.0047000605,0.040922303,0.0027791904,0.32756075,0.020645931
3639,0.0007643033,0.08866235,0.0007379196,0.03861093,0.11961367
3640,0.00030534892,0.12808825,0.0013147246,0.43905574,0.033462934
3641,0.00039051395,0.096705794,0.0012497094,0.52476,0.055412795
3642,0.023153413,0.010693758,0.004736749,0.2692295,0.046551272
3643,0.049589027,0.0020829707,0.03216145,0.4887028,0.022542967
3644,0.02025469,0.1266771,0.03882902,0.047074176,0.17161581
3645,0.03534408,0.058776557,0.08787644,0.350088,0.017644463
3646,0.08006927,0.029256709,0.032651376,0.24635197,0.026506126
3647,0.014281933,0.10484336,0.07544843,0.20850106,0.0992954
3648,0.0066153924,0.0946777,0.07276838,0.0044857943,0.037326887
3649,0.024750972,0.08464396,0.17036992,0.0022694687,0.07864238
3650,0.00588816,0.029929748,0.03371654,0.0025016968,0.12074952
3651,0.03803509,0.11476479,0.055005286,0.015967654,0.01572399
3652,0.021615332,0.03179867,0.019234259,0.0068239546,0.017309096
3653,0.02076474,0.015072629,0.021574067,0.006338922,0.027117657
3654,0.035611413,0.19345194,0.03574581,0.0014895174,0.029090757
3655,0.037963696,0.047337715,0.13206616,0.00089693937,0.085403666
3656,0.16505408,0.023065226,0.075995214,0.0031850608,0.029816542
3657,0.037608635,0.17106119,0.028490042,0.002673006,0.12252322
3658,0.0052608517,0.089136936,0.13557506,0.013428255,0.015130728
3659,0.022933565,0.046724956,0.014009566,0.0107767265,0.07751766
3660,0.032466814,0.042642392,0.010529712,0.0025809042,0.02025469
3661,0.024145423,0.49864006,0.03541073,0.000981172,0.045268092
3662,0.047074176,0.47502688,0.017375665,0.00809329,0.10338596
3663,0.020488555,0.28022227,0.00685048,0.0043823365,0.0077555366
3664,0.24095316,0.41638127,0.022243667,0.008251599,0.033589505
3665,0.040464837,0.17078441,0.060863446,0.0028560124,0.021739595
3666,0.013325147,0.24762337,0.0044337655,0.003869391,0.045522004
3667,0.008283626,0.40827677,0.16762705,0.00074661145,0.024563087
3668,0.010209055,0.24562746,0.23934935,0.0059571536,0.032589745
3669,0.0053849383,0.22695492,0.08555635,0.0034030052,0.35153365
3670,0.03601607,0.074365705,0.011331754,0.004736749,0.041695766
3671,0.019087434,0.42793453,0.047074176,0.0024534282,0.057281975
3672,0.13534632,0.65013415,0.16830945,0.0018031665,0.041773878
3673,0.036562506,0.11318691,0.011115014,0.0048297215,0.05781161
3674,0.07329728,0.6327297,0.030214587,0.008813166,0.1504028
3675,0.015603535,0.59313804,0.16926852,0.033907957,0.08050192
3676,0.03534408,0.13730095,0.44682658,0.026305279,0.1183851
3677,0.045268092,0.037047166,0.31626368,0.011687257,0.1447523
3678,0.020100236,0.51676315,0.12116485,0.00078547397,0.13083969
3679,0.06255973,0.15908672,0.040769268,0.0070664007,0.06418265
3680,0.015365342,0.2739627,0.014842416,0.0029235429,0.024563087
3681,0.14451066,0.28716773,0.066934206,0.010248602,0.17610413
3682,0.08897849,0.570092,0.053700306,0.004451041,0.015906392
3683,0.035078675,0.35745537,0.07654563,0.0042151595,0.038321972
3684,0.02428387,0.30507588,0.15418488,0.0020992735,0.17610413
3685,0.0715912,0.24944726,0.25795195,0.0031236487,0.17147702
3686,0.007907292,0.24346252,0.12262825,0.007907292,0.08195955
3687,0.07878401,0.19027224,0.14584377,0.01001357,0.03027187
3688,0.055005286,0.2979804,0.07423137,0.0031850608,0.042403832
3689,0.1816984,0.545891,0.022074388,0.0014493985,0.02433019
3690,0.10932483,0.33895183,0.09756223,0.0035106493,0.30871102
3691,0.05592617,0.648021,0.049589027,0.0006932423,0.5022068
3692,0.07504072,0.27347738,0.09057447,0.0009773504,0.108566426
3693,0.03197956,0.48739126,0.13330235,0.0035657366,0.050893717
3694,0.083291925,0.3967107,0.031678624,0.0030396497,0.0715912
3695,0.17064618,0.07765744,0.0065897717,0.036631364,0.059101548
3696,0.030733928,0.5092076,0.107812636,0.002491968,0.12907304
3697,0.031261913,0.1769559,0.09756223,0.0008796062,0.023021257
3698,0.03149938,0.13683893,0.27943507,0.0011424496,0.13511792
3699,0.08647765,0.41105178,0.2928986,0.0068239546,0.14990433
3700,0.19147882,0.2782568,0.077937685,0.0036076165,0.102844074
3701,0.17724052,0.50883394,0.0040072887,0.07172112,0.13580412
3702,0.109134786,0.17314835,0.1576549,0.14780103,0.039416388
3703,0.13217813,0.6585273,0.06730107,0.015663648,0.02145073
3704,0.13881165,0.75036985,0.03138043,0.11716747,0.57534945
3705,0.09947021,0.6286354,0.018194368,0.066934206,0.39782146
3706,0.047337715,0.17511447,0.011597362,0.16331197,0.7929457
3707,0.05399884,0.10338596,0.039937314,0.16277891,0.2986959
3708,0.09351231,0.19193278,0.05997644,0.13788036,0.36727026
3709,0.14535783,0.3860688,0.012100386,0.09687654,0.13857833
3710,0.039490405,0.2791402,0.14128143,0.21452682,0.1847675
3711,0.02763772,0.79454446,0.06198946,0.07356305,0.29971972
3712,0.09318171,0.18447348,0.015130728,0.13050689,0.079638734
3713,0.051367506,0.087563835,0.0034970103,0.040162586,0.26588047
3714,0.34400254,0.38444984,0.121790156,0.036562506,0.5030365
3715,0.25776508,0.19528697,0.010368157,0.029816542,0.08961382
3716,0.82275945,0.12710987,0.0075187176,0.18257122,0.344223
3717,0.19314739,0.05023736,0.004133968,0.31038076,0.47964075
3718,0.28298813,0.073164724,0.005598249,0.022542967,0.6108598
3719,0.7552762,0.30611205,0.015906392,0.024145423,0.4525964
3720,0.36568317,0.22558717,0.009821793,0.009670992,0.5265101
3721,0.54474086,0.45686412,0.060086653,0.18535663,0.43506128
3722,0.11716747,0.1260303,0.032713123,0.19269122,0.35353976
3723,0.1592174,0.3706809,0.047780067,0.029760094,0.6252093
3724,0.27086577,0.5538371,0.012527932,0.009090384,0.48688805
3725,0.35209036,0.1360335,0.007665875,0.060086653,0.099120855
3726,0.30621576,0.47248572,0.01685008,0.077937685,0.24598956
3727,0.5841526,0.62291825,0.012241275,0.03179867,0.22524615
3728,0.30342212,0.46041024,0.056236345,0.017309096,0.48715493
3729,0.57737625,0.40333182,0.049130786,0.07329728,0.55459106
3730,0.19223589,0.72282064,0.0057749297,0.058024745,0.50298303
3731,0.4291901,0.21866935,0.04418332,0.23283306,0.6579781
3732,0.33895183,0.25460163,0.011158031,0.05942822,0.25776508
3733,0.28397992,0.13974822,0.018546565,0.09186979,0.3332862
3734,0.28239405,0.14092636,0.01243165,0.024376597,0.3055937
3735,0.057281975,0.20323272,0.014009566,0.04813677,0.7084144
3736,0.054802597,0.18952109,0.0066411127,0.05634009,0.5269057
3737,0.15869519,0.24202643,0.1447523,0.18967113,0.20882356
3738,0.34466398,0.20307462,0.023065226,0.15700756,0.18388654
3739,0.11951086,0.08929565,0.010091316,0.17272931,0.13184243
3740,0.49541104,0.25219983,0.0035657366,0.010091316,0.13986565
3741,0.5655387,0.3330692,0.024007747,0.084191084,0.4086307
3742,0.09585608,0.40186384,0.010611421,0.042642392,0.2564594
3743,0.4137732,0.30808616,0.011244561,0.053899154,0.48261198
3744,0.27096224,0.021409769,0.0015978456,0.2193375,0.54186344
3745,0.27815875,0.0027791904,0.0023413408,0.31153157,0.208018
3746,0.08616956,0.024940254,0.023644341,0.24653335,0.19132768
3747,0.22017473,0.0064381026,0.09894659,0.05613278,0.28467542
3748,0.2487166,0.0028449097,0.016340127,0.035144847,0.3836413
3749,0.12929276,0.0027469008,0.010368157,0.08299415,0.107812636
3750,0.372277,0.0036642202,0.0075772414,0.073963374,0.4675141
3751,0.29533154,0.0053849383,0.037821285,0.060307644,0.091058284
3752,0.17398883,0.0027469008,0.046464663,0.063831605,0.10650459
3753,0.3181673,0.018797074,0.023779983,0.009974921,0.1161611
3754,0.48162144,0.008511303,0.0013147246,0.019946935,0.3310116
3755,0.3671568,0.013171949,0.01155267,0.028925717,0.04401865
3756,0.24562746,0.004962942,0.008156248,0.019308086,0.28071496
3757,0.23161423,0.014957086,0.15027806,0.007846239,0.25926262
3758,0.052134257,0.002074867,0.027742893,0.07094482,0.12721828
3759,0.06717858,0.0032224844,0.023109278,0.030675802,0.3707948
3760,0.33928013,0.0037362205,0.0043994132,0.025809623,0.26189688
3761,0.18922126,0.0048674177,0.0061212815,0.011463798,0.1201288
3762,0.30259714,0.004556114,0.9342753,0.05834584,0.6040486
3763,0.20323272,0.0004029052,0.7208598,0.048496,0.2766905
3764,0.42590368,0.004314688,0.37319025,0.0079997545,0.1437878
3765,0.66039145,0.020449394,0.50633967,0.05572029,0.34477428
3766,0.68920106,0.0075187176,0.81077874,0.046638038,0.42292166
3767,0.6904547,0.00109019,0.77304506,0.0068771075,0.1561049
3768,0.58207536,0.0044165556,0.9227612,0.037467506,0.2946207
3769,0.4546235,0.0029579026,0.4124118,0.03442355,0.20134172
3770,0.43686226,0.0043483814,0.52769685,0.027220903,0.31489265
3771,0.19651763,0.0044857943,0.642881,0.0715912,0.1522842
3772,0.155591,0.0041179177,0.5154294,0.021739595,0.10631887
3773,0.29158565,0.0005636751,0.68836373,0.04698664,0.75110084
3774,0.25275275,0.005448068,0.31278968,0.034749623,0.056444027
3775,0.4500875,0.002463007,0.5322732,0.04813677,0.42184955
3776,0.3181673,0.0005571117,0.43104526,0.011331754,0.34125313
3777,0.20134172,0.004591684,0.790692,0.014281933,0.119819485
3778,0.28487435,0.0012793075,0.7229184,0.031026179,0.08225395
3779,0.28957254,0.012771867,0.36795136,0.031439852,0.16844618
3780,0.21983956,0.00502115,0.41590676,0.016979992,0.42715776
3781,0.28766775,0.0036076165,0.72301626,0.013480103,0.28477487
3782,0.0946777,0.009974921,0.48037204,0.0055119344,0.37909102
3783,0.2821962,0.041695766,0.75689703,0.004150081,0.17610413
3784,0.0433658,0.035477504,0.3022881,0.018653521,0.22405544
3785,0.3328523,0.001107339,0.7446563,0.008478402,0.07356305
3786,0.20979328,0.003004343,0.6396235,0.009161027,0.38421875
3787,0.009859855,0.0012497094,0.6369179,0.009055264,0.49181435
3788,0.0014437558,0.44761118,0.7166154,0.022933565,0.25275275
3789,0.004198795,0.11818139,0.67168593,0.0034698907,0.56895477
3790,0.02806074,0.22000709,0.7550956,0.04369106,0.013480103
3791,0.0071491017,0.42536652,0.7851439,0.10521054,0.012288597
3792,0.009633652,0.069541745,0.4180434,0.0570714,0.0029810327
3793,0.0012255674,0.1603975,0.6206216,0.011244561,0.0020507434
3794,0.0025114634,0.3463202,0.70028025,0.011029471,0.0021239663
3795,0.01621503,0.03429395,0.121372975,0.12262825,0.0020667946
3796,0.00094361923,0.083142914,0.5594405,0.0045032725,0.0008693674
3797,0.0017073674,0.17766815,0.81405276,0.057705317,0.001032231
3798,0.009232215,0.04426588,0.59966093,0.015967654,0.01302049
3799,0.009783876,0.06632687,0.47196853,0.061649624,0.0016356753
3800,0.0023231625,0.20055768,0.37966582,0.39484245,0.0058199596
3801,0.0010242064,0.16105618,0.80363655,0.56106454,0.0038996208
3802,0.0061212815,0.058024745,0.70639306,0.32788345,0.0021657674
3803,0.0006851713,0.23581158,0.17064618,0.48848167,0.0013045066
3804,0.0015011822,0.023962023,0.42250463,0.45677322,0.007636216
3805,0.0006932423,0.060418423,0.20721471,0.8474635,0.0054059005
3806,0.005060332,0.028274601,0.4681523,0.34037554,0.003869391
3807,0.023021257,0.07263671,0.4971257,0.32252598,0.0053849383
3808,0.0025016968,0.14560063,0.7657686,0.4797017,0.0046095722
3809,0.0064882697,0.020410309,0.7128323,0.3769671,0.0107351625
3810,0.015014749,0.035611413,0.27532452,0.14977993,0.0015188508
3811,0.007204769,0.010368157,0.3671568,0.28517285,0.006903838
3812,0.0055119344,0.046205748,0.23265864,0.48063102,0.0023141264
3813,0.0049245106,0.1821344,0.64422506,0.6806664,0.0011203773
3814,0.0033504236,0.049681153,0.45298958,0.33458942,0.0026522598
3815,0.0022783307,0.023241926,0.51860714,0.54243916,0.0058653383
3816,0.0031850608,0.13083969,0.40857172,0.7934263,0.0013096057
3817,0.0047737225,0.073963374,0.6886778,0.50249857,0.009232215
3818,0.0029235429,0.13028541,0.18892181,0.44568035,0.0013045066
3819,0.0019955386,0.10230471,0.15456733,0.20753574,0.0026112476
3820,0.0010944522,0.39887464,0.53864956,0.6393984,0.0020033333
3821,0.0016103574,0.3333947,0.15443976,0.81873685,0.001648483
3822,0.04594821,0.013171949,0.61901075,0.2892713,0.007725534
3823,0.033336826,0.009376237,0.39484245,0.7851439,0.0027469008
3824,0.091058284,0.094176665,0.124532074,0.52367914,0.016979992
3825,0.1831549,0.019382192,0.5616056,0.28836864,0.012479699
3826,0.20055768,0.053899154,0.5281988,0.45274764,0.006097562
3827,0.23493282,0.029986508,0.5497615,0.7500039,0.008124708
3828,0.008478402,0.050705366,0.7282654,0.7129322,0.0035936027
3829,0.05300977,0.06524657,0.74279505,0.5001532,0.007636216
3830,0.04248321,0.008511303,0.4324229,0.5743351,0.0018386652
3831,0.025613915,0.071981624,0.585516,0.41081536,0.0035380863
3832,0.091058284,0.010652511,0.60328925,0.6584175,0.014957086
3833,0.051462766,0.13637818,0.73829186,0.72865176,0.0037217087
3834,0.03767939,0.029090757,0.42143276,0.27435136,0.0013670257
3835,0.05439932,0.0689125,0.5189271,0.52713394,0.006097562
3836,0.068288535,0.02120612,0.6710396,0.45965213,0.002822833
3837,0.020100236,0.15241033,0.15140383,0.5303733,0.17610413
3838,0.09704756,0.10502681,0.15584777,0.40656742,0.20577459
3839,0.10158945,0.29849136,0.62291825,0.69564825,0.3572311
3840,0.08509905,0.07409726,0.80162543,0.72574586,0.19574778
3841,0.110279374,0.016090874,0.8550057,0.5827879,0.013376604
3842,0.14390805,0.06348236,0.7392342,0.78695047,0.062904246
3843,0.18683577,0.055515114,0.33252713,0.76977324,0.17582092
3844,0.12368282,0.038756195,0.5153455,0.22473529,0.21568096
3845,0.08787644,0.016529556,0.54815954,0.6190684,0.010248602
3846,0.060863446,0.10070161,0.586286,0.22901751,0.21436232
3847,0.19806418,0.036700353,0.4964543,0.49512875,0.13161905
3848,0.114566505,0.024750972,0.31079894,0.74148685,0.36217928
3849,0.063366346,0.03061778,0.601535,0.43896556,0.17217185
3850,0.054600604,0.004314688,0.5448619,0.4012185,0.073963374
3851,0.026205415,0.034553625,0.57212526,0.39536762,0.1534223
3852,0.07878401,0.020488555,0.2761046,0.6022955,0.06632687
3853,0.11961367,0.07850098,0.27503237,0.39828944,0.083142914
3854,0.033907957,0.023464657,0.25926262,0.70911986,0.09568694
3855,0.1377643,0.005080037,0.8840393,0.50270647,0.055823144
3856,0.03635666,0.0041824942,0.8906752,0.6556668,0.12168575
3857,0.030675802,0.16940588,0.63849723,0.19102567,0.16599831
3858,0.02220123,0.0107767265,0.60276324,0.6365791,0.01627746
3859,0.05399884,0.011158031,0.7916601,0.8735388,0.028220989
3860,0.1501534,0.02732453,0.65665823,0.84733725,0.038321972
3861,0.26284185,0.010130412,0.6393984,0.52061814,0.075858176
3862,0.02806074,0.009020279,0.3891402,0.5468894,0.032836955
3863,0.109705776,0.021822825,0.44969466,0.55024487,0.024940254
3864,0.29077944,0.100172214,0.55630916,0.22746934,0.15507847
3865,0.1510278,0.050988145,0.45407873,0.57415605,0.07906799
3866,0.16304526,0.026810195,0.66093874,0.1559763,0.31405056
3867,0.0498659,0.052134257,0.42775524,0.17967445,0.22815649
3868,0.04443143,0.033462934,0.7629543,0.10338596,0.34114337
3869,0.16626887,0.016914913,0.0037654135,0.509894,0.07329728
3870,0.05613278,0.012007351,0.0033634927,0.49740028,0.04681203
3871,0.18242553,0.052424565,0.0036642202,0.575588,0.010529712
3872,0.16491956,0.14033625,0.0023231625,0.19713514,0.063714996
3873,0.26057756,0.016914913,0.0018243829,0.83400166,0.02763772
3874,0.15431228,0.03289904,0.00268344,0.56985265,0.13117322
3875,0.05899303,0.013584392,0.0029694452,0.5108168,0.08137364
3876,0.0721122,0.013532149,0.0020507434,0.4844792,0.0996453
3877,0.01461567,0.0029810327,0.0053018946,0.0894546,0.17036992
3878,0.13039611,0.007907292,0.0046455576,0.49031952,0.31848517
3879,0.019531239,0.032589745,0.003649987,0.74539834,0.06779314
3880,0.054499872,0.013480103,0.0058653383,0.5270122,0.21568096
3881,0.032100707,0.009974921,0.00053369283,0.7947038,0.15115306
3882,0.016340127,0.016403032,0.0011469158,0.1201288,0.013689478
3883,0.036838703,0.0055119344,0.0012994275,0.47555965,0.31362996
3884,0.083740406,0.023021257,0.0031236487,0.36477757,0.14069006
3885,0.031858854,0.15027806,0.0020587533,0.67437226,0.4934391
3886,0.056236345,0.13869494,0.0013670257,0.46141115,0.035144847
3887,0.075858176,0.01302049,0.0014493985,0.62772304,0.05330468
3888,0.046378206,0.047161866,0.013795364,0.15987214,0.07423137
3889,0.017509557,0.0051196762,0.0006878511,0.11047116,0.22746934
3890,0.15662017,0.021165619,0.003324437,0.6899327,0.045015533
3891,0.05281402,0.01919745,0.0074606435,0.882022,0.015247591
3892,0.060086653,0.0070117954,0.0013354007,0.8441522,0.15090263
3893,0.015014749,0.43752307,0.00026530237,0.52877676,0.258326
3894,0.010408314,0.74927074,0.0005092657,0.06620602,0.04831607
3895,0.033972,0.81375694,0.0053225355,0.6327297,0.01919745
3896,0.021004366,0.7988153,0.006168995,0.5248361,0.015424552
3897,0.01844021,0.8967949,0.002434382,0.6773673,0.109705776
3898,0.03114383,0.7168137,0.002693914,0.50887203,0.028328313
3899,0.02013874,0.5785672,0.0036642202,0.48952636,0.023962023
3900,0.010529712,0.8037906,0.0008360903,0.43596154,0.018869255
3901,0.010529712,0.43572143,0.0015854308,0.4154916,0.010902374
3902,0.029535338,0.6000712,0.0021157034,0.0059571536,0.006692851
3903,0.018978037,0.545891,0.00016093082,0.0018895386,0.014227047
3904,0.018334452,0.5519964,0.00026119032,0.0034564096,0.092359796
3905,0.0075772414,0.49817184,0.0020667946,0.00024923251,0.073963374
3906,0.060307644,0.7687332,0.00060471025,0.0042151595,0.092196204
3907,0.047780067,0.20040116,0.0017409837,0.001455063,0.00698465
3908,0.03594832,0.29421496,0.0008459375,0.0027362213,0.082549304
3909,0.028114058,0.437463,0.000110611596,0.0043483814,0.010611421
3910,0.017917344,0.47370288,0.00027803096,0.0017683518,0.025711587
3911,0.01374232,0.18698417,0.0002758679,0.003750789,0.10248422
3912,0.013584392,0.77304506,0.0020427648,0.0009773504,0.004133968
3913,0.0123361,0.46262476,0.0002824081,0.001044386,0.06512755
3914,0.19314739,0.6138733,0.0020269002,0.00055494095,0.0434469
3915,0.032713123,0.641647,0.0003366622,0.006413164,0.019946935
3916,0.027532939,0.4493322,0.0021157034,0.0017007225,0.10743748
3917,0.030792167,0.7659437,0.0074030147,0.00054847926,0.0057302467
3918,0.016979992,0.7559974,0.0008761799,0.0019267347,0.02076474
3919,0.0025114634,0.5115946,0.00012243443,0.0011291547,0.01243165
3920,0.042722195,0.6274948,0.00077632995,0.0048297215,0.1534223
3921,0.00809329,0.77218723,0.00017952797,0.0094125895,0.09318171
3922,0.060197048,0.4704021,0.00041406954,0.027585283,0.005911069
3923,0.076683804,0.6396235,0.0007733057,0.0008626078,0.006289902
3924,0.02220123,0.27835485,0.0003029734,0.00021824206,0.01302049
3925,0.01840489,0.31859115,0.0023596608,0.001294368,0.0045738644
3926,0.02784845,0.647018,0.00025714198,0.0028671585,0.01433703
3927,0.034749623,0.6886778,0.00090396777,0.002673006,0.006145092
3928,0.02220123,0.3988161,0.0004994205,0.008644178,0.042245496
3929,0.012288597,0.22253112,0.0003889921,0.00809329,0.052230857
3930,0.01461567,0.095518075,0.0016678823,0.0027900378,0.025662705
3931,0.068662286,0.53661644,0.0032986512,0.0019418169,0.019234259
3932,0.06928941,0.5714677,0.001867566,0.0006361912,0.041773878
3933,0.032651376,0.6453435,0.0001896174,0.0027900378,0.007815889
3934,0.037750274,0.4402286,0.0010083435,0.0061212815,0.0037362205
3935,0.7500039,0.5826098,0.0006745559,0.0040860027,0.7345006
3936,0.5836187,0.7295198,0.0006641048,0.004736749,0.46620762
3937,0.6820445,0.35599875,0.0006745559,0.0023051251,0.6463486
3938,0.80700475,0.44649473,0.0019418169,0.0019646613,0.7905303
3939,0.6247515,0.8499712,0.005448068,0.00058611616,0.17356819
3940,0.60754675,0.5571527,0.00094361923,0.0010282109,0.8177201
3941,0.5185767,0.16438228,0.0014493985,0.004150081,0.6467949
3942,0.6328432,0.5180128,0.0013670257,0.0047737225,0.26038948
3943,0.31415576,0.7004852,0.0027683855,0.0005463421,0.76803803
3944,0.42560524,0.695855,0.007665875,0.0003668626,0.33545968
3945,0.8326453,0.3181673,0.00072365726,0.0011247575,0.4444442
3946,0.80363655,0.32156652,0.0008072305,0.000310156,0.7711549
3947,0.65610766,0.51424783,0.00519988,0.00026738262,0.5582969
3948,0.56901467,0.21452682,0.00014539114,0.00040924744,0.49379376
3949,0.30891946,0.24689633,0.0006878511,0.00023231418,0.50330156
3950,0.5281228,0.58385605,0.00029137006,0.0012893283,0.48177385
3951,0.58450836,0.31426096,0.0020111583,0.0009850083,0.67017674
3952,0.34026593,0.2766905,0.00052542303,0.0018895386,0.6414224
3953,0.76629364,0.41762772,0.0006487308,0.00017952797,0.568296
3954,0.60795414,0.68130285,0.0020587533,0.00057703455,0.89805347
3955,0.7136312,0.6995624,0.0006070756,0.0010691263,0.7634837
3956,0.6349961,0.35075492,0.0018748617,0.00307537,0.2516477
3957,0.33350322,0.8095773,0.000621463,0.00039051395,0.3709087
3958,0.8037906,0.42518753,8.957789e-05,0.00061183405,0.6116719
3959,0.55826676,0.4582881,8.614651e-05,0.0010162441,0.6997676
3960,0.72623146,0.8366881,0.0008830458,0.0008559007,0.48706344
3961,0.63420355,0.78874594,0.00051728135,0.0006641048,0.80821866
3962,0.20118472,0.8949732,0.0011116682,0.0063143647,0.15482272
3963,0.75617754,0.27933675,0.0017207355,0.0005442133,0.7761143
3964,0.64243245,0.12754393,9.1701964e-05,0.0019494022,0.6383846
3965,0.6924341,0.22270013,0.00053369283,0.00044595622,0.7554566
3966,0.7921428,0.44384146,0.0010484692,0.002946405,0.7728737
3967,0.32167307,0.27048022,0.0029579026,0.0016941031,0.3994016
3968,0.7356416,0.18862271,0.0046818224,0.0003859661,0.5492175
3969,0.5363736,0.20753574,0.00018667821,0.0006878511,0.69832945
3970,0.6820445,0.5503959,0.0005636751,0.00033015272,0.46806112
3971,0.685318,0.6664968,0.0005680935,0.0006719278,0.39583462
3972,0.45353413,0.51845473,0.00026323833,0.00021485926,0.45550138
3973,0.47405285,0.6931614,0.0003487043,0.0009927262,0.31689754
3974,0.7634837,0.24490438,0.00028685408,0.0007643033,0.5129289
3975,0.7525585,0.33938956,0.000310156,0.00012148176,0.3599264
3976,0.54725236,0.41436553,0.0018602987,0.002217013,0.64131004
3977,0.5719459,0.8492225,0.00078547397,0.0006166297,0.73866904
3978,0.6493563,0.7648916,0.00012533752,0.0013198634,0.42214724
3979,0.82161736,0.6666053,0.0006000072,0.0005527786,0.7444706
3980,0.8774768,0.7550956,0.001507049,0.00023597175,0.65522575
3981,0.4066263,0.27328336,0.0009362828,0.0020992735,0.20963143
3982,0.80348235,0.5067211,0.0005420927,0.00013982208,0.5024338
3983,0.5776145,0.65290564,0.00268344,0.00081038737,0.5110761
3984,0.42757598,0.49604803,5.1442217e-05,0.0012018913,0.552932
3985,0.24382246,0.65379035,0.00037555923,0.0012399962,0.40045622
3986,0.6696368,0.43932635,0.00042388475,0.0027044292,0.25201568
3987,0.73354733,0.5084144,0.4107563,0.00034196206,0.3193336
3988,0.55799586,0.4146618,0.1384618,0.00028021098,0.3589146
3989,0.31184584,0.6463486,0.33676714,8.614651e-05,0.6017691
3990,0.82976806,0.33155245,0.14092636,0.0005399804,0.54374164
3991,0.5183938,0.15908672,0.26265267,0.00078547397,0.4454089
3992,0.65068924,0.48756668,0.22303842,0.0025409926,0.42703825
3993,0.30996287,0.12885363,0.44341967,0.0018602987,0.3599264
3994,0.77321637,0.75797355,0.47709733,0.0010005044,0.66519314
3995,0.84208554,0.7151257,0.0153063545,0.00017813111,0.6136418
3996,0.88563144,0.5361004,0.21900326,0.0007041516,0.8624676
3997,0.8149381,0.35970145,0.13466208,0.0001634647,0.4548051
3998,0.43734282,0.42638132,0.51936895,0.0003275843,0.64052343
3999,0.39571783,0.56139517,0.19775414,0.00189692,0.8940517
4000,0.29634872,0.3427915,0.3213535,0.00058155763,0.81047887
4001,0.93721074,0.2987982,0.28577042,0.00024729347,0.29543313
4002,0.67800725,0.0037800956,0.28288904,0.0007350449,0.82018155
4003,0.5268449,0.00039977103,0.20593424,0.0011291547,0.2941136
4004,0.7595823,0.00023050673,0.4380939,0.00042720788,0.8100285
4005,0.563438,0.0012160416,0.27512974,0.00019260288,0.18713269
4006,0.43284237,0.007093862,0.08586246,0.00025118678,0.7962924
4007,0.5336405,0.00023050673,0.32509187,0.0019877742,0.5388012
4008,0.5252775,0.007665875,0.25534365,0.00078547397,0.78133065
4009,0.5072283,0.0011380006,0.13488984,7.197912e-05,0.7371582
4010,0.26435837,0.0064381026,0.20753574,0.0004897656,0.71092945
4011,0.7558173,0.00049747445,0.2878679,0.00037118542,0.7300975
4012,0.4297883,0.00078854576,0.23528406,0.00016219282,0.876423
4013,0.5158333,0.0024060889,0.31732047,0.00035557945,0.51815
4014,0.6979178,0.003945407,0.1425897,0.00014768039,0.5706305
4015,0.8146434,0.00025118678,0.4012185,0.00024536948,0.38641608
4016,0.73545164,0.00046552691,0.12819736,9.761566e-05,0.7970834
4017,0.8844391,0.0029579026,0.34798014,0.00049553596,0.49435067
4018,0.76838577,0.0027576224,0.2780607,0.002491968,0.6893056
4019,0.44013837,0.0016293088,0.8109285,0.0027149853,0.624866
4020,0.70952255,0.001507049,0.18907149,0.0029235429,0.86726075
4021,0.41412857,0.0032224844,0.053206205,0.0003433,0.82949203
4022,0.67800725,0.0038096302,0.04698664,0.0012594986,0.88523525
4023,0.66519314,0.0018895386,0.1322902,0.0007408056,0.5986642
4024,0.5319085,0.0033766122,0.14330755,0.0022518474,0.7576151
4025,0.23792988,0.015014749,0.0930168,0.0007733057,0.54870373
4026,0.81859183,0.0073743653,0.19299524,0.00084264233,0.7937462
4027,0.5451949,0.0007916296,0.3310116,0.0004840624,0.53692
4028,0.51805854,0.004133968,0.29108164,0.00027372167,0.5081551
4029,0.9308365,0.002621441,0.05350215,0.0017752605,0.48579788
4030,0.69035035,0.0019117695,0.43698242,0.0012207952,0.6398486
4031,0.5786863,0.0004897656,0.05899303,0.0006386796,0.0016743992
4032,0.57660156,0.0004339325,0.15960999,0.45795473,0.0033504236
4033,0.64556694,0.00035557945,0.2467148,0.30766997,0.00057929166
4034,0.43698242,0.007846239,0.19636346,0.2168396,0.0025608707
4035,0.5799358,0.0011513996,0.112015955,0.22592856,0.00046734812
4036,0.5200698,0.0005420927,0.108566426,0.17738296,0.0014721896
4037,0.27708158,0.0020829707,0.31142685,0.34687307,0.0046095722
4038,0.64924514,0.00042058743,0.3644382,0.18300885,0.0006693099
4039,0.50721693,0.0029121784,0.6321622,0.21157968,0.0042151595
4040,0.34037554,0.0008328334,0.09057447,0.309754,0.0036216856
4041,0.409634,0.002693914,0.3312279,0.4140101,0.0005571117
4042,0.60743034,0.002387409,0.15700756,0.38902417,0.0053018946
4043,0.6543428,0.0015367271,0.11066323,0.112015955,0.001477943
4044,0.42048058,0.00081038737,0.15077755,0.19884087,0.0026419468
4045,0.41667795,0.00035143827,0.18683577,0.20165595,0.0033634927
4046,0.74186105,0.00054847926,0.12940274,0.22337708,0.0047737225
4047,0.65367985,0.000981172,0.18653922,0.18907149,0.010489091
4048,0.0014664583,0.003869391,0.14247034,0.4186375,0.0012497094
4049,0.0047552,0.00081993215,0.07504072,0.2622746,0.0040701376
4050,0.0014895174,0.00018378456,0.08108212,0.19868536,0.0051396107
4051,0.0023141264,0.0016103574,0.17596246,0.4304466,0.0025016968
4052,0.0007702932,0.002396731,0.25183165,0.05572029,0.0020992735
4053,0.002396731,0.00040606395,0.0567569,0.170508,0.0016941031
4054,0.0033766122,0.0024249144,0.12147716,0.12189466,0.00029137006
4055,0.003260346,0.0009735438,0.3474264,0.33873305,0.00039204178
4056,0.0004583129,0.0034030052,0.20882356,0.24963011,0.0030278352
4057,0.0012065897,0.000965975,0.0973904,0.2929997,0.0094125895
4058,0.0047737225,0.00072365726,0.19946389,0.43785352,0.0005132579
4059,0.0024438868,0.0019117695,0.33350322,0.12852514,0.0024534282
4060,0.00037850367,0.0016678823,0.10951516,0.2507293,0.0029008575
4061,0.00063124346,0.001648483,0.20769641,0.39373463,0.0015608892
4062,0.0035657366,0.00026738262,0.25312182,0.52538407,0.0056200367
4063,0.009559399,0.00010637458,0.3270232,0.29645053,0.032589745
4064,0.0021912407,0.0005614788,0.15456733,0.13443464,0.02013874
4065,0.0038996208,0.00080095365,0.27855107,0.14560063,0.005040703
4066,0.0006538155,0.0022083889,0.027066175,0.35164496,0.00092538487
4067,0.0065642493,0.0012793075,0.04681203,0.040922303,0.0010005044
4068,0.0061212815,0.00016474655,0.087720014,0.05439932,0.003945407
4069,0.0018386652,0.0005399804,0.24166831,0.10338596,0.0006798429
4070,0.0017207355,0.001032231,0.28557116,0.33731267,0.007665875
4071,0.0036076165,0.0013302015,0.059101548,0.15662017,0.0011116682
4072,0.0038244836,0.00025915826,0.16613355,0.29370826,0.0005976694
4073,0.002296159,0.002822833,0.115960725,0.22253112,0.00022341637
4074,0.003311519,0.00012148176,0.114368536,0.3051794,0.00017536995
4075,0.0015669889,0.00038747612,0.24944726,0.25515804,0.00014091856
4076,0.00019260288,0.00023782204,0.2635994,0.17106119,0.0020348171
4077,0.0008231386,0.00022693386,0.14990433,0.28358296,0.0009735438
4078,0.0002846224,0.0006932423,0.10484336,0.13006426,0.0010944522
4079,0.0004029052,0.0004565269,0.15140383,0.5338228,0.0057749297
4080,0.00046371284,0.00013342,0.14767806,0.61687815,0.0005399804
4081,0.0034564096,0.00016997529,0.14211279,0.66006285,0.0024534282
4082,0.0006538155,0.00013765463,0.054600604,0.22388572,0.000310156
4083,0.000981172,0.00024923251,0.053107902,0.26189688,0.0019117695
4084,0.00092538487,0.0002098831,0.18082882,0.083291925,0.0015548134
4085,0.008881675,0.00049168157,0.19406214,0.11951086,0.00036973887
4086,0.0020667946,7.368593e-05,0.069541745,0.16465074,0.0005747862
4087,0.0015731122,0.00020662983,0.045183755,0.27512974,9.915273e-05
4088,0.0040701376,0.0017821963,0.12962294,0.15507847,0.0006932423
4089,0.0014103585,0.00084264233,0.076132484,0.12517229,0.0011203773
4090,0.0052608517,0.0021157034,0.10447732,0.3331777,0.0005295418
4091,0.0013354007,0.00039204178,0.26817408,0.36579645,0.00044076296
4092,0.00519988,0.0023141264,0.12033541,0.60859406,0.0028118587
4093,0.0049436893,0.0010162441,0.26759952,0.41152468,0.00033797944
4094,0.0016420668,0.00063124346,0.15817435,0.029535338,0.0009146137
4095,0.0016941031,0.00057254656,0.46474972,0.49695015,0.0025809042
4096,0.0018458483,0.0006745559,0.17342815,0.5003972,0.0005747862
4097,0.00075835997,0.001648483,0.14767806,0.36920136,0.001957017
4098,0.00092538487,0.00081993215,0.023153413,0.24580847,0.00081993215
4099,0.00062389387,0.000559291,0.1887722,0.5894801,0.003004343
4100,0.001284308,0.30590463,0.22592856,0.1261379,0.0006563728
4101,0.00035143827,0.62314755,0.15856485,0.47801104,0.0003982131
4102,0.004133968,0.29188833,0.08050192,0.7285552,0.0015011822
4103,0.00054847926,0.787768,0.47104073,0.3246635,0.00041406954
4104,0.00024346048,0.36534345,0.02763772,0.22867285,0.0004390453
4105,0.0006825019,0.21354114,0.07250525,0.28388062,0.001957017
4106,0.00025915826,0.5418937,0.07531231,0.12570795,0.0040701376
4107,0.00017265156,0.15584777,0.035477504,0.6304574,0.0003982131
4108,0.0009622126,0.607896,0.07490528,0.300951,0.00040606395
4109,0.00040448149,0.3309035,0.08678673,0.2761046,0.00058840885
4110,0.0010044164,0.36217928,0.15662017,0.30105373,0.0005571117
4111,0.0008796062,0.31268474,0.11971654,0.17314835,0.002673006
4112,0.0009773504,0.15869519,0.3110082,0.32541335,0.0022694687
4113,0.0028671585,0.5897164,0.1046602,0.23775287,0.001012286
4114,0.00030061635,0.3209277,0.13106197,0.29665425,0.0003889921
4115,0.00039666123,0.47154266,0.15804437,0.26284185,0.0011513996
4116,0.00018522576,0.14928317,0.05520869,0.2949252,8.614651e-05
4117,0.0017007225,0.19193278,0.13500383,0.44531846,0.0002846224
4118,0.0007321813,0.2934045,0.046638038,0.3807014,9.83812e-05
4119,0.004248079,0.40045622,0.17092276,0.19421494,0.0005420927
4120,0.0006462033,0.60743034,0.16981852,0.20370755,0.00019110432
4121,0.0008231386,0.064771704,0.06512755,0.4813929,0.0006719278
4122,0.00071802974,0.263789,0.024191486,0.23423143,0.0022343625
4123,0.0001823546,0.3842765,0.011869121,0.114368536,0.0014103585
4124,0.00059302105,0.68836373,0.11736965,0.037538007,0.0001823546
4125,0.00066670234,0.4292499,0.109134786,0.13892843,0.00025714198
4126,0.00044945232,0.42638132,0.27221796,0.17009404,0.00027803096
4127,0.0005463421,0.14306793,0.20561503,0.07146149,0.00021824206
4128,0.0030873695,0.28917092,0.112600096,0.09484524,0.0015608892
4129,0.0012207952,0.19946389,0.3262714,0.16451646,0.0017207355
4130,0.0019418169,0.09451043,0.16238004,0.033844035,0.00036259004
4131,0.0010242064,0.46578234,0.16424818,0.30652705,0.00061183405
4132,0.0020587533,0.2939109,0.06620602,0.17838266,0.0013302015
4133,0.0023231625,0.44818476,0.2120688,0.122418255,0.0013045066
4134,0.0005152657,0.2860695,0.17895588,0.18491465,0.0006190417
4135,0.0006825019,0.5792219,0.120542295,0.15520647,0.00023597175
4136,0.0018530593,0.21337718,0.11818139,0.121372975,0.0010608152
4137,0.001264422,0.46362638,0.099120855,0.051367506,0.0005112579
4138,0.0006462033,0.26683462,0.31510335,0.3338289,0.0008693674
4139,0.00023050673,0.20291664,0.09568694,0.18388654,0.0002551414
4140,0.0009735438,0.07765744,0.12962294,0.11536139,0.00016603847
4141,0.0002758679,0.15393034,0.12549345,0.34565726,0.00072365726
4142,0.0009773504,0.07409726,0.08021325,0.065604836,0.0013045066
4143,0.00081993215,0.088504665,0.10837754,0.15700756,0.22253112
4144,0.0011469158,0.22712629,0.18579942,0.19605544,0.22575782
4145,0.00109019,0.10837754,0.14940724,0.32028958,0.23704566
4146,6.0141516e-05,0.4740985,0.45283836,0.024007747,0.5825504
4147,0.0032986512,0.69616497,0.10484336,0.3490888,0.60141796
4148,0.002225671,0.3330692,0.05291181,0.062216982,0.4119386
4149,0.0006589401,0.22832851,0.07146149,0.28032076,0.26095408
4150,0.0002846224,0.16277891,0.13963085,0.05592617,0.28557116
4151,0.0027683855,0.32831404,0.09089675,0.10070161,0.35566297
4152,0.002693914,0.040845715,0.14163722,0.05749328,0.074500255
4153,0.00027803096,0.41679665,0.15908672,0.20850106,0.23475733
4154,0.0003433,0.1490353,0.13534632,0.032100707,0.4505105
4155,0.0008796062,0.07572137,0.110855594,0.09947021,0.16264586
4156,0.00015720345,0.25238407,0.007907292,0.36432514,0.5152312
4157,0.0011972112,0.33545968,0.08108212,0.08269734,0.4274565
4158,9.1701964e-05,0.1261379,0.26702574,0.09790669,0.32177958
4159,0.0004565269,0.542318,0.10212548,0.10818896,0.384161
4160,0.004468384,0.16899405,0.13443464,0.23022674,0.07682221
4161,0.0010987311,0.13443464,0.3328523,0.057176597,0.4904873
4162,0.00035281325,0.33698532,0.111627996,0.049773447,0.57463354
4163,0.0006932423,0.486019,0.13206616,0.25367606,0.2822951
4164,0.0028671585,0.22422527,0.43881524,0.016403032,0.320077
4165,0.0019877742,0.60498255,0.068787284,0.076132484,0.22695492
4166,0.00016219282,0.070816204,0.14342749,0.064535476,0.064771704
4167,0.00090044667,0.3747907,0.13695431,0.02076474,0.23970512
4168,0.0013045066,0.014172367,0.059646938,0.20737518,0.2946207
4169,0.00038147115,0.10194652,0.13240233,0.30084828,0.22644134
4170,0.00014202365,0.063714996,0.33491564,0.06441767,0.09518112
4171,0.00016219282,0.025760558,0.0123361,0.36579645,0.10951516
4172,0.0003799845,0.060418423,0.27874738,0.03114383,0.2109288
4173,0.00052133633,0.03767939,0.03321117,0.15804437,0.17286891
4174,0.00020342697,0.06097518,0.99158704,0.25701845,0.45162883
4175,0.0006851713,0.28417853,0.99368566,0.13352817,0.45029894
4176,0.00077632995,0.20898497,0.9967269,0.17092276,0.08819004
4177,0.00053161324,0.21700548,0.9233162,0.14235108,0.34643072
4178,0.0006851713,0.23563564,0.9698426,0.10951516,0.23370637
4179,0.38121954,0.09384396,0.87578696,0.4749051,0.24472383
4180,0.17596246,0.25757828,0.8727817,0.30115646,0.43578145
4181,0.30590463,0.1462091,0.9786719,0.07723878,0.21535076
4182,0.19390947,0.15456733,0.9512329,0.17036992,0.24544658
4183,0.4165593,0.17231108,0.9853843,0.09756223,0.3451053
4184,0.1328517,0.04352814,0.97068775,0.24454336,0.17738296
4185,0.091544405,0.10932483,0.97288233,0.3745619,0.3851434
4186,0.24077459,0.19759925,0.98844737,0.069541745,0.2232077
4187,0.111821815,0.16424818,0.97850823,0.16913125,0.282592
4188,0.27231473,0.325735,0.99293363,0.19421494,0.52822924
4189,0.073963374,0.12874405,0.9851003,0.49940014,0.26894143
4190,0.09859886,0.110279374,0.9825575,0.13764834,0.071073666
4191,0.1187934,0.115560874,0.9838472,0.19269122,0.6522414
4192,0.14187485,0.2510964,0.8872046,0.10818896,0.15687835
4193,0.29158565,0.23757592,0.98403233,0.07935289,0.19667186
4194,0.15367615,0.1260303,0.9876639,0.17667161,0.1169656
4195,0.49667364,0.25036255,0.9407897,0.1559763,0.22936256
4196,0.352759,0.16171701,0.9737945,0.034749623,0.070816204
4197,0.40603742,0.08632348,0.9572778,0.13398075,0.483877
4198,0.36217928,0.5085441,0.9843364,0.26265267,0.17881244
4199,0.4682739,0.3681785,0.9941347,0.04352814,0.17709816
4200,0.35097733,0.09859886,0.99356186,0.34964374,0.24382246
4201,0.16899405,0.091544405,0.9957188,0.34202188,0.2885691
4202,0.39431757,0.2564594,0.97640073,0.2338813,0.23528406
4203,0.38763237,0.072243005,0.99190676,0.18198898,0.35365137
4204,0.17483252,0.05634009,0.9561454,0.12485182,0.22118242
4205,0.06656919,0.09501305,0.9777139,0.104294725,0.38277572
4206,0.07043161,0.071981624,0.98228765,0.21157968,0.24926445
4207,0.42494884,0.039862495,0.93463415,0.087096825,0.4356014
4208,0.13307686,0.077099696,0.9839091,0.16817279,0.14878777
4209,0.40992928,0.14211279,0.9790758,0.09534947,0.3457677
4210,0.13128456,0.08050192,0.99624926,0.19544049,0.3193336
4211,0.17203271,0.065365784,0.9517737,0.19544049,0.05686155
4212,0.09170697,0.200871,0.96131647,0.04352814,0.047780067
4213,0.10447732,0.16858302,0.9963642,0.27943507,0.21157968
4214,0.43941656,0.103748634,0.9701835,0.34587815,0.20418318
4215,0.23792988,0.10706346,0.9757624,0.2902762,0.20625381
4216,0.5128146,0.21157968,0.89199936,0.032100707,0.042166542
4217,0.309128,0.023779983,0.6939917,0.10687689,0.049130786
4218,0.3654567,0.0992954,0.93108755,0.29777616,0.092196204
4219,0.30197924,0.14560063,0.9722571,0.25757828,0.063134894
4220,0.37983838,0.18683577,0.9452985,0.10070161,0.20228557
4221,0.1504028,0.04248321,0.9478657,0.07369627,0.14499426
4222,0.22712629,0.12940274,0.9589241,0.13420755,0.33014715
4223,0.19027224,0.01919745,0.9488225,0.09947021,0.030502053
4224,0.100348406,0.3284217,0.97267544,0.13206616,0.10141133
4225,0.18967113,0.12896329,0.99586606,0.09790669,0.14706452
4226,0.6090592,0.07850098,0.9908744,0.07531231,0.45356438
4227,0.40527222,0.25128007,0.9904406,0.06548521,0.3474264
4228,0.22236224,0.11951086,0.9923341,0.064771704,0.25128007
4229,0.16586316,0.25870037,0.9871788,0.029929748,0.10631887
4230,0.352759,0.13307686,0.99298817,0.14187485,0.14104463
4231,0.3707948,0.024237635,0.87439936,0.071332,0.025908021
4232,0.18922126,0.06512755,0.9955142,0.27835485,0.2982869
4233,0.6093498,0.058560826,0.9636434,0.07682221,0.32316646
4234,0.33676714,0.10194652,0.98926485,0.09825223,0.28160313
4235,0.24023944,0.3454364,0.97246706,0.15700756,0.062904246
4236,0.26133093,0.19759925,0.99128854,0.10393038,0.11516222
4237,0.18082882,0.0946777,0.9683214,0.33982763,0.1390453
4238,0.21866935,0.25423113,0.99002504,0.01798621,0.46283722
4239,0.2232077,0.26114246,0.99605453,0.023870835,0.091544405
4240,0.37364724,0.2972659,0.9928509,0.03114383,0.20370755
4241,0.14390805,0.05014425,0.96961325,0.25219983,0.23970512
4242,0.11920292,0.037538007,0.98527133,0.16344544,0.4378235
4243,0.24077459,0.067546695,0.95998776,0.0588847,0.08834723
4244,0.12474516,0.21568096,0.9320833,0.07572137,0.3328523
4245,0.42703825,0.14523655,0.9814534,0.33252713,0.04200906
4246,0.036769465,0.10837754,0.98951083,0.12852514,0.14151853
4247,0.13477592,0.19223589,0.9834705,0.12830654,0.17231108
4248,0.09041373,0.265309,0.99021614,0.07864238,0.33502442
4249,0.123471275,0.1490353,0.13974822,0.9599126,0.10932483
4250,0.07864238,0.023419945,0.22000709,0.9719393,0.06394842
4251,0.31647488,0.11476479,0.052618954,0.95791227,0.06791668
4252,0.12984344,0.15052763,0.16424818,0.96557647,0.07172112
4253,0.030559862,0.12830654,0.33654907,0.94068086,0.06979492
4254,0.17133833,0.19759925,0.087563835,0.93980294,0.16344544
4255,0.35499188,0.12517229,0.10447732,0.90878,0.037467506
4256,0.06348236,0.16913125,0.037538007,0.97068775,0.10447732
4257,0.14854057,0.4426666,0.021574067,0.9562273,0.076407686
4258,0.08897849,0.36647636,0.006903838,0.9003547,0.32734567
4259,0.32831404,0.07504072,0.059646938,0.6031724,0.014957086
4260,0.07558479,0.6734064,0.064653486,0.9488225,0.11797801
4261,0.027742893,0.12929276,0.04858621,0.97719735,0.2746431
4262,0.12315455,0.10743748,0.08647765,0.9508692,0.069921836
4263,0.0705596,0.09041373,0.2220247,0.950411,0.3644382
4264,0.11676402,0.26961395,0.06572466,0.96411926,0.07369627
4265,0.100524865,0.10356715,0.1201288,0.9763557,0.03890198
4266,0.02249997,0.31541958,0.032528225,0.98138225,0.28836864
4267,0.25404602,0.15533456,0.045522004,0.9750598,0.13488984
4268,0.19178137,0.16749083,0.032405518,0.9645224,0.17469168
4269,0.08601588,0.20481864,0.05738754,0.9775,0.2714448
4270,0.09057447,0.12527926,0.022715755,0.9145963,0.12252322
4271,0.046291903,0.1668111,0.11318691,0.97046465,0.16885695
4272,0.11496336,0.3351332,0.09285216,0.9706322,0.01001357
4273,0.09619517,0.44803378,0.05834584,0.9813107,0.10141133
4274,0.33742183,0.02763772,0.10706346,0.9272316,0.09186979
4275,0.286269,0.12808825,0.10356715,0.9180404,0.11377637
4276,0.14608724,0.09653532,0.0139557095,0.79865825,0.09859886
4277,0.047691282,0.18565173,0.09057447,0.8178656,0.48925948
4278,0.028816197,0.1562336,0.03461884,0.87048715,0.21223202
4279,0.1336412,0.048047356,0.064771704,0.9906238,0.097734325
4280,0.16776334,0.02220123,0.032713123,0.9568766,0.05749328
4281,0.0527164,0.09790669,0.0055333884,0.9634375,0.10302442
4282,0.020371294,0.14572217,0.020488555,0.98190993,0.25036255
4283,0.03429395,0.14057204,0.1201288,0.94649786,0.114566505
4284,0.072243005,0.040999025,0.06348236,0.95565146,0.09268778
4285,0.044764314,0.97272736,0.055005286,0.97272736,0.16317856
4286,0.023916386,0.98998636,0.020685459,0.94509614,0.14854057
4287,0.4237561,0.99495924,0.021574067,0.8525676,0.12378869
4288,0.097734325,0.9876639,0.304145,0.9872773,0.20609398
4289,0.3312279,0.94208187,0.08151976,0.9686789,0.04903962
4290,0.12116485,0.98609793,0.021165619,0.98138225,0.09687654
4291,0.112015955,0.94600123,0.19713514,0.9759006,0.12721828
4292,0.103748634,0.90087914,0.094176665,0.8668104,0.119819485
4293,0.10393038,0.9658996,0.282592,0.9411153,0.4531106
4294,0.09568694,0.8600169,0.12776141,0.9519527,0.23828422
4295,0.064065434,0.9744348,0.15974101,0.89606965,0.282592
4296,0.5122732,0.9868787,0.0493136,0.84376645,0.3227394
4297,0.03289904,0.9043131,0.03882902,0.92879725,0.06278921
4298,0.25219983,0.8969756,0.2654994,0.93158704,0.462382
4299,0.12189466,0.93439513,0.3929773,0.9601375,0.3339375
4300,0.17314835,0.7880943,0.0946777,0.9809491,0.0996453
4301,0.12252322,0.98314995,0.009020279,0.94767237,0.4374029
4302,0.31890923,0.9526623,0.023870835,0.98544043,0.14402843
4303,0.38966265,0.9925103,0.0705596,0.9374402,0.34986588
4304,0.39198765,0.9633687,0.08977328,0.98521465,0.17217185
4305,0.15817435,0.94600123,0.053700306,0.987375,0.12158141
4306,0.066934206,0.97813547,0.018546565,0.9771538,0.5419846
4307,0.092359796,0.9666631,0.0011513996,0.97754294,0.3407045
4308,0.11066323,0.9474783,0.005576545,0.9509604,0.096705794
4309,0.2798285,0.9507779,0.0010691263,0.9566342,0.061424043
4310,0.25851312,0.96795994,0.00030534892,0.96124375,0.2180027
4311,0.21518578,0.93721074,0.0026112476,0.97482115,0.13811268
4312,0.23005375,0.9851003,0.00040448149,0.950503,0.11992252
4313,0.17300858,0.962462,0.00084924564,0.9740426,0.042882238
4314,0.038106617,0.9638481,4.0063693e-05,0.9026096,0.06841291
4315,0.13307686,0.87800074,0.0003597694,0.971779,0.036700353
4316,0.12995382,0.9114953,0.002019014,0.7102265,0.18111832
4317,0.2180027,0.8822251,0.0010282109,0.71102977,0.09484524
4318,0.31415576,0.9810946,0.00083935994,0.9704086,0.07369627
4319,0.14390805,0.97986126,0.0010282109,0.82741016,0.25534365
4320,0.14596547,0.93674946,0.0003125878,0.06644793,0.061199225
4321,0.090735495,0.91117966,0.00055062474,0.086632065,0.13050689
4322,0.0262553,0.9804314,0.0013511209,0.045352582,0.14175598
4323,0.2987982,0.7989722,9.242113e-05,0.09947021,0.388386
4324,0.07172112,0.9691495,0.0010403185,0.07290027,0.13811268
4325,0.16626887,0.8768455,0.0031115087,0.013532149,0.1606607
4326,0.2617081,0.96753323,0.0027362213,0.18952109,0.13466208
4327,0.021656677,0.97684664,0.00060945016,0.015543648,0.13039611
4328,0.2562732,0.96425414,0.0003799845,0.124425635,0.13477592
4329,0.0849471,0.9804314,0.0002551414,0.04751419,0.21452682
4330,0.29787827,0.9242787,0.0013723687,0.16858302,0.2467148
4331,0.12126888,0.8003801,0.0005233757,0.062904246,0.36500388
4332,0.22405544,0.85848147,0.0005838325,0.16198196,0.12410682
4333,0.063366346,0.9689738,0.00023050673,0.09501305,0.08882029
4334,0.27299255,0.9650533,0.0003125878,0.051082738,0.5743351
4335,0.22746934,0.9184803,0.00014313738,0.13251455,0.61306286
4336,0.057918087,0.94468933,0.00023231418,0.13050689,0.31394538
4337,0.071202725,0.9685601,0.0007096704,0.0054059005,0.038538497
4338,0.124425635,0.97838473,0.00012632043,0.08079154,0.08166611
4339,0.13811268,0.97675806,0.0008072305,0.10158945,0.992597
4340,0.12368282,0.9920002,0.00047101185,0.02178117,0.95791227
4341,0.04822634,0.98054343,0.0008459375,0.050893717,0.9113377
4342,0.2991052,0.9928231,0.0010944522,0.028761586,0.96498734
4343,0.19590157,0.96765566,0.0012113064,0.19759925,0.966156
4344,0.19667186,0.8733229,0.0016103574,0.022074388,0.9401336
4345,0.18155324,0.9563905,0.007937994,0.26626188,0.8564525
4346,0.18126321,0.97737074,0.0007613258,0.083142914,0.8456877
4347,0.06620602,0.83196384,0.0056200367,0.15726623,0.8583628
4348,0.15817435,0.979354,0.0025509123,0.015189049,0.89478946
4349,0.08509905,0.98046875,0.0009547317,0.10539454,0.9158089
4350,0.25701845,0.9513234,0.0009735438,0.10932483,0.72154707
4351,0.13139597,0.77932185,0.00090044667,0.13764834,0.5059697
4352,0.045183755,0.9466954,0.0013096057,0.087720014,0.9750598
4353,0.29380956,0.8062431,0.00057254656,0.10932483,0.3629692
4354,0.061649624,0.99553156,0.9958175,0.03289904,0.920218
4355,0.2429233,0.96609205,0.99712163,0.014785407,0.9190633
4356,0.10484336,0.9643886,0.9978594,0.009376237,0.9869795
4357,0.08787644,0.8806945,0.99540824,0.013325147,0.9653158
4358,0.07992552,0.9936365,0.998835,0.14780103,0.8749346
4359,0.038466193,0.9723622,0.99858415,0.14390805,0.9777139
4360,0.17147702,0.98866826,0.9951137,0.060307644,0.85158294
4361,0.083890386,0.9922444,0.9962346,0.011597362,0.96405166
4362,0.19946389,0.97947216,0.99968493,0.20963143,0.95013416
4363,0.09568694,0.96323055,0.99974877,0.011244561,0.9238675
4364,0.042087726,0.9563089,0.998844,0.051845465,0.9680205
4365,0.12896329,0.97767127,0.9971551,0.08344117,0.8897206
4366,0.082549304,0.92262185,0.99718815,0.037186775,0.94218844
4367,0.9877587,0.8200375,0.98544043,0.10356715,0.9487276
4368,0.95961094,0.9231778,0.9965837,0.04023794,0.9913223
4369,0.99719906,0.97107434,0.99029154,0.01243165,0.9670388
4370,0.96557647,0.061536737,0.99459416,0.018299332,0.85145944
4371,0.9698426,0.4770821,0.9980506,0.06430005,0.9590777
4372,0.99351174,0.15546273,0.9982109,0.07463504,0.9739932
4373,0.90087914,0.1606607,0.9980354,0.047958102,0.8834373
4374,0.9425068,0.20995522,0.9971771,0.00059071044,0.84530497
4375,0.9853843,0.024007747,0.9932288,0.0038996208,0.8782099
4376,0.9901782,0.030329255,0.9992022,0.0008626078,0.8586
4377,0.9572778,0.11318691,0.9939261,0.0010691263,0.82261705
4378,0.9539661,0.037892427,0.9857729,0.0017891593,0.8705973
4379,0.9906961,0.06500873,0.99486035,0.0034698907,0.89029425
4380,0.98403233,0.0269635,0.9723097,0.0008040859,0.95589906
4381,0.9393595,0.19284318,0.99580115,0.0022872277,0.8868131
4382,0.9505947,0.13477592,0.9975466,0.0011832798,0.9605836
4383,0.9924521,0.061649624,0.99401975,0.0003029734,0.9434519
4384,0.9822196,0.08108212,0.9992084,0.0029349518,0.86293024
4385,0.98752034,0.028167473,0.950411,0.00056588,0.8840393
4386,0.99248135,0.011244561,0.9905143,0.0035796429,0.8992984
4387,0.988085,0.05379964,0.98544043,0.0007041516,0.91352236
4388,0.93593454,0.13106197,0.9968149,0.0005976694,0.9585377
4389,0.9873262,0.15456733,0.99711037,0.002472623,0.7940658
4390,0.98844737,0.26961395,0.997537,0.00054847926,0.8213309
4391,0.98955137,0.15431228,0.99779165,0.0010005044,0.6573185
4392,0.93463415,0.03015741,0.9930962,0.003707253,0.8352149
4393,0.9942251,0.042642392,0.9978002,0.0005420927,0.7251623
4394,0.98975134,0.06941547,0.9992175,0.0027791904,0.67661995
4395,0.98672616,0.0043994132,0.9975177,0.0013458604,0.77864933
4396,0.99338466,0.04256273,0.9967524,0.0018243829,0.9184803
4397,0.9392481,0.02211659,0.9985335,0.00047470425,0.97354424
4398,0.9828892,0.036977556,0.9996513,0.0007069056,0.90414387
4399,0.98986953,0.08269734,0.9959299,0.0010162441,0.54737335
4400,0.9639839,0.048405956,0.9975177,0.00078854576,0.9685601
4401,0.99371004,0.041230027,0.99440175,0.00066670234,0.9293122
4402,0.9969722,0.20165595,0.98646784,0.00039204178,0.79438496
4403,0.99394965,0.07369627,0.9991474,0.006168995,0.9606575
4404,0.99306935,0.22695492,0.99709916,0.0027900378,0.95150405
4405,0.9599126,0.16451646,0.9976859,0.0015792594,0.9825575
4406,0.96329963,0.03138043,0.9786719,0.00017536995,0.9309621
4407,0.9968273,0.052424565,0.97788346,0.002946405,0.84208554
4408,0.9824905,0.0063635735,0.99533635,0.0019494022,0.79502225
4409,0.9107044,0.00462753,0.9983125,0.0009146137,0.9217811
4410,0.9393595,0.0894546,0.9976311,0.002472623,0.90448195
4411,0.9589241,0.03371654,0.99482024,0.0005703157,0.86476797
4412,0.97068775,0.0006070756,0.9933072,0.0012351678,0.9467938
4413,0.87321484,0.0007379196,0.998884,0.0016809418,0.89823216
4414,0.97562337,0.0001344663,0.99736834,0.99262565,0.7501869
4415,0.95869267,0.00046190585,0.99624926,0.99720997,0.28517285
4416,0.9756698,0.0001634647,0.99899167,0.9882676,0.08284563
4417,0.91700584,0.00058840885,0.9990073,0.9959927,0.24526574
4418,0.9957684,0.00069867563,0.9983059,0.9983321,0.06620602
4419,0.9911527,0.00046371284,0.9982522,0.9942251,0.06430005
4420,0.99575186,0.0001535624,0.9993905,0.9978594,0.02249997
4421,0.9861514,0.002217013,0.9976949,0.98722816,0.023375316
4422,0.97414124,0.00032503586,0.99893504,0.9864157,0.050611433
4423,0.9957353,0.0016678823,0.9857729,0.992062,0.05042407
4424,0.97068775,0.00069054146,0.99788433,0.96879715,0.016029147
4425,0.97057647,0.00071802974,0.99611557,0.9863631,0.08740792
4426,0.91964257,0.0006959537,0.99770385,0.99568534,0.0089161275
4427,0.9219218,0.0015367271,0.99453074,0.9957021,0.056652427
4428,0.992961,0.0011740822,0.99883956,0.9881765,0.22507577
4429,0.9827572,0.0031115087,0.996597,0.97903574,0.035611413
4430,0.9776285,0.00054847926,0.9959299,0.9876639,0.055515114
4431,0.9856076,0.00026119032,0.9945095,0.9944666,0.023241926
4432,0.9725193,0.000932636,0.998147,0.98378503,0.0551069
4433,0.9653158,0.00054847926,0.99724233,0.9954615,0.018617803
4434,0.91086304,0.00013658353,0.99818975,0.9951137,0.3002324
4435,0.96544635,5.0250615e-05,0.9975274,0.9732915,0.2666436
4436,0.07369627,0.00062633416,0.9982317,0.9950177,0.13939638
4437,0.0567569,0.0020587533,0.99356186,0.9896318,0.20481864
4438,0.38653186,0.00034464317,0.99789256,0.99338466,0.023197627
4439,0.40857172,0.0020992735,0.9972531,0.99712163,0.037892427
4440,0.069921836,0.0017546144,0.9970421,0.99356186,0.07737811
4441,0.043772742,0.0006436856,0.9983386,0.99719906,0.034488525
4442,0.25497246,0.0006798429,0.9996947,0.9862046,0.08269734
4443,0.10521054,0.0008231386,0.99932814,0.9923341,0.08195955
4444,0.21386933,0.00020342697,0.99924755,0.99437994,0.10141133
4445,0.078078166,0.00015967865,0.9995859,0.9976859,0.24220563
4446,0.07572137,0.0012693645,0.998835,0.99621993,0.14645308
4447,0.03767939,0.00047285444,0.99637836,0.9912209,0.039490405
4448,0.07751766,0.00015598028,0.99720997,0.9921233,0.02800752
4449,0.20307462,0.00017130819,0.9856076,0.9885361,0.20040116
4450,0.057599206,0.0014664583,0.9949397,0.9976769,0.20625381
4451,0.35689482,0.0006462033,0.9874721,0.9980276,0.26473838
4452,0.13307686,0.99437994,0.9803186,0.9674718,0.09636511
4453,0.046638038,0.9979888,0.9946774,0.9975274,0.040769268
4454,0.09894659,0.9953544,0.9916842,0.99268264,0.12199923
4455,0.15316878,0.9970765,0.9974291,0.99863833,0.10105592
4456,0.064653486,0.9956346,0.993807,0.99801993,0.04509957
4457,0.048405956,0.9933072,0.99390244,0.9954791,0.029591374
4458,0.07382971,0.997358,0.9954615,0.9971439,0.21502088
4459,0.10356715,0.99727446,0.9934865,0.9913892,0.20450072
4460,0.041539967,0.99596137,0.98971164,0.9850429,0.38001087
4461,0.062445287,0.99886644,0.9905874,0.99722075,0.25795195
4462,0.10502681,0.9548163,0.9775858,0.9872773,0.093678005
4463,0.3006429,0.9936365,0.999529,0.96909106,0.03120282
4464,0.12592277,0.9950563,0.9965837,0.99687636,0.046899255
4465,0.19620942,0.99780875,0.9994766,0.9190633,0.09434342
4466,0.1573957,0.9908035,0.99608517,0.9957188,0.06681232
4467,0.041075893,0.9882676,0.994292,0.99771273,0.2856708
4468,0.029090757,0.99394965,0.9970765,0.98803884,0.016090874
4469,0.039490405,0.9913223,0.99890554,0.99469805,0.17023194
4470,0.0824015,0.9921233,0.9960699,0.98340684,0.051367506
4471,0.11516222,0.9988531,0.9913223,0.99457306,0.2590751
4472,0.34764785,0.99847525,0.99910307,0.97140163,0.091544405
4473,0.15115306,0.99293363,0.99509466,0.9920312,0.15649123
4474,0.08586246,0.98771137,0.9799382,0.99731654,0.036493767
4475,0.07004896,0.99010193,0.97057647,0.98862445,0.013376604
4476,0.019345105,0.993807,0.9992563,0.9896318,0.12220858
4477,0.0269635,0.9748691,0.9937588,0.9891816,0.02132808
4478,0.04069295,0.9981541,0.9987696,0.99591404,0.19163005
4479,0.026305279,0.99108386,0.9970765,0.9988028,0.056029383
4480,0.1559763,0.9887554,0.9975274,0.9953904,0.03114383
4481,0.04304285,0.9853279,0.9951703,0.96160597,0.0751764
4482,0.049497053,0.99066,0.9984633,0.9791955,0.0721122
4483,0.089136936,0.9930962,0.99668854,0.96765566,0.021491766
4484,0.17231108,0.9531008,0.9990073,0.99621993,0.00065126823
4485,0.3116363,0.9972638,0.9975561,0.99580115,0.0013617034
4486,0.04922211,0.9916842,0.9933589,0.9986802,0.00052542303
4487,0.09318171,0.99437994,0.9980276,0.9870297,0.0031603526
4488,0.07626997,0.9935868,0.9982039,0.993255,0.0019267347
4489,0.08050192,0.9965301,0.9977569,0.99346113,0.0005636751
4490,0.14547919,0.97409195,0.9987356,0.9978594,0.00078241405
4491,0.13672362,0.99843305,0.99858415,0.9804314,0.0029810327
4492,0.21223202,0.99866986,0.9921233,0.98862445,0.00058840885
4493,0.08694165,0.99780875,0.99849296,0.98677725,0.0018602987
4494,0.14021848,0.99690056,0.9997086,0.9503189,0.00028021098
4495,0.19360435,0.9974191,0.9995505,0.99818975,0.00030534892
4496,0.10123348,0.99540824,0.99927634,0.99196917,0.00081038737
4497,0.065365784,0.9984452,0.99420255,0.98722816,0.0005614788
4498,0.00060471025,0.997358,0.99635005,0.99371004,0.00045474793
4499,0.00016865275,0.99624926,0.97958976,0.9764905,0.0020427648
4500,6.156764e-05,0.9887988,0.9863631,0.99293363,0.00020342697
4501,0.00066670234,0.9989392,0.96124375,0.99187535,0.0008559007
4502,0.0025608707,0.9785493,0.99896777,0.9907678,0.00030534892
4503,0.00075835997,0.9914225,0.9948403,0.99459416,0.0005092657
4504,0.0007069056,0.99762183,0.9839708,0.9974788,0.00023231418
4505,0.0025016968,0.9947187,0.9954261,0.9974291,0.00022693386
4506,0.0005112579,0.99455196,0.99690056,0.97458035,0.0002551414
4507,0.00078854576,0.9983707,0.9980882,0.996503,0.0011469158
4508,0.0011116682,0.9955142,0.9976859,0.9994,0.00044945232
4509,0.00091819005,0.9969957,0.9966756,0.9954615,0.0003393018
4510,0.0010566838,0.99630713,0.9990638,0.9943581,0.0004897656
4511,0.00096975197,0.9921841,0.9984084,0.99491996,0.0003889921
4512,0.0012303583,0.9951325,0.99823856,0.99908185,0.0025409926
4513,0.0012303583,0.9970879,0.00023231418,0.99343574,0.0015548134
4514,0.00035281325,0.99596137,0.0005053046,0.9687381,0.00013873412
4515,0.0017961492,0.99797314,0.00020184422,0.9694979,0.0003077431
4516,0.0011649561,0.99760324,9.028039e-05,0.983343,0.00014883849
4517,0.0063883206,0.98445636,0.00019716943,0.9517737,0.009020279
4518,0.0027900378,0.9953544,0.0012207952,0.98527133,0.0013458604
4519,0.0016809418,0.994615,0.000559291,0.9928509,0.00017265156
4520,0.006097562,0.99882597,0.0008263576,0.98761624,0.00268344
4521,0.00032250723,0.9783019,0.0013302015,0.99036634,0.00016474655
4522,0.0012303583,0.9987005,5.1845658e-05,0.9876639,0.0023141264
4523,0.001591626,0.9871788,0.0004994205,0.9954791,0.0003935756
4524,0.00014768039,0.9973888,0.00029827765,0.9806178,0.00053161324
4525,6.7092245e-05,0.9944666,0.00044595622,0.9965837,0.0006436856
4526,0.0006190417,0.99596137,0.00075835997,0.98481095,0.00017400544
4527,0.00010229985,0.99014014,0.0006361912,0.9964342,0.9805807
4528,0.00081355654,0.9980957,0.0022606407,0.9978173,0.98588216
4529,0.00048029725,0.990732,0.00045297583,0.9973374,0.9811669
4530,0.0006411777,0.99589807,9.09884e-05,0.992961,0.9744348
4531,0.0003150387,0.9978173,0.00062389387,0.9952448,0.99584997
4532,0.0013885233,0.99589807,5.2252268e-05,0.99368566,0.98646784
4533,0.00268344,0.99657035,7.368593e-05,0.98421544,0.9889705
4534,0.0017073674,0.98871195,0.00018814208,0.9939964,0.99090964
4535,0.00012148176,0.97675806,0.0003366622,0.9732915,0.9827572
4536,0.00034196206,0.99608517,0.0005838325,0.9890554,0.9961004
4537,0.0005571117,0.99304235,0.00074953143,0.9923044,0.9953725
4538,0.0017207355,0.9988305,0.001284308,0.9938548,0.96080494
4539,0.0014837189,0.9907678,0.00035557945,0.95961094,0.9818056
4540,0.0027791904,0.98314995,0.0003473453,0.99696034,0.99090964
4541,0.0008830458,0.997783,0.00041731575,0.9893885,0.9906238
4542,0.9997508,0.98657167,0.0007643033,0.9970305,0.9470882
4543,0.9992592,0.9980276,0.00044076296,0.9980506,0.99608517
4544,0.9993068,0.9967269,0.00014202365,0.9931229,0.9418684
4545,0.99566853,0.99499834,9.915273e-05,0.9647889,0.94957596
4546,0.9964619,0.99390244,0.00095846487,0.99174845,0.98667485
4547,0.9976311,0.9516839,0.0001535624,0.98609793,0.94176143
4548,0.9987306,0.99066,0.0003459916,0.9914556,0.98571813
4549,0.9990073,0.9943581,0.0003726377,0.98521465,0.9850429
4550,0.9993094,0.92262185,0.028816197,0.9528382,0.9408984
4551,0.99957114,0.93220687,0.010130412,0.9816304,0.98707944
4552,0.99594563,0.99440175,0.034553625,0.99368566,0.96102494
4553,0.9964204,0.96753323,0.011597362,0.99724233,0.97640073
4554,0.99784267,0.9964342,0.0012207952,0.9988121,0.99630713
4555,0.9914225,0.98657167,0.010860331,0.98871195,0.99378294
4556,0.9906961,0.97903574,0.020884218,0.99630713,0.99317604
4557,0.99158704,0.9914556,0.061875988,0.96329963,0.9887988
4558,0.99783427,0.9927672,0.0042151595,0.9938548,0.9492946
4559,0.9912209,0.9896318,0.07531231,0.9949397,0.9837225
4560,0.99813974,0.98922324,0.018941708,0.97334224,0.96609205
4561,0.9939964,0.9811307,0.011961099,0.98588216,0.9970421
4562,0.98975134,0.99816847,0.041230027,0.99499834,0.9922144
4563,0.97997653,0.990329,0.043123372,0.99253935,0.98998636
4564,0.9966234,0.99804294,0.021409769,0.9976311,0.9950755
4565,0.99687636,0.9992848,0.013428255,0.9686196,0.9961606
4566,0.9973786,0.99928194,0.007093862,0.99306935,0.9905874
4567,0.9923341,0.9955662,0.05942822,0.98840266,0.99378294
4568,0.99101454,0.99664956,0.035144847,0.99187535,0.99459416
4569,0.984516,0.9984084,0.009783876,0.99424744,0.9953904
4570,0.9951514,0.9875683,0.014899643,0.0055549247,0.98662347
4571,0.9978002,0.9566342,0.025662705,0.0010362669,0.993807
4572,0.99518895,0.9957684,0.022802636,0.00036973887,0.99010193
4573,0.997851,0.9955142,0.006903838,0.000115017356,0.99304235
4574,0.99664956,0.9991672,0.07765744,0.0001465313,0.9931496
4575,0.99128854,0.9891816,0.017509557,0.0003150387,0.9651191
4576,0.9989637,0.99455196,0.04451443,0.00058155763,0.97539
4577,0.99789256,0.9950563,0.11104825,0.0010566838,0.9723097
4578,0.99010193,0.9946359,0.00698465,0.0010044164,0.9928509
4579,0.992597,0.9955142,0.031321116,0.0010566838,0.983597
4580,0.996852,0.9957848,0.019308086,0.0006142272,0.98340684
4581,0.9976404,0.99580115,0.005281334,6.4522144e-05,0.9937588
4582,0.9917163,0.97675806,0.011288074,0.0011972112,0.96458924
4583,0.9918121,0.99955577,0.013689478,0.00059302105,0.9924521
4584,0.99857855,0.99647564,0.0038996208,0.0004840624,0.98262435
4585,0.9960238,0.99732697,0.009340025,0.00031999825,0.9890131
4586,0.99165195,0.9922444,0.010052369,0.0002551414,0.9493885
4587,0.99871576,0.9949397,0.026405517,0.00084264233,0.9971551
4588,0.9965837,0.9993687,0.0041019293,0.00046371284,0.98439646
4589,0.9827572,0.9947595,0.0262553,0.00049168157,0.98986953
4590,0.9956346,0.99921453,0.013428255,0.0002216781,0.9824905
4591,0.99190676,0.99869555,0.030967517,0.0013670257,0.98201376
4592,0.99804294,0.9721515,0.027532939,0.0015978456,0.96961325
4593,0.99155444,0.99589807,0.1390453,0.0012893283,0.97640073
4594,0.9910493,0.99040353,0.0054692747,0.0002082501,0.9961755
4595,0.9966365,0.9930153,0.03216145,0.0006878511,0.99509466
4596,0.9984988,0.98947024,0.0044165556,0.0013777326,0.9938548
4597,0.997917,0.9938309,0.020371294,0.00017265156,0.97958976
4598,0.9988883,0.99094474,0.002491968,0.00095846487,0.98588216
4599,0.99925333,0.98445636,0.23952718,0.00012053649,0.9856076
4600,0.99491996,0.9957021,0.30891946,0.0010162441,0.9856076
4601,0.9967269,0.99184376,0.5253688,0.0006023541,0.9468921
4602,0.9843364,0.9436599,0.6578682,0.0026419468,0.9951325
4603,0.99766773,0.9935868,0.59343255,0.0006615174,0.98138225
4604,0.9935868,0.9943141,0.43554133,0.0005420927,0.9650533
4605,0.9890976,0.00028685408,0.7757747,0.0011469158,0.9905509
4606,0.99580115,0.0029235429,0.41994524,0.00048785712,0.9810946
4607,0.99880743,0.0003726377,0.32788345,0.0041019293,0.9869795
4608,0.9966102,0.0002959571,0.59166425,0.0019877742,0.99279517
4609,0.99746895,0.0006693099,0.23686911,0.00028910325,0.9824905
4610,0.9987356,0.0005053046,0.13660839,0.0006563728,0.95945925
4611,0.9930153,8.156225e-05,0.3431216,0.2714448,0.9941347
4612,0.9932025,8.415109e-05,0.4292499,0.07978202,0.99442345
4613,0.9913223,0.00015843622,0.4672406,0.11992252,0.9827572
4614,0.9921841,0.0001535624,0.45562246,0.10743748,0.9906961
4615,0.9921841,0.00021824206,0.4821548,0.026912304,0.98050606
4616,0.9920002,0.00043055712,0.51080155,0.09704756,0.976038
4617,0.99453074,0.00016997529,0.59801877,0.021948254,0.93183565
4618,0.99586606,0.00014883849,0.43800378,0.051845465,0.9969722
4619,0.9875683,0.00038446192,0.535645,0.0721122,0.9750122
4620,0.994292,0.00016219282,0.1266771,0.115560874,0.97879386
4621,0.9932811,0.00013982208,0.5645187,0.064535476,0.9916842
4622,0.99306935,0.00011147904,0.08195955,0.02784845,0.9921841
4623,0.97369474,0.001032231,0.51553607,0.01812472,0.9784259
4624,0.997399,0.00015720345,0.34411275,0.034553625,0.9574373
4625,0.99843913,0.0006719278,0.25739157,0.038106617,0.98421544
4626,0.9960238,7.4846226e-05,0.11496336,0.028816197,0.9091032
4627,0.99540824,0.00015598028,0.42155182,0.029929748,0.98662347
4628,0.9961004,0.0001673405,0.16613355,0.04001227,0.99378294
4629,0.9994887,0.00026947918,0.39963588,0.021004366,0.98986953
4630,0.9953725,2.5666133e-05,0.8085212,0.05340333,0.95257413
4631,0.993255,7.662102e-05,0.22034244,0.04232459,0.9861514
4632,0.9956176,0.00092178053,0.87191176,0.06524657,0.9309621
4633,0.9964619,0.00035557945,0.5254449,0.046638038,0.929951
4634,0.998259,0.0003150387,0.79581684,0.0032730652,0.9722571
4635,0.9954261,0.0010362669,0.13330235,0.015784562,0.98555213
4636,0.9921841,0.0005233757,0.060418423,0.0023688741,0.96182173
4637,0.9930153,0.00018378456,0.22084616,0.017309096,0.92441523
4638,0.98780584,0.0006337125,0.52436423,0.016152835,0.9650533
4639,0.9980045,0.00015598028,0.35532737,0.053107902,0.9812749
4640,0.9927672,0.00034464317,0.27231473,0.009485713,0.98228765
4641,0.98998636,0.000310156,0.36127737,0.067546695,0.96544635
4642,0.99187535,0.0006142272,0.47898576,0.027480694,0.97090924
4643,0.98083925,8.156225e-05,0.13998318,0.022629201,0.92206234
4644,0.9878528,0.00035557945,0.23074637,0.023870835,0.98083925
4645,0.9772842,0.00014313738,0.33807713,0.04681203,0.99448806
4646,0.99696034,0.027901376,0.6260099,0.5533243,0.9890131
4647,0.9969722,0.023599293,0.6173973,0.22884515,0.9353465
4648,0.996852,0.039490405,0.41460252,0.28886992,0.9899476
4649,0.9954791,0.053107902,0.040769268,0.5274382,0.98771137
4650,0.99899167,0.054600604,0.28907055,0.5317869,0.96472245
4651,0.9954615,0.017644463,0.5520568,0.27855107,0.98651993
4652,0.9954615,0.077099696,0.35443306,0.10411242,0.98646784
4653,0.9971439,0.08601588,0.30033502,0.60247093,0.9764905
4654,0.99948066,0.014957086,0.83196384,0.534734,0.9835338
4655,0.9979493,0.03149938,0.36432514,0.396886,0.9700703
4656,0.9973061,0.08006927,0.5046767,0.14402843,0.9845754
4657,0.99680245,0.093678005,0.38323727,0.4828406,0.9633687
4658,0.99911696,0.08897849,0.7657686,0.57862675,0.9941801
4659,0.99861145,0.031738594,0.7772999,0.45619774,0.9873262
4660,0.9933072,0.014009566,0.71143085,0.43710256,0.9949397
4661,0.999049,0.02942358,0.43092552,0.57158726,0.9638481
4662,0.99566853,0.003692853,0.7318259,0.28716773,0.9839708
4663,0.9985104,0.069921836,0.3457677,0.45045,0.9636434
4664,0.98445636,0.04038907,0.3068385,0.2664527,0.97409195
4665,0.9930962,0.05005131,0.20689404,0.16913125,0.99029154
4666,0.9980122,0.07185127,0.34964374,0.53312397,0.97788346
4667,0.998844,0.0072608665,0.26284185,0.32167307,0.9593071
4668,0.9984084,0.038178273,0.57975733,0.32917604,0.86036915
4669,0.99947864,0.03897507,0.41679665,0.3244494,0.99293363
4670,0.99883956,0.032100707,0.0005274784,0.22558717,0.9956346
4671,0.9943141,0.037608635,0.00023413582,0.43074587,0.98475236
4672,0.99469805,0.07906799,0.0021074724,0.49291274,0.98190993
4673,0.99680245,0.02655657,0.0015129384,0.18535663,0.96131647
4674,0.9962346,0.030559862,0.00035281325,0.38306415,0.9933072
4675,0.9951514,0.018055335,0.00016865275,0.5295371,0.99608517
4676,0.9962346,0.0022083889,0.0005295418,0.19329962,0.9234544
4677,0.9977216,0.015365342,9.387641e-05,0.61097586,0.98582757
4678,0.99720997,0.008511303,0.0011649561,0.5099398,0.9427181
4679,0.9939731,0.03615194,0.0014953384,0.17638768,0.9939731
4680,0.989791,0.0113756005,0.0015792594,0.4429678,0.94509614
4681,0.9890554,0.038178273,0.00023050673,0.115960725,0.9885804
4682,0.997065,0.18374003,0.00057703455,0.5048788,0.97706646
4683,0.97510713,0.01107216,0.00010554686,0.3625177,0.98445636
4684,0.980053,0.005001672,8.68221e-05,0.112600096,0.99343574
4685,0.9923934,0.1183851,0.0001072088,0.3443332,0.979784
4686,0.99491996,0.0057974015,0.0011513996,0.19698064,0.9520419
4687,0.9987056,0.005708034,0.00056588,0.4269188,0.9829547
4688,0.9991474,0.025468083,0.00020027377,0.2639787,0.9870297
4689,0.9814534,0.014842416,0.0008525666,0.69336915,0.9859364
4690,0.9955662,0.0079997545,0.00023968685,0.57737625,0.9786719
4691,0.9982248,0.06656919,0.00026947918,0.15674923,0.98314995
4692,0.9791158,0.33567742,0.00047470425,0.2359876,0.9762654
4693,0.99701905,0.61855006,0.00042887923,0.33917066,0.99002504
4694,0.9882222,0.654674,0.00015236755,0.27192786,0.97543687
4695,0.9951137,0.79036856,9.387641e-05,0.19636346,0.97796774
4696,0.9933072,0.8097278,0.00048785712,0.14990433,0.9914556
4697,0.9975656,0.2024432,0.00025315638,0.17300858,0.9893885
4698,0.9981178,0.4941714,0.00062633416,0.3575675,0.99094474
4699,0.97986126,0.06500873,0.0003935756,0.28577042,0.94479126
4700,0.99588215,0.63996106,0.0018386652,0.18344729,0.9678993
4701,0.99242276,0.4628979,0.0014103585,0.27367145,0.9888849
4702,0.0003799845,0.23722234,5.694103e-05,0.49191356,0.96124375
4703,0.0014664583,0.3414727,0.00024346048,0.6810908,0.99025387
4704,0.00039204178,0.18025091,9.1701964e-05,0.48645347,0.992062
4705,0.0003433,0.203866,0.0003327413,0.6548947,0.99333304
4706,0.00017265156,0.48373985,0.0012545944,0.520999,0.954393
4707,0.0004897656,0.090735495,0.0005132579,0.45819718,0.9492005
4708,0.0001896174,0.112795405,0.00028685408,0.5228722,0.9863631
4709,0.0010083435,0.34169233,0.0006487308,0.43212327,0.98215127
4710,0.00049747445,0.3124749,0.002946405,0.42173043,0.9878996
4711,0.0007702932,0.3474264,8.614651e-05,0.4241138,0.99394965
4712,0.00019563535,0.3786888,0.0007793661,0.1562336,0.9813107
4713,0.00010310212,0.48842826,7.0863265e-05,0.3004376,0.9778412
4714,0.0010362669,0.35678276,0.00043563012,0.31226513,0.9912548
4715,0.0011695103,0.5591697,0.00038446192,0.53110296,0.97433734
4716,0.00045121065,0.33469814,0.0003935756,0.19590157,0.9943581
4717,0.00044421837,0.14342749,0.00040924744,0.30105373,0.9832145
4718,0.00028910325,0.3473157,0.0013617034,0.76082844,0.9845754
4719,0.00013873412,0.1592174,0.00019716943,0.38711095,0.99040353
4720,0.0011116682,0.44278705,0.0003366622,0.32305968,0.9540518
4721,7.905304e-05,0.5371931,0.00016865275,0.5589891,0.9451974
4722,0.0003175088,0.49478927,9.83812e-05,0.053700306,0.00019871553
4723,0.0003487043,0.29573816,0.00036117696,0.3820838,0.00109019
4724,0.001264422,0.025274897,0.000310156,0.25146383,0.0005233757
4725,0.0007643033,0.37353298,0.00015236755,0.47174037,0.00025118678
4726,0.00075540564,0.2590751,0.0002824081,0.30590463,0.0004565269
4727,0.00024156629,0.55892897,0.00081993215,0.33176893,0.0008864989
4728,0.000310156,0.25926262,8.8189234e-05,0.00039511538,7.031184e-05
4729,0.00024729347,0.7107287,0.00029137006,0.0011972112,7.905304e-05
4730,0.0006190417,0.16478509,0.00049747445,0.0007947255,0.0003668626
4731,0.00041245588,0.074500255,5.1845658e-05,0.0005838325,0.001264422
4732,0.00016997529,0.56139517,0.0005747862,0.00078854576,0.0006190417
4733,7.141902e-05,0.22541662,0.00037850367,0.000865981,0.00021318757
4734,0.0004565269,0.4977398,0.00019563535,0.0009850083,0.00012243443
4735,0.00018522576,0.34897783,0.00016865275,9.242113e-05,0.00017536995
4736,0.0001896174,0.29370826,0.00023413582,0.00268344,0.00043563012
4737,0.00030534892,0.060307644,0.0003175088,0.00071244594,0.00058155763
4738,0.00060471025,0.39595136,0.001032231,0.001044386,0.00022693386
4739,9.6856085e-05,0.6435533,0.0014048677,0.0016356753,0.00018093576
4740,0.0005614788,0.6072557,0.00044595622,0.0020587533,0.00075540564
4741,0.00018814208,0.46031922,0.00015118199,0.0003366622,0.00033535014
4742,0.00085924764,0.7343101,0.0005636751,0.00016093082,0.00010637458
4743,0.058453243,0.12210387,0.0003175088,0.0004691764,0.00018522576
4744,0.10650459,0.18937114,0.00047656128,0.0001535624,0.0005152657
4745,0.01685008,0.2812082,0.00032503586,0.001455063,0.0004565269
4746,0.02096424,0.0658447,0.00058611616,0.00040133507,0.0003077431
4747,0.012527932,0.24725968,0.00054847926,0.008445627,0.00028685408
4748,0.0362883,0.14743239,0.0003597694,0.0011203773,0.00053161324
4749,0.08616956,0.17724052,0.000493605,0.004591684,0.0002098831
4750,0.078078166,0.31510335,5.0250615e-05,0.0019342611,0.000104725565
4751,0.037963696,0.16885695,0.0005838325,0.00058840885,0.0005274784
4752,0.010288301,0.1532955,0.00042223287,0.00072648755,2.6274773e-05
4753,0.011331754,0.464355,0.00033015272,0.0011203773,0.00021152887
4754,0.039787807,0.08961382,0.00038147115,0.00024156629,0.00034464317
4755,0.012771867,0.59472775,0.00089344557,0.00026323833,0.0019192374
4756,0.04560694,0.725843,0.00047101185,0.0016875096,0.00095846487
4757,0.029986508,0.72496766,0.00023782204,0.00050137425,0.00045121065
4758,0.015072629,0.25330648,0.00017952797,0.0006932423,9.915273e-05
4759,0.1046602,0.1877276,0.0005442133,0.00025915826,0.00021152887
4760,0.054499872,0.21223202,0.0005378764,0.0011030267,0.0010282109
4761,0.020100236,0.36037648,0.0006023541,0.00052133633,0.00028021098
4762,0.079495706,0.70952255,0.00039511538,0.00092900335,0.0001313518
4763,0.02013874,0.572185,0.97161794,0.00012533752,0.00010975091
4764,0.02076474,0.46144146,0.9807288,0.00072648755,0.00071802974
4765,0.018869255,0.05592617,0.95961094,0.00059302105,0.0012793075
4766,0.009633652,0.26874945,0.99806577,0.00043563012,0.0011740822
4767,0.030675802,0.61236763,0.96672606,0.00078241405,0.00040133507
4768,0.012053779,0.44939268,0.99390244,0.00043733438,8.2846556e-05
4769,0.12907304,0.29563648,0.9929061,0.0001344663,0.0004029052
4770,0.017509557,0.05834584,0.8774768,0.00041731575,0.00017536995
4771,0.06979492,0.086632065,0.9700703,0.00091819005,0.026912304
4772,0.016529556,0.47568145,0.99066,0.0005378764,0.023734685
4773,0.019946935,0.48981622,0.96814114,0.00062633416,0.044764314
4774,0.015247591,0.27221796,0.8812066,0.0006487308,0.07821887
4775,0.013376604,0.21125406,0.99346113,0.00026119032,0.01584536
4776,0.017045317,0.27561688,0.994292,0.00042223287,0.015365342
4777,0.1559763,0.5788649,0.9691495,0.00081038737,0.10411242
4778,0.008610767,0.16721867,0.91789335,0.00010554686,0.06730107
4779,0.0027791904,0.4140101,0.9839708,0.00042388475,0.053601142
4780,0.0045384318,0.13443464,0.97640073,0.00023231418,0.04813677
4781,0.012970386,0.17231108,0.95275027,4.832564e-05,0.0493136
4782,0.016466174,0.109705776,0.94122344,0.00036117696,0.15974101
4783,0.12095703,0.50833815,0.9020933,0.0010566838,0.06841291
4784,0.017509557,0.73163426,0.9824905,0.00053161324,0.012576348
4785,0.08344117,0.22456521,0.9687381,0.0013617034,0.0070390454
4786,0.037326887,0.060307644,0.9780517,0.00026119032,0.041773878
4787,0.1362632,0.18713269,0.91949815,0.0004583129,0.01836964
4788,0.046119746,0.23318209,0.9474783,0.0007041516,0.026105914
4789,0.085403666,0.36886024,0.97562337,0.001032231,0.01685008
4790,0.21783626,0.22661245,0.97161794,0.00039204178,0.011331754
4791,0.012624949,0.000310156,0.98571813,0.00060471025,0.015906392
4792,0.028436033,0.0007096704,0.94261247,0.0017207355,0.085251234
4793,0.007876706,0.0010403185,0.97419035,0.00046371284,0.04410091
4794,0.12646118,0.00081355654,0.8003801,0.0010987311,0.06705629
4795,0.014172367,0.0005614788,0.96253246,0.00048785712,0.11899801
4796,0.018905446,0.00044595622,0.98498523,0.00039051395,0.059319146
4797,0.23178808,0.0008328334,0.9493885,0.003692853,0.0190509
4798,0.42739674,0.0005112579,0.9718859,4.908662e-05,0.063831605
4799,0.56208634,0.00025915826,0.98555213,0.00023231418,0.02655657
4800,0.3348069,0.0013670257,0.9353465,0.0017409837,0.014281933
4801,0.6513549,0.00023597175,0.9777564,0.00089693937,0.0046636546
4802,0.44049937,0.0002287133,0.9939731,5.6058285e-05,0.012771867
4803,0.55323374,0.00011412239,0.98475236,0.0016875096,0.02211659
4804,0.6453435,0.00020502214,0.9739932,0.00057254656,0.025809623
4805,0.3002324,0.0017477857,0.97107434,0.00025118678,0.056548133
4806,0.34521562,0.0014895174,0.9845754,0.00053161324,0.021084841
4807,0.46541786,0.0008040859,0.98672616,0.00012339458,0.009633652
4808,0.498806,9.6856085e-05,0.98922324,0.0003077431,0.86188734
4809,0.6205641,0.003337405,0.9400236,0.00027803096,0.6788595
4810,0.33545968,0.008610767,0.98365986,0.00072932884,0.3752485
4811,0.6573185,0.00023050673,0.95447797,0.0041019293,0.6326163
4812,0.5957866,0.004133968,0.9757161,7.141902e-05,0.12074952
4813,0.6991517,0.00015236755,0.99253935,0.00042388475,0.37216288
4814,0.4798998,8.156225e-05,0.9815244,0.000101503836,0.108566426
4815,0.45305008,3.400182e-05,0.9400236,0.00041731575,0.16858302
4816,0.55323374,0.0021997981,0.8912444,0.00077632995,0.3332862
4817,0.47341377,0.00023231418,0.9593071,0.9572778,0.20339088
4818,0.46520525,0.0012255674,0.9890554,0.9565531,0.22017473
4819,0.26473838,0.0014437558,0.96961325,0.98314995,0.57451415
4820,0.44281718,0.00061183405,0.9361684,0.93195957,0.07935289
4821,0.63996106,0.00071244594,0.97409195,0.9826909,0.33993718
4822,0.48540914,0.00014091856,0.9725715,0.9603612,0.4327225
4823,0.64779824,0.00042554305,0.9589241,0.9951703,0.44007817
4824,0.35320508,0.001012286,0.98481095,0.94176143,0.2892713
4825,0.31721473,4.908662e-05,0.9921233,0.97409195,0.6581979
4826,0.5745738,0.000965975,0.8311431,0.93158704,0.30569732
4827,0.31132215,0.0003433,0.9449947,0.94815457,0.34587815
4828,0.5238314,0.00044076296,0.9851003,0.92879725,0.7796575
4829,0.36398596,0.0005976694,0.96267307,0.97079873,0.56457865
4830,0.22337708,0.0003327413,0.94208187,0.86860406,0.7352616
4831,0.18982129,0.0002959571,0.97887486,0.93108755,0.67179364
4832,0.25982565,2.8632558e-05,0.9724148,0.9869795,0.1425897
4833,0.28199843,9.09884e-05,0.98197925,0.91321325,0.5994851
4834,0.23686911,0.00042223287,0.89805347,0.9144437,0.5177995
4835,0.45686412,0.00026530237,0.92262185,0.96777767,0.39869905
4836,0.1561049,0.002673006,0.9908744,0.7287483,0.36116472
4837,0.3636469,8.092757e-05,0.9557341,0.97074324,0.55389744
4838,0.20212802,0.00091819005,0.9413314,0.9596866,0.39735362
4839,0.24382246,0.0005976694,0.98427594,0.9761746,0.26740816
4840,0.375821,8.4811036e-05,0.96102494,0.6401861,0.41489884
4841,0.35689482,0.00027803096,0.883236,0.9312127,0.65610766
4842,0.56985265,0.00074370287,0.8912444,0.920218,0.37639388
4843,0.36568317,0.0001344663,0.96378,0.9302051,0.5537164
4844,0.65544635,0.00011235328,0.96557647,0.92107415,0.36093944
4845,0.4978218,0.00021485926,0.952131,0.98844737,0.44013837
4846,0.7242856,0.00015476662,0.98947024,0.90632194,0.11961367
4847,0.49679953,0.0008899655,0.9697854,0.93318766,0.74316794
4848,0.30033502,6.605215e-05,0.9514138,0.95159405,0.26114246
4849,0.24526574,0.00021995338,0.9519527,0.94355595,0.5774358
4850,0.27786472,0.00010637458,0.97838473,0.9572778,0.20833994
4851,0.537011,0.0013993983,0.966347,0.9932811,0.33818638
4852,0.38352585,0.0017207355,0.93880075,0.9802808,0.6551154
4853,0.647018,0.00023597175,0.9564718,0.87396973,0.2752271
4854,0.04232459,0.000119598575,0.97539,0.9803186,0.45883366
4855,0.4006321,0.00014202365,0.952131,0.9828892,0.22051026
4856,0.00038147115,0.000118667966,0.97788346,0.92827886,0.3454364
4857,0.0020667946,0.00016997529,0.9413314,0.97428846,0.5025863
4858,0.00048029725,0.0020348171,0.9647889,0.9694979,0.26759952
4859,0.0024534282,0.00033015272,0.98262435,0.9807288,0.7405498
4860,5.0644718e-05,0.0018895386,0.9639839,0.9667888,0.648021
4861,0.00032503586,0.00025915826,0.9876639,0.98571813,0.22695492
4862,0.00024729347,0.0010944522,0.9570375,0.9826909,0.22712629
4863,0.00048785712,5.307508e-05,0.87375444,0.9036349,0.19102567
4864,0.00074661145,0.0001344663,0.99401975,0.9549844,0.26095408
4865,0.0021074724,0.00013238186,0.9735945,0.92683524,0.42030215
4866,0.0013096057,6.156764e-05,0.9850429,0.89442116,0.27212125
4867,0.001294368,0.00025714198,0.99338466,0.9790758,0.24400254
4868,0.00022341637,0.0004156895,0.9599126,0.98080254,0.33003917
4869,0.000628784,0.00027159214,0.99827254,0.94825053,0.2867681
4870,0.00035836728,7.311254e-05,0.9874721,0.9432431,0.16913125
4871,0.00038296366,0.00042388475,0.98947024,0.7552762,0.41715273
4872,0.0010608152,0.00033015272,0.9749169,0.6493563,0.63204867
4873,0.00046552691,0.00021995338,0.882022,0.8774768,0.40762815
4874,0.0011469158,0.00080095365,0.96814114,0.906156,0.48689568
4875,0.0003406293,4.2315594e-05,0.95998776,0.96765566,0.60591567
4876,0.00060945016,0.00035557945,0.9730877,0.9651191,0.52999324
4877,0.00038446192,0.9530133,0.9738444,0.94776917,0.67939144
4878,0.00024923251,0.9293122,0.95565146,0.97923523,0.099820666
4879,7.782753e-05,0.9827572,0.9430336,0.9260366,0.32412842
4880,0.0006693099,0.96777767,0.8680457,0.9774571,0.5298564
4881,0.00042720788,0.891055,0.9712929,0.9528382,0.7401744
4882,0.00054847926,0.9615338,0.7390459,0.9583042,0.3205022
4883,9.535461e-05,0.62658125,0.9600627,0.9754836,0.40927982
4884,0.00029137006,0.9922444,0.97151,0.82976806,0.47353554
4885,0.0019723359,0.9596866,0.96472245,0.9772842,0.4712993
4886,0.0005838325,0.9439706,0.9130583,0.85705173,0.3333947
4887,0.0001313518,0.8146434,0.92007446,0.9718859,0.09807933
4888,0.0003393018,0.77081,0.9595352,0.92523,0.6614857
4889,5.694103e-05,0.83467656,0.92827886,0.94427973,0.22884515
4890,0.00042887923,0.8240375,0.98083925,0.9579909,0.40356684
4891,0.00012053649,0.7547343,0.95783347,0.9841546,0.5011368
4892,0.0022872277,0.8507168,0.9349913,0.93403506,0.3332862
4893,0.00046734812,0.9621787,0.9528382,0.92762595,0.4532316
4894,0.000621463,0.97724086,0.94834626,0.94218844,0.20370755
4895,0.0008360903,0.9302051,0.98314995,0.9685601,0.54283303
4896,0.00057929166,0.8071568,0.9873262,0.9038049,0.4164406
4897,0.0020033333,0.8440237,0.99605453,0.9725193,0.0010733063
4898,0.00049168157,0.617282,0.99010193,0.8989441,0.0004322415
4899,0.0003799845,0.9380106,0.97394365,0.906156,0.00071244594
4900,0.00026119032,0.9666002,0.97262347,0.92643696,0.00042058743
4901,0.00074661145,0.91949815,0.961171,0.97662467,0.00033797944
4902,0.000110611596,0.93686515,0.9451974,0.952131,0.0006166297
4903,0.00047656128,0.78365755,0.9651191,0.96771675,0.0016743992
4904,0.0015367271,0.9790758,0.9754836,0.9825575,0.00016219282
4905,0.00041084853,0.95013416,0.98282325,0.9507779,0.00046190585
4906,0.00036543285,0.9571178,0.84247476,0.98498523,0.00044595622
4907,0.0016875096,0.968441,0.97931457,0.99293363,0.00041406954
4908,0.00017952797,0.950411,0.98667485,0.9730877,0.00055062474
4909,0.00096975197,0.9451974,0.98582757,0.95275027,0.0005636751
4910,0.00044595622,0.87536144,0.8838389,0.96641046,0.00023413582
4911,0.0009773504,0.70232594,0.9881309,0.9696707,0.00018378456
4912,4.4694072e-05,0.90174776,0.9956346,0.9587699,0.0006462033
4913,0.0003175088,0.9394706,0.97369474,0.98365986,0.0003077431
4914,0.00063124346,0.937783,0.9623913,0.70801073,5.307508e-05
4915,0.00066670234,0.9757624,0.9888419,0.8889517,0.00013982208
4916,0.00069054146,0.97986126,0.95751673,0.979354,0.0028449097
4917,8.888085e-05,0.91978675,0.9861514,0.8923751,0.00030061635
4918,0.0003077431,0.9664738,0.9786719,0.8037906,0.00043733438
4919,0.0014381354,0.9281487,0.97029626,0.97369474,0.000118667966
4920,0.0008167381,0.8967949,0.9809491,0.78464925,0.0003275843
4921,0.0003459916,0.9049869,0.9732915,0.9727791,3.8229115e-05
4922,0.00029365462,0.7849791,0.9728308,0.96795994,0.00021654405
4923,0.00036259004,0.97510713,0.8260112,0.7251623,0.0011695103
4924,0.00045297583,0.8413048,0.9530133,0.96138906,0.0022083889
4925,0.00050333556,0.9361684,0.98975134,0.9436599,0.001507049
4926,0.00026530237,0.93463415,0.8987666,0.9227612,0.00039051395
4927,0.0006693099,0.83400166,0.9493885,0.96879715,0.00022341637
4928,0.0001823546,0.9773276,0.7422349,0.9422947,0.0005680935
4929,0.0011559009,0.92064714,0.96765566,0.91352236,0.00025714198
4930,0.00041894842,0.8933094,0.88563144,0.98134655,0.0007916296
4931,0.0003366622,0.980053,0.88602656,0.96138906,6.302759e-05
4932,0.00085924764,0.98752034,0.95531917,0.9384633,0.0035380863
4933,0.000932636,0.99040353,0.80115914,0.9432431,0.000101503836
4934,0.0017274586,0.97903574,0.99256825,0.97796774,0.00035281325
4935,9.3145936e-05,0.7379143,0.99066,0.96253246,9.993032e-05
4936,0.00022693386,0.9744348,0.9809856,0.8951567,0.0005953407
4937,0.00049168157,0.95814794,0.98197925,0.98159516,4.4346274e-05
4938,0.00028685408,0.86838096,0.95861524,0.97931457,0.00061183405
4939,0.00078241405,0.9635062,0.9298237,0.79975533,0.00019871553
4940,0.0012743262,0.8722386,0.9596866,0.9878996,0.00053161324
4941,0.0006641048,0.93463415,0.9032942,0.98835784,0.0004859561
4942,0.0005152657,0.9514138,0.98076576,0.91212356,0.00013342
4943,0.97324073,0.9352283,0.9905509,0.975249,0.0003459916
4944,0.99174845,0.9541374,0.9827572,0.8358858,0.0001823546
4945,0.9795506,0.9765354,0.93581736,0.95998776,0.00010889691
4946,0.9659639,0.9851003,0.96795994,0.95775455,0.0005152657
4947,0.99368566,0.94509614,0.9523088,0.9881765,0.0003859661
4948,0.9750598,0.55600786,0.9645224,0.96267307,0.0011469158
4949,0.993255,0.9769348,0.97046465,0.95430803,8.2846556e-05
4950,0.9759923,0.9764905,0.9915216,0.92563426,0.00084924564
4951,0.99178034,0.9223426,0.9856076,0.8589554,0.00039204178
4952,0.97931457,0.84208554,0.8109285,0.9455002,0.00025118678
4953,0.9830851,0.9076402,0.9840936,0.9320833,0.0004076526
4954,0.9448931,0.9071478,0.8793542,0.62509483,0.00020662983
4955,0.9596866,0.9869795,0.664758,0.90829307,0.00015476662
4956,0.98657167,0.9893885,0.077937685,0.97298527,0.000104725565
4957,0.9749646,0.98481095,0.6270382,0.9757624,0.00020662983
4958,0.9687381,0.8964329,0.25739157,0.98065484,0.00035557945
4959,0.9797065,0.8949732,0.25128007,0.93033177,0.00032250723
4960,0.97272736,0.8221891,0.74186105,0.9326989,0.0011247575
4961,0.9623913,0.9273633,0.5607639,0.99361163,0.000117744596
4962,0.9429286,0.853669,0.54016596,0.99497885,7.602479e-05
4963,0.9781772,0.9653158,0.5853975,0.7926248,0.00016603847
4964,0.9694401,0.7879312,0.3205022,0.9887554,0.0006693099
4965,0.9217811,0.64243245,0.41756833,0.8562122,0.00042388475
4966,0.917746,0.8940517,0.48114908,0.97467697,4.720623e-05
4967,0.91259205,0.48627818,0.43410143,0.86385167,0.0008231386
4968,0.9814534,0.83400166,0.23248434,0.9615338,4.908662e-05
4969,0.97947216,0.9458012,0.7411123,0.9588471,3.3214194e-05
4970,0.99193794,0.8296301,0.6894102,0.9567152,0.0002824081
4971,0.9737447,0.8789391,0.57463354,0.84872156,0.93891287
4972,0.97779876,0.92590266,0.46004632,0.7401744,0.98046875
4973,0.98314995,0.9003547,0.73545164,0.61578125,0.97622
4974,0.9923638,0.679923,0.6101631,0.68215036,0.9896318
4975,0.98942953,0.7876047,0.68961924,0.85318035,0.92683524
4976,0.9853843,0.70750576,0.81873685,0.71611935,0.9900636
4977,0.9849274,0.9507779,0.62314755,0.6395109,0.9644556
4978,0.993807,0.9159594,0.35353976,0.566798,0.90665317
4979,0.97462875,0.94539934,0.14633106,0.53098136,0.96028674
4980,0.9935369,0.9320833,0.17511447,0.7157221,0.97339284
4981,0.99448806,0.87439936,0.4241734,0.27855107,0.99366105
4982,0.99108386,0.84959716,0.517007,0.18111832,0.97074324
4983,0.99401975,0.6729768,0.09351231,0.4843496,0.950503
4984,0.90448195,0.9783433,0.5099169,0.2761046,0.9849274
4985,0.9933589,0.8050198,0.42871165,0.66909647,0.968441
4986,0.9853843,0.98403233,0.5404085,0.16451646,0.97419035
4987,0.99632156,0.98184055,0.694199,0.41941014,0.94509614
4988,0.9828892,0.97684664,0.70801073,0.32284614,0.95938325
4989,0.97107434,0.95938325,0.38664764,0.22988081,0.97986126
4990,0.97788346,0.9152046,0.68236214,0.42357722,0.92441523
4991,0.9953181,0.6364661,0.14645308,0.6215983,0.9396923
4992,0.94427973,0.9444849,0.7318259,0.47005236,0.9709644
4993,0.97947216,0.98340684,0.82615143,0.58640444,0.9639839
4994,0.9614615,0.93463415,0.6632328,0.53357977,0.9694401
4995,0.9216402,0.7814974,0.40186384,0.57737625,0.9890131
4996,0.9474783,0.9161096,0.60077405,0.51635164,0.9706322
4997,0.98752034,0.9851003,0.38612667,0.5843898,0.9885361
4998,0.9806178,0.88483775,0.22832851,0.38450763,0.98722816
4999,0.94649786,0.98481095,0.4823529,0.69863796,0.93558234
5000,0.9914556,0.6739432,0.5640985,0.5897754,0.9263037
5001,0.9877587,0.86601925,0.21255878,0.2615195,0.8929365
5002,0.99304235,0.9348725,0.3926279,0.34643072,0.8507168
5003,0.98544043,0.7221353,0.8429925,0.25851312,0.9193534
5004,0.9870297,0.9896318,0.2850733,0.2635994,0.85989916
5005,0.9864157,0.8989441,0.53776973,0.5692541,0.91700584
5006,0.97539,0.9462003,0.54894555,0.29920757,0.98475236
5007,0.9781772,0.92775697,0.3967107,0.702938,0.9545628
5008,0.9861514,0.9520419,0.4732768,0.55157375,0.9871293
5009,0.992597,0.9673486,0.5113201,0.6152612,0.9824905
5010,0.98083925,0.92206234,0.21141681,0.16940588,0.8933094
5011,0.9950177,0.8784186,0.19117662,0.36409897,0.9667888
5012,0.99440175,0.9103862,0.42065907,0.3938512,0.9641868
5013,0.98582757,0.9436599,0.18039525,0.583144,0.81946033
5014,0.9667888,0.94197524,0.097734325,0.22901751,0.98752034
5015,0.99271095,0.92107415,0.45950055,0.25926262,0.9832145
5016,0.9470882,0.9043131,0.44360042,0.26894143,0.98527133
5017,0.99338466,0.95606345,0.33469814,0.3094409,0.98571813
5018,0.9731898,0.8740772,0.2972659,0.08108212,0.9764905
5019,0.8933094,0.9439706,0.3205022,0.24707796,0.9519527
5020,0.979354,0.95606345,0.5010433,0.39274436,0.9799382
5021,0.94458723,0.83801806,0.82949203,0.45853055,0.93698055
5022,0.98866826,0.9222025,0.40051487,0.6144518,0.9778412
5023,0.9871788,0.8153795,0.6873153,0.48020446,0.7879312
5024,0.97711015,0.937783,0.5390742,0.7379143,0.96989965
5025,0.9552357,0.9926542,0.7187918,0.74706274,0.85919183
5026,0.9736447,0.9913223,0.44290754,0.31310463,0.9159594
5027,0.94407386,0.91102153,0.7545535,0.32691577,0.9429286
5028,0.98421544,0.6954414,0.8178656,0.17709816,0.82573026
5029,0.98262435,0.7720154,0.32071492,0.62977463,0.9662198
5030,0.97389406,0.8814109,0.59837085,0.5095356,0.98752034
5031,0.9697281,0.9507779,0.4139509,0.42650077,0.9596866
5032,0.9563905,0.84834504,0.8978745,0.18010667,0.96771675
5033,0.9970305,0.9036349,0.4059785,0.3457677,0.98134655
5034,0.98844737,0.9745319,0.38867602,0.2672169,0.96432143
5035,0.9787533,0.49886894,0.381738,0.23899394,0.77063745
5036,0.997399,0.8558512,0.50442874,0.2831863,0.96485513
5037,0.9856076,0.9546474,0.81405276,0.3106944,0.9825575
5038,0.9404625,0.96518475,0.09534947,0.25238407,0.9906961
5039,0.966156,0.9312127,0.5743351,0.18862271,0.9551521
5040,0.9313377,0.9302051,0.21717146,0.25571522,0.63928574
5041,0.92359227,0.6327297,0.48415142,0.21223202,0.9320833
5042,0.9565531,0.9763557,0.6872103,0.7867867,0.9716717
5043,0.9403531,0.7613611,0.47753897,0.7025301,0.92643696
5044,0.979784,0.9046505,0.45078245,0.3124749,0.9875683
5045,0.9778412,0.9084556,0.48833677,0.3415825,0.99586606
5046,0.9603612,0.950503,0.38769034,0.25036255,0.9418684
5047,0.9635748,0.79581684,0.58959824,0.7874412,0.98403233
5048,0.9772842,0.9784671,0.18624303,0.27943507,0.8687154
5049,0.9532751,0.93403506,0.0006411777,0.40969306,0.9567152
5050,0.89274967,0.9334308,0.0011424496,0.39571783,0.79085356
5051,0.94796216,0.94699025,0.00095101306,0.6548947,0.96641046
5052,0.9914887,0.85427785,0.000119598575,0.6247515,0.891055
5053,0.9053223,0.3443332,0.00026119032,0.8020909,0.97675806
5054,0.97997653,0.48395327,0.000104725565,0.79486305,0.99242276
5055,0.9812029,0.8962514,0.0005053046,0.24454336,0.98651993
5056,0.9704086,0.58823884,0.0011469158,0.08866235,0.95506835
5057,0.9518632,0.46733177,0.001012286,0.44574064,0.9641868
5058,0.9896318,0.354098,0.00078854576,0.05042407,0.95719784
5059,0.9920002,0.7157221,0.00024729347,0.18683577,0.95679593
5060,0.99242276,0.12474516,0.0010525686,0.14402843,0.9224824
5061,0.9960083,0.4645372,0.9238675,0.413714,0.844409
5062,0.9644556,0.54719186,0.7980295,0.37147856,0.9532751
5063,0.9871293,0.23091978,0.8782099,0.33796784,0.9838472
5064,0.9915216,0.18257122,0.94966936,0.39711982,0.9811307
5065,0.9765354,0.6974029,0.9583042,0.2822951,0.9448931
5066,0.996503,0.39852345,0.84376645,0.36636302,0.8976953
5067,0.98527133,0.6550051,0.9159594,0.50655323,0.8933094
5068,0.9824905,0.2509128,0.96378,0.3684057,0.9745319
5069,0.98475236,0.2429233,0.7898827,0.0015247863,0.9686196
5070,0.9922144,0.6719013,0.5470104,0.0046455576,0.98498523
5071,0.9965301,0.58699644,0.87663436,0.00071244594,0.9692078
5072,0.9559813,0.29563648,0.76977324,0.0016103574,0.93569994
5073,0.9567152,0.38387224,0.83973396,0.00030534892,0.8625833
5074,0.97796774,0.33589524,0.8600169,0.00042058743,0.97662467
5075,0.9791158,0.54049945,0.9600627,0.0001465313,0.99486035
5076,0.994615,0.57564765,0.9296961,0.0005463421,0.9723097
5077,0.9787127,0.45913672,0.9324533,0.0005092657,0.9393595
5078,0.98155975,0.5414392,0.9666002,0.00059071044,0.929951
5079,0.983597,0.6928498,0.92643696,0.0003459916,0.8701566
5080,0.9893885,0.68056023,0.6169935,0.00019871553,0.87514824
5081,0.9889705,0.54183316,0.6859495,0.00189692,0.94994867
5082,0.9922444,0.34334174,0.90894175,0.0045032725,0.82796735
5083,0.9595352,0.23704566,0.91978675,0.0016809418,0.76171577
5084,0.96295285,0.21535076,0.9755769,0.0018315102,0.9674718
5085,0.91212356,0.28886992,0.79246426,0.00063124346,0.6620321
5086,0.9905874,0.5961981,0.6899327,0.00048217614,0.86613256
5087,0.97724086,0.25497246,0.95861524,0.0011469158,0.92441523
5088,0.983597,0.7122322,0.7136312,0.98445636,0.82544905
5089,0.9701835,0.4380939,0.9758085,0.95861524,0.95695716
5090,0.975249,0.33676714,0.799129,0.74298155,0.9925103
5091,0.9729338,0.5607338,0.94509614,0.9534488,0.94776917
5092,0.9537082,0.6215409,0.83359575,0.8828326,0.89048487
5093,0.9955142,0.3869951,0.8262917,0.9712385,0.97702265
5094,0.9856076,0.48451725,0.9273633,0.8543993,0.9079672
5095,0.994615,0.4825815,0.7312505,0.90397453,0.8899121
5096,0.9968273,0.7629543,0.7892337,0.86339164,0.91964257
5097,0.9832145,0.4852262,0.9145963,0.94165415,0.9213576
5098,0.98582757,0.1899715,0.84428066,0.9027811,0.9456007
5099,0.8535469,0.5943158,0.984516,0.85776806,0.87779135
5100,0.9830851,0.7657686,0.78613067,0.9054896,0.9590777
5101,0.96309197,0.7490872,0.7718435,0.9378969,0.8718026
5102,0.9772842,0.82018155,0.9791158,0.94197524,0.98582757
5103,0.9709644,0.20370755,0.8479678,0.85195273,0.98803884
5104,0.9822196,0.11818139,0.98327893,0.8969756,0.95159405
5105,0.97923523,0.32327327,0.69440633,0.8296301,0.92590266
5106,0.9829547,0.4697179,0.87375444,0.92590266,0.9054896
5107,0.9803186,0.6531269,0.8687154,0.9213576,0.9534488
5108,0.97140163,0.71173155,0.80131465,0.89823216,0.9871293
5109,0.9872773,0.18025091,0.65698844,0.82261705,0.93569994
5110,0.98609793,0.17909943,0.8080672,0.89606965,0.7403621
5111,0.40833575,0.36613634,0.45868206,0.9348725,0.96926606
5112,0.7921428,0.6838419,0.80147004,0.93698055,0.7180016
5113,0.8044059,0.64779824,0.70639306,0.48364842,0.9300781
5114,0.42584398,0.47163385,0.8499712,0.9081302,0.9078038
5115,0.58794314,0.33415475,0.9326989,0.65201986,0.98481095
5116,0.86838096,0.4356614,0.68961924,0.87621135,0.9520419
5117,0.56973296,0.30321574,0.9568766,0.89048487,0.9780936
5118,0.23161423,0.59960234,0.954393,0.64467263,0.9595352
5119,0.744842,0.54891527,0.5997782,0.91413754,0.96295285
5120,0.17384852,0.8369547,0.9743861,0.96995664,0.81757444
5121,0.3268083,0.4074513,0.9758546,0.84221536,0.9617499
5122,0.43392146,0.38219908,0.81960475,0.9158089,0.9436599
5123,0.37593555,0.55208695,0.5565201,0.9324533,0.9861514
5124,0.74853617,0.23792988,0.85693204,0.654674,0.9007046
5125,0.67768735,0.2714448,0.8881781,0.5368593,0.98215127
5126,0.38012594,0.09089675,0.7509182,0.5433176,0.9593071
5127,0.38670552,0.4954301,0.7442848,0.6222298,0.98184055
5128,0.26322043,0.24310297,0.8454327,0.7854732,0.9514138
5129,0.51526165,0.46065283,0.7017131,0.83508044,0.96095175
5130,0.5176318,0.08344117,0.85776806,0.92956835,0.9758546
5131,0.5530829,0.24816957,0.9105454,0.9312127,0.81331253
5132,0.6215983,0.30445513,0.6082451,0.9644556,0.9606575
5133,0.521791,0.3332862,0.0004424873,0.840521,0.77167153
5134,0.55576676,0.51125145,0.00084264233,0.8010035,0.9341553
5135,0.5720655,0.68794453,0.008511303,0.9199307,0.9650533
5136,0.5443473,0.71442884,0.0023141264,0.93721074,0.9181873
5137,0.25275275,0.60241246,0.00036117696,0.9203613,0.9784259
5138,0.12918286,0.5455279,0.00033535014,0.83894384,0.82587075
5139,0.42387533,0.14965561,0.00035143827,0.8554893,0.9650533
5140,0.6084777,0.6679062,0.00081993215,0.89256257,0.9739932
5141,0.08050192,0.24346252,0.0006745559,0.9658352,0.9203613
5142,0.5867596,0.4097521,0.0012893283,0.9001793,0.9448931
5143,0.7604728,0.4139509,0.00072932884,0.9692078,0.9384633
5144,0.60533255,0.651133,0.00047842565,0.88875884,0.86350673
5145,0.5567611,0.4412516,0.0003487043,0.95275027,0.45937926
5146,0.28180072,0.49041864,0.00037118542,0.9400236,0.4872007
5147,0.5349466,0.85693204,8.156225e-05,0.91274774,0.46402106
5148,0.52635795,0.1322902,0.00059302105,0.87037706,0.6854233
5149,0.36738378,0.54912686,0.00035836728,0.8056322,0.47977793
5150,0.6627965,0.31174105,0.0010691263,0.9352283,0.64052343
5151,0.47394636,0.076407686,0.0027044292,0.8204695,0.7599387
5152,0.77662295,0.48210913,0.0055333884,0.0018530593,0.5117852
5153,0.263789,0.3619537,0.0008626078,0.0006166297,0.49038053
5154,0.4051545,0.60871035,0.0006142272,0.00059071044,0.6135839
5155,0.5056913,0.22884515,0.00061183405,0.0027255826,0.45426032
5156,0.29502675,0.2555294,0.0016040892,0.00056588,0.7157221
5157,0.28180072,0.6680145,8.547617e-05,0.0001673405,0.39852345
5158,0.40262696,0.40503684,0.00017813111,0.00069054146,0.42393497
5159,0.8840393,0.001133569,0.0003935756,0.00015720345,0.41638127
5160,0.75851065,0.0010775026,0.0015487612,0.0018315102,0.3296075
5161,0.7687332,0.00026738262,0.00011591935,0.0025608707,0.4502385
5162,0.23109324,0.0020911063,0.0007350449,0.001648483,0.79597545
5163,0.473992,0.0009362828,0.00040133507,0.00026947918,0.57648236
5164,0.2641685,0.0004156895,0.00046190585,0.00048785712,0.17610413
5165,0.35131106,0.00022693386,0.0041019293,0.00017674513,0.6328432
5166,0.19072403,0.0003327413,0.0039148238,0.0012399962,0.78099674
5167,0.20995522,0.0009146137,0.00036829791,0.0027683855,0.5381945
5168,0.33426335,0.0013406203,0.0022606407,0.0020427648,0.53871024
5169,0.14940724,0.00041894842,0.00069054146,0.0017752605,0.44372094
5170,0.20418318,0.00018378456,0.0003740956,0.00038446192,0.7595823
5171,0.39507583,0.00062389387,0.0005233757,0.0004156895,0.81669897
5172,0.27009502,0.0008693674,0.0045738644,7.843789e-05,0.7277821
5173,0.8440237,0.001107339,0.00015598028,0.00071244594,0.87396973
5174,0.5113125,0.00043055712,0.00021995338,0.0017007225,0.7407374
5175,0.6703925,0.0014837189,0.00074370287,0.00056588,0.34191203
5176,0.62303287,0.00012931564,0.00072365726,0.0003275843,0.46842587
5177,0.56355816,0.89368117,0.0005463421,0.0015247863,0.6568784
5178,0.11417085,0.6144518,0.0038996208,0.00077632995,0.4655697
5179,0.7867867,0.9712385,0.002463007,0.00078854576,0.17036992
5180,0.28897023,0.9743861,0.0145595195,0.0014607495,0.70992494
5181,0.64220816,0.7358315,0.007815889,0.0009966077,0.6886778
5182,0.6303436,0.7498207,0.017045317,0.0012994275,0.60504085
5183,0.63815904,0.8271311,0.012100386,0.00042388475,0.48104241
5184,0.7629543,0.8290773,0.0038996208,0.00041894842,0.32541335
5185,0.50866616,0.62852144,0.0017342081,0.00036973887,0.7496374
5186,0.6663882,0.9280184,0.0038244836,0.0006166297,0.37662312
5187,0.5514228,0.6181467,0.007232764,0.00033797944,0.5636782
5188,0.61410475,0.85145944,0.006168995,0.00084924564,0.5140344
5189,0.53245556,0.25590113,0.034553625,0.0002758679,0.4804025
5190,0.42805406,0.76977324,0.0006411777,7.905304e-05,0.30197924
5191,0.4074513,0.7552762,0.012624949,0.00016219282,0.80700475
5192,0.55302256,0.92696756,0.002217013,0.0005838325,0.54186344
5193,0.6152612,0.10951516,0.0015307452,0.0012303583,0.7280721
5194,0.6744794,0.84504944,0.009859855,0.0033504236,0.15140383
5195,0.64980084,0.9686196,0.007345827,0.050893717,0.47453985
5196,0.2429233,0.6395109,0.0063635735,0.004810983,0.74316794
5197,0.39776295,0.95775455,0.0008525666,0.0035518846,0.35108855
5198,0.8893368,0.8733229,0.013376604,0.0037217087,0.5258254
5199,0.77814394,0.9190633,0.0025016968,0.0014837189,0.57254356
5200,0.0996453,0.8338664,0.00189692,0.008577486,0.3880961
5201,0.18010667,0.8768455,0.0034834242,0.0059803305,0.39922592
5202,0.3195459,0.8191712,0.0034564096,0.0067975316,0.66443145
5203,0.68510735,0.7188905,0.01822929,0.01584536,0.51193774
5204,0.7678639,0.9114953,0.008950711,0.001264422,0.4098702
5205,0.5494895,0.91891783,0.0018895386,0.008219693,0.8482194
5206,0.21900326,0.8143483,0.0019494022,0.0013302015,0.9267028
5207,0.3684057,0.9403531,0.0038844766,0.012053779,0.60690624
5208,0.38398772,0.4330222,0.0020911063,0.00048217614,0.8899121
5209,0.5442867,0.71353143,0.008813166,0.011158031,0.15316878
5210,0.66093874,0.75219464,0.014672035,0.003678509,0.47443336
5211,0.36477757,0.5394988,0.0030160663,0.0015608892,0.72311395
5212,0.5960218,0.8565725,0.0042151595,0.0107767265,0.83155376
5213,0.59995395,0.78825736,0.004248079,0.0107767265,0.5837373
5214,0.00041406954,0.8850366,0.010052369,0.009340025,0.7102265
5215,0.0006771943,0.94176143,0.0038844766,0.003707253,0.77063745
5216,0.0010282109,0.93257624,0.023330769,0.0063883206,0.8576489
5217,0.00039666123,0.8842393,0.003707253,0.0013511209,0.71143085
5218,0.00024923251,0.83400166,0.06656919,0.0014325366,0.7709825
5219,0.0007321813,0.74890363,0.110279374,0.0055119344,0.465509
5220,0.00025315638,0.41976687,0.04115289,0.0008360903,0.5040549
5221,0.0011513996,0.7345006,0.014117893,0.009232215,0.4622
5222,0.00036829791,0.6592955,0.09947021,0.0060269516,0.7687332
5223,0.0002551414,0.64243245,0.04698664,0.003442981,0.7704648
5224,0.0010987311,0.3913478,0.009268014,0.00698465,0.73772544
5225,0.0007152324,0.5265101,0.030502053,0.009340025,0.6594051
5226,0.00044595622,0.6074885,0.040922303,0.004314688,0.45843962
5227,0.001867566,0.790692,0.010529712,0.0065897717,0.507133
5228,0.0035518846,0.8407826,0.09186979,0.0066411127,0.5297652
5229,0.0014895174,0.9291838,0.058238626,0.0068239546,0.47177076
5230,0.00020027377,0.8366881,0.02920129,0.017509557,0.20769641
5231,0.0004859561,0.8705973,0.009708476,0.00091819005,0.26095408
5232,0.9656413,0.9339146,0.02136889,0.003442981,0.87883514
5233,0.947381,0.7995989,0.01685008,0.0060503976,0.2982869
5234,0.9804314,0.87997437,0.009596455,0.0023051251,0.18447348
5235,0.8715842,0.8957053,0.003945407,0.29675615,0.54495275
5236,0.97074324,0.89010334,0.07382971,0.020567095,0.55528456
5237,0.8507168,0.7547343,0.02763772,0.0065897717,0.64187145
5238,0.87396973,0.41602537,0.0027362213,0.13568956,0.59472775
5239,0.9224824,0.86339164,0.04038907,0.06903793,0.7602949
5240,0.9723097,0.86083776,0.02220123,0.0269635,0.006666932
5241,0.9791557,0.9240048,0.032222297,0.048676573,0.0002758679
5242,0.95695716,0.8520759,0.036631364,0.0498659,0.0020667946
5243,0.9174507,0.5885344,0.056548133,0.114566505,0.0007524628
5244,0.9554855,0.6713628,0.041539967,0.10411242,0.0009547317
5245,0.9785903,0.89805347,0.017309096,0.16344544,0.00059302105
5246,0.9693242,0.67319167,0.033972,0.03825006,0.0023231625
5247,0.94154674,0.40491915,0.042882238,0.071332,0.0009110512
5248,0.961171,0.8518296,0.04813677,0.05834584,0.006903838
5249,0.7631309,0.00055062474,0.14560063,0.111821815,0.0044337655
5250,0.9053223,0.00056588,0.095518075,0.1847675,0.000115017356
5251,0.92643696,0.0009850083,0.035012625,0.036977556,0.00023050673
5252,0.95257413,0.00023782204,0.014728614,0.01621503,0.00049553596
5253,0.88038635,0.0001896174,0.13927926,0.016152835,0.00037702857
5254,0.9657707,0.0014214043,0.009859855,0.020488555,0.00032250723
5255,0.983597,0.0018895386,0.024516335,0.08225395,0.0012255674
5256,0.97947216,0.000310156,0.023375316,0.047869004,0.00018378456
5257,0.99273914,0.0013939502,0.051941562,0.028816197,0.8694931
5258,0.9520419,0.00081038737,0.12962294,0.03138043,0.81286734
5259,0.9281487,0.00017400544,0.15253653,0.04061678,0.9293122
5260,0.9657061,0.00023413582,0.07821887,0.09687654,0.7759446
5261,0.7673414,0.00029365462,0.12852514,0.1193055,0.5621465
5262,0.9627432,0.00061183405,0.024987794,0.03371654,0.70161086
5263,0.8800775,0.0007408056,0.06359858,0.03825006,0.7791538
5264,0.9257686,0.00044945232,0.07263671,0.025809623,0.5522077
5265,0.9430336,0.000113234375,0.12646118,0.014392336,0.7193836
5266,0.9710193,0.00023597175,0.02763772,0.029535338,0.71671456
5267,0.93108755,0.00039204178,0.02655657,0.052521676,0.7373473
5268,0.9812029,0.0085443305,0.13523208,0.05330468,0.47689942
5269,0.9563905,0.00016865275,0.04054074,0.00268344,0.95379424
5270,0.91086304,0.00017813111,0.15987214,0.018617803,0.92523
5271,0.7711549,0.0004897656,0.049589027,0.016529556,0.8275496
5272,0.9803562,0.00011235328,0.03971326,0.040464837,0.86177105
5273,0.8996516,0.0006851713,0.048676573,0.01243165,0.8505928
5274,0.99378294,0.00020184422,0.0044337655,0.024376597,0.8987666
5275,0.95751673,0.0008796062,0.11636177,0.10800066,0.8010035
5276,0.8624676,0.0012018913,0.020804489,0.01784874,0.5910743
5277,0.9549844,0.00023050673,0.047602657,0.050988145,0.89478946
5278,0.92007446,0.0003889921,0.0065134983,0.023241926,0.91891783
5279,0.947381,0.001264422,0.054903854,0.033972,0.8568123
5280,0.86339164,0.00055494095,0.112015955,0.03085051,0.7744129
5281,0.8193158,0.00023413582,0.0068771075,0.052618954,0.8304567
5282,0.7314424,0.00095101306,0.018264277,0.032774985,0.75725627
5283,0.93306583,0.000310156,0.06176271,0.02732453,0.71671456
5284,0.9407897,9.83812e-05,0.07821887,0.018689308,0.8655654
5285,0.93071055,0.0003327413,0.017110888,0.02076474,0.94539934
5286,0.96753323,0.006073934,0.0121471705,0.1799625,0.9305845
5287,0.9878996,0.0025509123,0.049130786,0.1309508,0.9260366
5288,0.9771538,0.002631674,0.062904246,0.041773878,0.71472764
5289,0.6592955,0.0034834242,0.018833129,0.0946777,0.7606507
5290,0.9615338,0.010693758,0.044931643,0.048767094,0.7151257
5291,0.9313377,0.0025016968,0.002889581,0.007232764,0.71977776
5292,0.92007446,0.0028783479,0.0005233757,0.03442355,0.9159594
5293,0.9761746,0.00060945016,0.02013874,0.020844316,0.86703575
5294,0.95998776,0.0058199596,0.01461567,0.100878626,0.9526623
5295,0.8864204,0.0119150225,0.013795364,0.02800752,0.7682119
5296,0.9685006,0.0012594986,0.0059340666,0.04885778,0.7439129
5297,0.94825053,0.008745182,0.022933565,0.029929748,0.91398406
5298,0.8975158,0.0035936027,0.00698465,0.026006786,0.7633074
5299,0.9596866,0.006073934,0.009633652,0.039787807,0.9071478
5300,0.7879312,0.0027576224,0.008380453,0.0705596,0.80700475
5301,0.92617035,0.0024438868,0.00268344,0.045777272,0.72311395
5302,0.92495924,0.012970386,0.004451041,0.08570928,0.92359227
5303,0.89606965,0.0058653383,0.011823394,0.006666932,0.96378
5304,0.95068645,0.0031236487,0.009340025,0.012527932,0.9685006
5305,0.0004691764,0.0037217087,0.018905446,0.25312182,0.96544635
5306,0.00092900335,0.023509452,0.014957086,0.07978202,0.91949815
5307,0.00044076296,0.005708034,0.057281975,0.04922211,0.9396923
5308,0.001044386,0.0033897832,0.03327394,0.08866235,0.9298237
5309,0.0023413408,0.0014607495,0.02215887,0.1046602,0.9007046
5310,0.00017952797,0.006097562,0.007345827,0.036838703,0.84038997
5311,0.00077632995,0.0131212715,0.0130707845,0.11951086,0.9026096
5312,0.0005072813,0.004248079,0.011869121,0.18184364,0.98215127
5313,0.00059071044,0.013325147,0.0029926654,0.049681153,0.7478001
5314,0.00036973887,0.015663648,0.0023141264,0.008847355,0.8053262
5315,0.0005680935,0.002332234,0.0010162441,0.071202725,0.76100606
5316,0.00060471025,0.0075479234,0.024469668,0.066934206,0.8365546
5317,0.0005152657,0.013689478,0.0055119344,0.045268092,0.60264635
5318,0.0005636751,0.0034162789,0.01678549,0.054600604,0.97112906
5319,0.00025714198,0.007204769,0.019308086,0.01778039,0.966156
5320,0.00049168157,0.0075187176,0.0046455576,0.12874405,0.9465967
5321,0.00037555923,0.07779745,0.021948254,0.18565173,0.9193534
5322,0.00024156629,0.069668226,0.009232215,0.09602549,0.8305941
5323,0.00072365726,0.120232075,0.008745182,0.018546565,0.6928498
5324,0.0011740822,0.022672439,0.08137364,0.047869004,0.7483523
5325,0.00021318757,0.021906367,0.005448068,0.039564554,0.7581527
5326,0.00032250723,0.025468083,0.011823394,0.010408314,0.55956084
5327,0.00016219282,0.029035643,0.0018243829,0.03601607,0.00033015272
5328,0.00026530237,0.021948254,0.015130728,0.21288584,0.0067449897
5329,0.00036973887,0.03155902,0.010248602,0.13420755,0.00040606395
5330,0.00077632995,0.06255973,0.007968815,0.24508502,0.00052133633
5331,0.00041406954,0.09790669,0.0019955386,0.1532955,0.0018748617
5332,0.0020829707,0.02178117,0.010288301,0.008187911,0.00011412239
5333,0.0005614788,0.0551069,0.00057703455,0.097734325,0.0035106493
5334,0.00012830943,0.09285216,0.00089344557,0.117572136,0.0007643033
5335,0.0025608707,0.009268014,0.052230857,0.1336412,0.00014768039
5336,0.00011591935,0.0145595195,0.009783876,0.16052906,0.0005527786
5337,0.0001313518,0.022032265,0.0069576087,0.01374232,0.0016743992
5338,0.0007152324,0.0433658,0.004886375,0.038178273,0.0030160663
5339,0.0013354007,0.01627746,0.012100386,0.053206205,0.00021485926
5340,0.00089693937,0.16532342,0.010288301,0.076132484,0.00052133633
5341,0.00044076296,0.03904829,0.0033504236,0.030733928,0.0004840624
5342,0.00021318757,0.009090384,0.0079997545,0.0055549247,0.0013617034
5343,0.003991728,0.01812472,0.0023413408,0.03971326,0.00043563012
5344,0.0012497094,0.0028449097,0.008881675,0.014785407,0.00071802974
5345,0.00029827765,0.006145092,0.0269635,0.064771704,0.0008864989
5346,0.014957086,0.0025311112,0.023464657,0.007665875,0.00023413582
5347,0.002157342,0.009596455,0.011419615,0.033336826,0.002074867
5348,0.004886375,0.046119746,0.0119150225,0.008813166,0.0031480708
5349,0.003311519,0.048047356,0.009340025,0.03378023,0.0016103574
5350,0.005060332,0.03461884,0.0028783479,0.06255973,0.00030061635
5351,0.002434382,0.20673385,0.00092900335,0.0012065897,0.00074370287
5352,0.014672035,0.015189049,0.007093862,0.14402843,0.00035281325
5353,0.0040701376,0.07329728,0.0051396107,0.03890198,0.0012448432
5354,0.0074317735,0.04232459,0.01433703,0.026305279,0.00045297583
5355,0.0015247863,0.036083944,0.0027255826,0.063366346,0.0044857943
5356,0.0034698907,0.05975658,0.007232764,0.025760558,0.0005420927
5357,0.0059571536,0.037397135,0.0013096057,0.03038675,7.662102e-05
5358,0.0067712096,0.082549304,0.0010083435,0.037892427,0.00010637458
5359,0.004451041,0.042722195,0.004468384,0.00519988,0.0003125878
5360,0.014728614,0.020804489,0.0016809418,0.05749328,0.0002758679
5361,0.005343256,0.037047166,0.0002846224,0.009783876,0.0013939502
5362,0.003324437,0.025858775,0.00075835997,0.004331502,0.00047842565
5363,0.0014493985,0.04069295,0.0020667946,0.009633652,0.0011649561
5364,0.0026626128,0.08882029,0.001107339,0.008445627,0.00035557945
5365,0.0036076165,0.0089161275,0.0044165556,0.0107767265,0.00014539114
5366,0.0022606407,0.03371654,0.00685048,0.014392336,0.0013250224
5367,0.0022872277,0.032283258,0.0031115087,0.024987794,0.0005442133
5368,0.0037654135,0.0046095722,0.0008761799,0.014672035,4.985958e-05
5369,0.00809329,0.41264847,0.0024822769,0.007725534,0.004331502
5370,0.0006771943,0.06791668,0.0018386652,0.0021074724,0.008061991
5371,0.017309096,0.08866235,0.0021322616,0.0035518846,0.0047737225
5372,0.004556114,0.060863446,0.001477943,0.013325147,0.012722708
5373,0.0027791904,0.0973904,0.002472623,0.0021742254,0.007907292
5374,0.004297939,0.05439932,0.0014721896,0.03442355,0.0019723359
5375,0.0053640567,0.030908957,0.00092900335,0.005281334,0.019568674
5376,0.0057749297,0.07250525,0.0039148238,0.0036642202,0.0074606435
5377,0.0085443305,0.07558479,0.0011972112,0.0022872277,0.00462753
5378,0.0054269433,0.027742893,0.00059071044,0.0228462,0.013325147
5379,0.0017752605,0.037186775,0.001107339,0.034100424,0.008745182
5380,0.0033766122,0.03197956,0.0015367271,0.10123348,0.006666932
5381,0.27923846,0.041930523,0.0067449897,0.0034162789,0.014785407
5382,0.045862664,0.12874405,0.008881675,0.003976228,0.0059571536
5383,0.019719128,0.04443143,0.0024249144,0.0019043302,0.010818449
5384,0.04451443,0.1322902,0.001133569,0.002693914,0.0034970103
5385,0.032405518,0.071202725,0.0027576224,0.0043653264,0.0020348171
5386,0.018689308,0.013795364,0.0012693645,0.01858215,0.0079997545
5387,0.03204008,0.13106197,0.00092538487,0.031321116,0.00052542303
5388,0.03155902,0.094176665,0.00095101306,0.0075772414,0.00040133507
5389,0.03321117,0.06766981,0.0013302015,0.007907292,0.0007041516
5390,0.07409726,0.25128007,0.00072648755,0.016466174,0.0006641048
5391,0.06717858,0.35812855,0.00035419365,0.009936419,0.0020111583
5392,0.048948623,0.044597577,0.0012743262,0.003692853,0.0013198634
5393,0.04296247,0.019719128,0.0019192374,0.021739595,0.0009773504
5394,0.08509905,0.006413164,0.0022783307,0.0053640567,0.00056588
5395,0.013480103,0.013636836,0.00017674513,0.008610767,0.004905406
5396,0.0498659,0.008156248,0.00092538487,0.009596455,0.00081355654
5397,0.07477004,0.024750972,0.00092538487,0.001012286,0.018905446
5398,0.013222822,0.04304285,0.001133569,0.0074606435,0.0047737225
5399,0.023419945,0.03149938,0.00043733438,0.014842416,0.0037948343
5400,0.06816438,0.047074176,0.00040924744,0.0025311112,0.0009966077
5401,0.26683462,0.13488984,0.0002287133,0.0021322616,0.0030873695
5402,0.0269635,0.12710987,0.0018315102,0.0016941031,0.025613915
5403,0.0607519,0.28537196,0.0004076526,0.003429604,0.030100338
5404,0.016340127,0.02220123,0.00036400868,0.0039300853,0.008881675
5405,0.03371654,0.04426588,0.00016865275,0.000621463,0.00930395
5406,0.035477504,0.03015741,0.0011291547,0.0008559007,0.039862495
5407,0.004150081,0.14804721,7.843789e-05,0.0003077431,0.102844074
5408,0.0034834242,0.06301947,0.00019716943,0.0042315875,0.019832712
5409,0.10411242,0.049130786,0.00046371284,0.0071214284,0.30642328
5410,0.03289904,0.110855594,0.0008263576,0.012383785,0.038394015
5411,0.03371654,0.12646118,0.0003740956,0.0014325366,0.034100424
5412,0.09859886,0.049497053,0.00037850367,0.0013250224,0.009859855
5413,0.046205748,0.03882902,0.00019563535,0.0010733063,0.042403832
5414,0.061424043,0.0551069,0.00013238186,0.0054269433,0.04248321
5415,0.24707796,0.07250525,0.0002098831,0.0015792594,0.05300977
5416,0.05165378,0.040922303,0.00085924764,0.0011649561,0.033907957
5417,0.024940254,0.015603535,0.0003029734,0.0013723687,0.04248321
5418,0.085251234,0.0035657366,0.00028021098,0.0026419468,0.08151976
5419,0.04115289,0.07030385,0.00024536948,0.0020829707,0.14128143
5420,0.010448625,0.059537485,0.00025315638,0.0139557095,0.108566426
5421,0.017442483,0.08079154,0.00058611616,0.0033897832,0.017242778
5422,0.03179867,0.062103126,4.7949583e-05,0.0020992735,0.022243667
5423,0.16940588,0.027117657,0.00017952797,0.0006615174,0.09859886
5424,0.012920474,0.006073934,0.00021485926,0.0017546144,0.022629201
5425,0.02732453,0.020293485,0.0003597694,0.002434382,0.034358688
5426,0.021615332,0.007636216,0.00044770088,0.0066411127,0.014117893
5427,0.021698097,0.010328152,0.00062389387,0.0010817152,0.07504072
5428,0.08897849,0.018869255,0.00011412239,0.013532149,0.11377637
5429,0.19406214,0.004810983,0.00024923251,0.0024249144,0.041539967
5430,0.08601588,0.013171949,0.00013658353,0.0016613906,0.04443143
5431,0.019087434,0.046205748,5.0250615e-05,0.020371294,0.02532306
5432,0.17217185,0.033589505,0.00040133507,0.00048029725,0.010368157
5433,0.012241275,0.048405956,0.0003366622,0.0026112476,0.024609929
5434,0.067546695,0.010860331,0.00029365462,0.0037362205,0.016593177
5435,0.14928317,0.011508149,0.00058840885,0.0017891593,0.019719128
5436,0.03314852,0.0066153924,0.0001823546,0.0046818224,0.015784562
5437,0.07263671,0.022074388,4.264747e-05,0.002157342,0.05399884
5438,0.1133831,0.011961099,0.00023413582,0.00071802974,0.06979492
5439,0.08225395,0.04903962,0.0007350449,0.0010362669,0.03442355
5440,0.0973904,0.03027187,0.0044165556,0.0002551414,0.06359858
5441,0.024892801,0.10266401,0.0009622126,0.0031850608,0.048676573
5442,0.08344117,0.02076474,0.00023413582,0.0014269596,0.042245496
5443,0.115960725,0.031026179,0.00095846487,0.000981172,0.043123372
5444,0.14596547,0.039787807,0.00048029725,0.0015367271,0.026305279
5445,0.03027187,0.009898064,0.031738594,0.0011513996,0.05572029
5446,0.046378206,0.0052608517,0.0043653264,0.0003150387,0.004792317
5447,0.05014425,0.007876706,0.0033766122,3.591301e-05,0.018725162
5448,0.020567095,0.0107767265,0.017242778,0.00016474655,0.00698465
5449,0.07878401,0.0047552,0.018159512,0.0004583129,0.029873092
5450,0.039416388,0.011463798,0.011419615,0.00095101306,0.015784562
5451,0.05014425,0.0032224844,0.020061802,0.0002846224,0.072243005
5452,0.023870835,0.0029926654,0.003945407,0.00010889691,0.061311536
5453,0.068288535,0.0067975316,0.00619299,0.00094730896,0.012970386
5454,0.05165378,0.024563087,0.022586042,0.0016549242,0.1522842
5455,0.042642392,0.0048297215,0.005220126,0.00021824206,0.12896329
5456,0.0689125,0.0019043302,0.010489091,0.00010310212,0.031261913
5457,0.032651376,0.00462753,0.003678509,0.0001896174,0.04443143
5458,0.15856485,0.009196552,0.010489091,0.00021654405,0.01802074
5459,0.061424043,0.019345105,0.07737811,0.0003668626,0.035611413
5460,0.1377643,0.014672035,0.013428255,0.00025315638,0.06301947
5461,0.014728614,0.0031480708,0.0063143647,0.0012545944,0.029929748
5462,0.2588877,0.0051196762,0.058238626,0.0001896174,0.062904246
5463,0.05975658,0.0038844766,0.009936419,0.0005420927,0.05127242
5464,0.060640547,0.0064381026,0.0017683518,0.0020111583,0.21783626
5465,0.13330235,0.016029147,0.0029694452,0.0009362828,0.28666824
5466,0.0262553,0.017045317,0.002693914,0.0008459375,0.023509452
5467,0.021246698,0.01302049,0.0011160142,0.00025915826,0.064653486
5468,0.009596455,0.045183755,0.017917344,0.00028910325,0.064065434
5469,0.009020279,0.003692853,0.024007747,0.00046190585,0.08035747
5470,0.010091316,0.0053225355,0.012007351,0.00024536948,0.072374016
5471,0.015072629,0.006073934,0.013273886,0.00023968685,0.16105618
5472,0.01621503,0.0010005044,0.0040701376,0.00050333556,0.23581158
5473,0.0056638657,0.0032099616,0.0052608517,0.00046371284,0.13637818
5474,0.016979992,0.0057525453,0.012673736,0.0015669889,0.044764314
5475,0.0085443305,0.0018031665,0.005281334,0.0026419468,0.29512835
5476,0.014447852,0.011201214,0.034164816,0.00026738262,0.18982129
5477,0.03138043,0.00402291,0.0018530593,0.0004583129,0.06255973
5478,0.0068771075,0.019794779,0.0015731122,0.0049245106,0.048948623
5479,0.019014435,0.004886375,0.006145092,0.00010071401,0.068787284
5480,0.009596455,0.011331754,0.012624949,3.7931623e-05,0.07094482
5481,0.01621503,0.023779983,0.007636216,0.00042223287,0.16465074
5482,0.10875559,0.010611421,0.008283626,5.8291265e-05,0.075995214
5483,0.03114383,0.010288301,0.6019446,0.0002824081,0.040769268
5484,0.042403832,0.01685008,0.7988153,0.00026119032,0.021004366
5485,0.07504072,0.0044337655,0.90448195,0.0060503976,0.056548133
5486,0.08166611,0.01374232,0.8778961,0.04352814,0.009633652
5487,0.0012994275,0.074500255,0.6930576,0.04426588,0.030502053
5488,0.009090384,0.01778039,0.7783125,0.062216982,0.012970386
5489,0.015906392,0.04296247,0.96182173,0.008610767,0.024845436
5490,0.010248602,0.017309096,0.70232594,0.040845715,0.026205415
5491,0.0064882697,0.009898064,0.7916601,0.013376604,0.09484524
5492,0.0068771075,0.016979992,0.558327,0.0012113064,0.024099445
5493,0.012771867,0.029929748,0.94458723,0.007636216,0.120542295
5494,0.0036216856,0.0020829707,0.78099674,0.006265534,0.03061778
5495,0.052424565,0.0010083435,0.66714764,0.0139557095,0.03615194
5496,0.005911069,0.00048785712,0.54089355,0.036977556,0.051941562
5497,0.0042151595,0.0023596608,0.5836187,0.03581319,0.068040416
5498,0.012241275,0.003429604,0.84632385,0.01678549,0.059866417
5499,0.008412978,0.0023504829,0.7001778,0.004848533,0.17203271
5500,0.00685048,0.0040072887,0.32252598,0.0060269516,0.12863456
5501,0.075858176,0.0013406203,0.64299315,0.009485713,0.061875988
5502,0.05613278,0.00049553596,0.6758716,0.024007747,0.08137364
5503,0.0041179177,0.0033504236,0.31153157,0.017045317,0.06903793
5504,0.023689471,0.0013147246,0.52229357,0.009055264,0.070176296
5505,0.009633652,0.0015487612,0.74186105,0.009708476,0.20593424
5506,0.0016941031,0.00046734812,0.89423656,0.01665704,0.033907957
5507,0.006168995,0.0011469158,0.7905303,0.0054269433,0.050893717
5508,0.0045208177,0.00092178053,0.5672775,0.03314852,0.063134894
5509,0.013325147,0.0027900378,0.6677979,0.003976228,0.02665774
5510,0.01243165,0.0017207355,0.89029425,0.01685008,0.0996453
5511,0.05350215,0.0020992735,0.4566218,0.010944578,0.05399884
5512,0.0145595195,0.003707253,0.7292306,0.02479816,0.11299101
5513,0.021409769,0.0010649627,0.81227237,0.00685048,0.00462753
5514,0.029760094,0.0015129384,0.7733876,0.04304285,0.006265534
5515,0.03635666,0.0025608707,0.84234506,0.007232764,0.005641909
5516,0.011029471,0.0038244836,0.30580097,0.007695647,0.008030813
5517,0.005240449,0.0013777326,0.7027341,0.0060269516,0.009559399
5518,0.008187911,0.001294368,0.9478657,0.010130412,0.015784562
5519,0.0079997545,0.000628784,0.47650352,0.010408314,0.008251599
5520,0.013795364,0.0024154831,0.84325075,0.00685048,0.03861093
5521,0.007345827,0.0024249144,0.75797355,0.003839395,0.01784874
5522,0.050988145,0.0042151595,0.90448195,0.035477504,0.0020992735
5523,0.060307644,0.0003668626,0.83141696,0.055823144,0.009125637
5524,0.012673736,0.00055494095,0.5305253,0.019419348,0.01155267
5525,0.012821214,0.00021152887,0.81405276,0.0027362213,0.015784562
5526,0.009196552,0.000117744596,0.48706344,0.0607519,0.010328152
5527,0.007289077,0.00042058743,0.529233,0.0017207355,0.008219693
5528,0.02215887,0.00024729347,0.30621576,0.0010202174,0.021532876
5529,0.0015854308,0.000493605,0.43815404,0.001133569,0.0021742254
5530,0.0044337655,0.000115017356,0.62658125,0.012673736,0.004150081
5531,0.0014325366,6.7092245e-05,0.8410439,0.011732464,0.056548133
5532,0.0010944522,0.00014313738,0.4237561,0.00268344,0.033844035
5533,0.0013939502,0.00022341637,0.636692,0.0021405893,0.007695647
5534,0.01302049,0.00018667821,0.67319167,0.007665875,0.0113756005
5535,0.0018748617,2.0145691e-05,0.13511792,0.009161027,0.03615194
5536,0.000493605,6.761842e-05,0.22236224,0.5824317,0.0060503976
5537,0.0026419468,0.00027159214,0.9024378,0.64422506,0.014392336
5538,0.0027255826,0.00023968685,0.8159669,0.9570375,0.009268014
5539,0.0012255674,0.0003799845,0.765418,0.5872331,0.037538007
5540,0.001477943,0.0011291547,0.7512834,0.8844391,0.023599293
5541,0.0016613906,0.001867566,0.6502452,0.5661984,0.051845465
5542,0.0025608707,0.00013982208,0.7343101,0.76611876,0.0034834242
5543,0.0007350449,0.00078854576,0.7565375,0.6712551,0.0032476764
5544,0.003960788,0.0009927262,0.53500736,0.7889086,0.0140636265
5545,0.0014721896,3.8528935e-05,0.55057716,0.76383626,0.013902059
5546,0.001648483,0.00046552691,0.7210562,0.6734064,0.013171949
5547,0.0032476764,0.00035836728,0.7821637,0.6228035,0.05042407
5548,0.00079783343,0.00019716943,0.47201416,0.8840393,0.0362883
5549,0.0030634168,2.8857117e-05,0.63522243,0.29583988,0.009898064
5550,0.00078547397,9.6856085e-05,0.61410475,0.7280721,0.005708034
5551,0.0009773504,0.00016997529,0.8499712,0.49621394,0.018833129
5552,0.005685907,0.00092178053,0.49541873,0.8213309,0.0056200367
5553,0.0009966077,0.00010229985,0.7240906,0.55694187,0.04426588
5554,0.0018895386,5.307508e-05,0.82275945,0.66421366,0.007725534
5555,0.0020427648,0.00044945232,0.57463354,0.8200375,0.012771867
5556,0.0013993983,0.00033015272,0.8110782,0.6329566,0.011201214
5557,0.0013458604,0.00053578056,0.68162084,0.397529,0.01798621
5558,0.00043733438,0.00017400544,0.9370958,0.57296175,0.0041019293
5559,0.0006563728,3.8229115e-05,0.54601204,0.85034436,0.040162586
5560,0.0043994132,0.00026119032,0.61207783,0.6441132,0.007665875
5561,0.002332234,0.00033015272,0.7893961,0.87310666,0.0033634927
5562,0.010408314,0.028925717,0.30290636,0.7641884,0.009708476
5563,0.0034698907,0.05592617,0.31647488,0.7711549,0.010169658
5564,0.0017546144,0.10557884,0.568835,0.7871142,0.009670992
5565,0.004054334,0.0059803305,0.42518753,0.8005361,0.029760094
5566,0.0012994275,0.022286186,0.71143085,0.84453726,0.010944578
5567,0.0034030052,0.0074317735,0.24041775,0.72389543,0.014728614
5568,0.0054269433,0.010652511,0.54383254,0.70150864,0.01433703
5569,0.0006411777,0.013902059,0.7106283,0.8086723,0.002491968
5570,0.0009146137,0.022457052,0.5826098,0.3031126,0.011201214
5571,0.0019192374,0.002332234,0.7027341,0.35053253,0.0020911063
5572,0.0016293088,0.012970386,0.6662797,0.6022955,0.012383785
5573,0.0013617034,0.01572399,0.8191712,0.29168653,0.085403666
5574,0.00027159214,0.003869391,0.618262,0.8253083,0.01155267
5575,0.00031999825,0.009559399,0.8533026,0.6177433,0.02942358
5576,0.00029137006,0.0054059005,0.5802926,0.71032697,0.013171949
5577,0.00023231418,0.0039300853,0.1899715,0.8711464,0.07935289
5578,0.00023597175,0.004905406,0.6444489,0.85158294,0.016721142
5579,0.0005442133,0.02211659,0.7122322,0.7242856,0.02898063
5580,0.00081038737,0.026355354,0.8264319,0.6489114,0.0060503976
5581,0.00041406954,0.012383785,0.5005655,0.85776806,0.0013831174
5582,0.0010005044,0.006168995,0.6949242,0.7397986,0.0034834242
5583,0.00024346048,0.008881675,0.60690624,0.8348113,0.008813166
5584,0.00020184422,0.028220989,0.8586,0.282493,0.029591374
5585,0.00023413582,0.015906392,0.68710536,0.38850203,0.016403032
5586,0.000113234375,0.011463798,0.26322043,0.5895392,0.016529556
5587,0.0017073674,0.004331502,0.597784,0.4936107,0.0018386652
5588,0.0005614788,0.00081355654,0.314682,0.6594051,0.002621441
5589,0.00053369283,0.0042151595,0.62509483,0.6770471,0.0065134983
5590,0.00011591935,0.0056200367,0.8646537,0.5681762,0.0057302467
5591,0.00019716943,0.032589745,0.58148134,0.5300845,0.0040860027
5592,0.00047470425,0.01001357,0.6313671,0.2979804,0.00046371284
5593,0.00081038737,0.0054692747,0.73848045,0.48399895,0.00051728135
5594,0.00071802974,0.007176882,0.44610256,0.38954654,0.0016875096
5595,0.0012743262,0.012383785,0.7538293,0.8198933,0.00095101306
5596,0.00042058743,0.009974921,0.44480592,0.83894384,0.00029137006
5597,0.00014883849,0.024987794,0.42494884,0.8728902,0.0041019293
5598,5.0250615e-05,0.072374016,0.94154674,0.8067004,0.0012399962
5599,0.0004897656,0.011777843,0.8484707,0.8326453,0.00041894842
5600,8.029784e-05,0.031321116,0.93071055,0.8293538,0.00071802974
5601,0.00030534892,0.0075772414,0.7783125,0.5677569,0.00090044667
5602,0.003324437,0.0069576087,0.72787875,0.5424089,0.00060471025
5603,0.00018814208,0.027742893,0.88602656,0.200871,0.0042812545
5604,0.0002551414,0.025565214,0.551,0.2919893,0.0013564017
5605,0.00026738262,0.019719128,0.6950276,0.3630821,0.0089161275
5606,0.0057749297,0.57469314,0.8406518,0.2485342,0.0030873695
5607,0.007907292,0.47294208,0.63307005,0.36681652,0.0066411127
5608,0.010652511,0.5986056,0.68563384,0.14451066,0.0003175088
5609,0.042166542,0.88363826,0.57397693,0.64857763,0.0061212815
5610,0.0063143647,0.9378969,0.61219376,0.7424217,0.001882186
5611,0.01450358,0.81699115,0.7994423,0.6467949,0.0017140384
5612,0.01798621,0.6575384,0.38844404,0.46993077,0.0007096704
5613,0.02215887,0.52938503,0.03767939,0.5373449,0.00268344
5614,0.013273886,0.28130686,0.09186979,0.8130158,0.0011030267
5615,0.0139557095,0.86960393,0.083890386,0.19790912,0.00025714198
5616,0.008950711,0.5578754,0.02865267,0.6679062,0.0040860027
5617,0.021409769,0.45853055,0.006289902,0.6945099,0.00046734812
5618,0.00268344,0.6502452,0.03581319,0.48153,0.0003982131
5619,0.009559399,0.67490816,0.06418265,0.6855286,0.0012255674
5620,0.012673736,0.68162084,0.18388654,0.34411275,0.00062389387
5621,0.008577486,0.8342719,0.067546695,0.8264319,0.00054847926
5622,0.015906392,0.70821255,0.08151976,0.41929123,0.002621441
5623,0.016466174,0.37863138,0.10837754,0.7864589,0.0012255674
5624,0.012771867,0.8523219,0.0721122,0.91978675,0.00015843622
5625,0.0009735438,0.8037906,0.12549345,0.83155376,0.0039300853
5626,0.0017274586,0.42006418,0.08882029,0.63815904,0.0042646346
5627,0.003707253,0.13834533,0.19178137,0.7390459,0.0014437558
5628,0.026861202,0.59930927,0.13881165,0.744842,0.0037217087
5629,0.089136936,0.7567173,0.0992954,0.86223567,0.00037702857
5630,0.009161027,0.7181004,0.17681369,0.67458665,0.0013302015
5631,0.034164816,0.828523,0.27221796,0.7043636,0.0017891593
5632,0.004198795,0.87663436,0.031261913,0.7856377,0.0006851713
5633,0.008847355,0.8547634,0.022759154,0.89218736,0.0027791904
5634,0.02532306,0.7181004,0.024750972,0.65610766,0.00095101306
5635,0.0072608665,0.8299059,0.047074176,0.8806945,0.013902059
5636,0.006692851,0.76100606,0.12517229,0.91367656,0.00074370287
5637,0.007204769,0.91022676,0.03044435,0.84479356,0.0026419468
5638,0.034488525,0.83548355,0.13974822,0.48195666,0.00022341637
5639,0.102844074,0.49498385,0.028114058,0.81582016,0.0003935756
5640,0.009633652,0.71839684,0.043123372,0.6834195,0.00046190585
5641,0.007907292,0.69191384,0.023153413,0.695338,0.001591626
5642,0.0035380863,0.7754348,0.03581319,0.78282857,0.00030534892
5643,0.0038244836,0.58023316,0.026912304,0.9518632,0.00057703455
5644,0.0015548134,0.5970206,0.06816438,0.77982527,0.0004583129
5645,0.004810983,0.68056023,0.25590113,0.5973143,0.0003125878
5646,0.0027469008,0.59036595,0.12787028,0.6076632,0.00029137006
5647,0.017375665,0.4098702,0.17596246,0.674265,0.0006142272
5648,0.009376237,0.7220373,0.025908021,0.5121589,0.0015487612
5649,0.0044165556,0.50576377,0.09484524,0.8881781,7.782753e-05
5650,0.001477943,0.664758,0.14694206,0.67768735,0.00036117696
5651,0.0069306716,0.36670312,0.12765263,0.87652874,7.905304e-05
5652,0.015906392,0.60632366,0.03581319,0.7804952,0.00023413582
5653,0.0017477857,0.68479127,0.122418255,0.7864589,0.00010637458
5654,0.01802074,0.6702846,0.31352484,0.3198645,0.0012448432
5655,0.0130707845,0.6191835,0.2761046,0.6281794,0.0006641048
5656,0.010570489,0.59366816,0.102844074,0.84733725,0.00023413582
5657,0.009196552,0.52559716,0.027220903,0.16478509,0.000118667966
5658,0.007345827,0.82161736,0.09252366,0.62291825,0.000101503836
5659,0.008251599,0.82417905,0.06596494,0.8554893,0.00014313738
5660,0.0055549247,0.72076154,0.0064882697,0.05834584,5.433365e-05
5661,0.034036152,0.38549033,0.15830442,0.2104416,0.00011235328
5662,0.014009566,0.8000679,0.053107902,0.05232763,0.00010804956
5663,0.0021239663,0.7844842,0.0128707485,0.019719128,0.0001168284
5664,0.003004343,0.24490438,0.014728614,0.11357959,9.4612624e-05
5665,0.018978037,0.6512439,0.004905406,0.032222297,0.000117744596
5666,0.008745182,0.6737286,0.0037800956,0.01717671,0.00025315638
5667,0.006903838,0.5796384,0.0032730652,0.16708273,0.0003327413
5668,0.015906392,0.80240077,0.0016613906,0.027066175,0.0005193049
5669,0.84117436,0.8366881,0.003692853,0.12973315,5.694103e-05
5670,0.7479843,0.7989722,0.0570714,0.18432662,0.00094361923
5671,0.6629056,0.44770178,0.01433703,0.05592617,0.00037702857
5672,0.880797,0.86339164,0.026912304,0.24023944,0.003976228
5673,0.67415774,0.34997693,0.11951086,0.1185891,0.00014425986
5674,0.6630147,0.70639306,0.004792317,0.05634009,0.0006000072
5675,0.84632385,0.388386,0.085403666,0.027585283,0.0005132579
5676,0.77932185,0.53525025,0.025130946,0.06548521,0.00013342
5677,0.65555656,0.5122122,0.06596494,0.092359796,6.605215e-05
5678,0.7676898,0.938576,0.012920474,0.019985152,0.00041894842
5679,0.45141718,0.8785229,0.0053018946,0.1562336,0.00021318757
5680,0.84556025,0.692122,0.012821214,0.07185127,0.00012436225
5681,0.8895288,0.70659554,0.04543722,0.03149938,0.008030813
5682,0.64119774,0.91715443,0.026405517,0.06097518,0.015784562
5683,0.58622676,0.5972556,0.04069295,0.04418332,0.079495706
5684,0.1532955,0.69750595,0.02433019,0.21634248,0.01374232
5685,0.34389237,0.58959824,0.034100424,0.2797301,0.019271137
5686,0.702428,0.61027926,0.018905446,0.050611433,0.006666932
5687,0.32928386,0.22337708,0.0055549247,0.088504665,0.019606182
5688,0.40321434,0.40916175,0.02199022,0.013171949,0.0065134983
5689,0.7130322,0.2875677,0.0029926654,0.051749542,0.007785655
5690,0.6917057,0.4817586,0.10266401,0.054600604,0.016914913
5691,0.6095242,0.44860741,0.0032730652,0.032651376,0.0012743262
5692,0.7545535,0.7026321,0.0036642202,0.19238758,0.047161866
5693,0.86703575,0.91383046,0.007665875,0.010448625,0.03015741
5694,0.6770471,0.83775276,0.0014664583,0.3929773,0.009670992
5695,0.6934729,0.41970742,0.0022343625,0.05470151,0.011732464
5696,0.81960475,0.74279505,0.01374232,0.06669065,0.027901376
5697,0.8707073,0.9073123,0.03711691,0.08678673,0.02096424
5698,0.78825736,0.4521428,0.04858621,0.13466208,0.005001672
5699,0.8230441,0.6917057,0.004198795,0.3436721,0.0022343625
5700,0.70385486,0.50754493,0.014728614,0.030329255,0.014899643
5701,0.72594017,0.35734323,0.033399824,0.067546695,0.024237635
5702,0.73659015,0.77424216,0.032405518,0.03289904,0.005159623
5703,0.7606507,0.23213604,0.08977328,0.04560694,0.018264277
5704,0.8429925,0.8217605,0.037047166,0.05127242,0.021044567
5705,0.702428,0.6408606,0.15393034,0.05520869,0.0279544
5706,0.636805,0.64968973,0.023464657,0.022889841,0.011201214
5707,0.17809659,0.90105337,0.018511046,0.042802144,0.010611421
5708,0.7937462,0.5995438,0.008711385,0.042087726,0.0054059005
5709,0.8872046,0.60375667,0.006097562,0.024516335,0.011331754
5710,0.30933657,0.84619683,0.054802597,0.008985429,0.024656856
5711,0.7914989,0.4369223,0.0057749297,0.051941562,0.01450358
5712,0.39053392,0.55075836,0.037892427,0.006666932,0.0056200367
5713,0.6077796,0.6222872,0.0036216856,0.008745182,0.0433658
5714,0.8100285,0.47798052,0.028870907,0.01685008,0.036977556
5715,0.6810908,0.38577956,0.13454832,0.020100236,0.010408314
5716,0.69945973,0.36127737,0.07303239,0.047958102,0.025613915
5717,0.82949203,0.6004227,0.112795405,0.034749623,0.0026522598
5718,0.8039445,0.4546235,0.006692851,0.016529556,0.040464837
5719,0.46999153,0.9281487,0.044680867,0.009633652,0.03149938
5720,0.66725606,0.7296161,0.011244561,0.007785655,0.007093862
5721,0.4927755,0.9161096,0.07935289,0.01461567,0.007876706
5722,0.77390057,0.24006125,0.008644178,0.017242778,0.0015247863
5723,0.636692,0.648355,0.04296247,0.012007351,0.016721142
5724,0.6415346,0.8134608,0.0029810327,0.009232215,0.0013458604
5725,0.9167081,0.6897238,0.020100236,0.0066153924,0.028761586
5726,0.88602656,0.6371437,0.023464657,0.028274601,0.016090874
5727,0.5363433,0.42536652,0.047337715,0.041462272,0.021656677
5728,0.9634375,0.57182634,0.03204008,0.010368157,0.030733928
5729,0.5073809,0.7201715,0.069668226,0.1229438,0.010448625
5730,0.6356749,0.15090263,0.039121646,0.061199225,0.7794897
5731,0.6673645,0.04069295,0.018689308,0.10123348,0.87191176
5732,0.5084983,0.203866,0.049497053,0.0154839875,0.8504686
5733,0.55679125,0.16803622,0.087563835,0.0057974015,0.89199936
5734,0.5461028,0.023599293,0.031858854,0.0038543637,0.6796041
5735,0.53254664,0.014899643,0.012053779,0.00307537,0.34820172
5736,0.4480942,0.22850065,0.023286305,0.008348054,0.88582915
5737,0.3098584,0.17370832,0.041075893,0.0063635735,0.30136204
5738,0.23144047,0.025809623,0.021246698,0.0037362205,0.53266823
5739,0.57110894,0.13591877,0.021906367,0.0044165556,0.74539834
5740,0.6178585,0.26702574,0.23353152,0.010611421,0.92007446
5741,0.47808716,0.11516222,0.07356305,0.020685459,0.45777297
5742,0.6065567,0.23196201,0.041930523,0.0123361,0.84632385
5743,0.85342485,0.41495812,0.17092276,0.0067975316,0.7897206
5744,0.921499,0.14045411,0.10800066,0.09807933,0.7518304
5745,0.7831604,0.26779094,0.037047166,0.026155617,0.5023594
5746,0.8308688,0.18787657,0.035144847,0.013273886,0.5091085
5747,0.6050992,0.1490353,0.03882902,0.019160708,0.72865176
5748,0.7247729,0.14045411,0.06766981,0.05634009,0.6943027
5749,0.50458896,0.11417085,0.02433019,0.035012625,0.44924164
5750,0.58788395,0.055823144,0.021287354,0.037538007,0.5897164
5751,0.42751622,0.06524657,0.07864238,0.023464657,0.86396646
5752,0.7523766,0.10613344,0.01919745,0.0070390454,0.7525585
5753,0.6052159,0.19375686,0.034553625,0.0037800956,0.8337311
5754,0.4424257,0.044348583,0.011687257,0.049773447,0.6563279
5755,0.89368117,0.013584392,0.015906392,0.03378023,0.7409249
5756,0.50496274,0.027532939,0.0046818224,0.026205415,0.9078038
5757,0.88778967,0.24472383,0.08961382,0.021906367,0.7733876
5758,0.8802834,0.07765744,0.15934819,0.021125194,0.82460326
5759,0.26322043,0.019456575,0.11299101,0.0042812545,0.5161534
5760,0.34257153,0.064065434,0.070176296,0.029986508,0.48803937
5761,0.8352149,0.431704,0.054600604,0.0075479234,0.6945099
5762,0.71432924,0.016340127,0.021165619,0.041075893,0.57749534
5763,0.8143483,0.008711385,0.03861093,0.14199378,0.8272706
5764,0.7192851,0.14104463,0.08050192,0.023109278,0.8996516
5765,0.6714706,0.02237146,0.21190567,0.009376237,0.8646537
5766,0.3963602,0.045522004,0.0026112476,0.12624557,0.8523219
5767,0.70639306,0.01784874,0.08787644,0.07821887,0.7292306
5768,0.6807725,0.013636836,0.012053779,0.074365705,0.67168593
5769,0.7629543,0.04320404,0.0017409837,0.04922211,0.27551943
5770,0.7142296,0.062331032,0.0011649561,0.045352582,0.8037906
5771,0.5625971,0.06418265,0.004198795,0.12721828,0.86442494
5772,0.81375694,0.3511998,0.00062389387,0.035880696,0.8062431
5773,0.91259205,0.18417984,0.0018602987,0.110855594,0.65665823
5774,0.3197583,0.12907304,0.0020111583,0.094176665,0.6790723
5775,0.7509182,0.06548521,0.0011925492,0.025516603,0.8715842
5776,0.32896042,0.2155158,0.00021152887,0.13443464,0.6081869
5777,0.7512834,0.030675802,0.0017007225,0.070176296,0.6577583
5778,0.7322091,0.06572466,0.0010282109,0.035078675,0.5876473
5779,0.72193927,0.33884242,0.003337405,0.021165619,0.783823
5780,0.76977324,0.22017473,0.00042887923,0.005448068,0.9168571
5781,0.56175584,0.016090874,0.0012693645,0.041307304,0.9069832
5782,0.741674,0.077937685,0.0015247863,0.03138043,0.9384633
5783,0.621828,0.09619517,0.0015129384,0.090092994,0.57731664
5784,0.83534926,0.043936536,0.0005274784,0.13753247,0.89912134
5785,0.6423203,0.062103126,0.001032231,0.032651376,0.93674946
5786,0.6281794,0.1821344,0.0017140384,0.0054269433,0.575588
5787,0.5019207,0.063714996,0.0011513996,0.00307537,0.8923751
5788,0.21011727,0.015424552,0.0033634927,0.05033063,0.8733229
5789,0.054600604,0.01384861,0.00033535014,0.018833129,0.74316794
5790,0.06596494,0.032836955,0.0008231386,0.13106197,0.7232117
5791,0.06548521,0.010489091,0.003707253,0.035211135,0.4521428
5792,0.049681153,0.0075479234,0.0007041516,0.014728614,0.66006285
5793,0.01836964,0.012624949,0.008577486,0.06512755,0.49846935
5794,0.010652511,0.009974921,0.00087276706,0.025178842,0.81257004
5795,0.048496,0.013428255,0.0009110512,0.04304285,0.615839
5796,0.07030385,0.025468083,0.00023050673,0.19390947,0.41099265
5797,0.1187934,0.04560694,0.0023781238,0.07172112,0.87439936
5798,0.047249712,0.001294368,0.0012693645,0.018055335,0.7324005
5799,0.017375665,0.009898064,0.00502115,0.055515114,0.91891783
5800,0.17231108,0.02655657,0.0030396497,0.025858775,0.8053262
5801,0.040922303,0.01374232,0.0007733057,0.042642392,0.636805
5802,0.051749542,0.009708476,0.0010817152,0.03378023,0.7442848
5803,0.034036152,0.041462272,0.0017477857,0.002217013,0.6797104
5804,0.21386933,0.02920129,0.0026419468,0.0011879054,0.95473194
5805,0.090735495,0.007606672,0.0014325366,0.002946405,0.71582144
5806,0.12506539,0.018194368,0.0010242064,0.000628784,0.43656197
5807,0.024516335,0.016403032,0.00017952797,0.00045297583,0.5783887
5808,0.2168396,0.038466193,0.00026738262,0.0023596608,0.84632385
5809,0.01302049,0.010052369,0.0004840624,0.0006771943,0.2656899
5810,0.12656909,0.008985429,0.0007643033,0.00015476662,0.70201963
5811,0.03429395,0.1161611,0.00072365726,0.00046734812,0.6176856
5812,0.0610871,0.05051767,0.00023050673,0.001455063,0.27435136
5813,0.25183165,0.03371654,0.019160708,0.00042223287,0.75635755
5814,0.10521054,0.015130728,0.047161866,0.0002758679,0.77218723
5815,0.046899255,0.010209055,0.0027576224,0.0013147246,0.684475
5816,0.06656919,0.01685008,0.045522004,0.00028021098,0.4854243
5817,0.09285216,0.034164816,0.1161611,0.002822833,0.6727618
5818,0.17370832,0.02655657,0.049681153,0.0026522598,0.8550057
5819,0.11516222,0.00619299,0.041307304,0.0051396107,0.72845864
5820,0.06717858,0.13028541,0.0973904,0.003337405,0.9374402
5821,0.08803312,0.033399824,0.13557506,0.00052133633,0.57110894
5822,0.21850258,0.10743748,0.05439932,0.0013777326,0.8976953
5823,0.053899154,0.0032986512,0.024656856,0.0010566838,0.4775542
5824,0.16708273,0.015906392,0.08050192,0.00083935994,0.5643986
5825,0.039342504,0.01802074,0.0434469,0.0008167381,0.86748546
5826,0.013795364,0.017917344,0.01627746,0.0036216856,0.8975158
5827,0.100348406,0.009090384,0.1328517,0.00094361923,0.78116375
5828,0.07906799,0.124425635,0.09434342,0.00021152887,0.8053262
5829,0.054903854,0.008813166,0.037047166,0.00053578056,0.8520759
5830,0.07369627,0.03897507,0.047602657,0.0008796062,0.8348113
5831,0.17300858,0.041384716,0.01450358,0.0032099616,0.8474635
5832,0.31837916,0.019419348,0.041075893,0.0030994155,0.59478664
5833,0.06572466,0.12252322,0.09704756,0.0010403185,0.6676896
5834,0.21816924,0.12210387,0.059537485,0.00089693937,0.6602819
5835,0.32498476,0.12678517,0.0362883,0.0021657674,0.7675156
5836,0.031261913,0.031261913,0.011597362,0.0029579026,0.61259943
5837,0.10631887,0.04903962,0.005220126,0.00024156629,0.7893961
5838,0.1769559,0.014009566,0.036493767,0.007907292,0.5861676
5839,0.13568956,0.12787028,0.011029471,0.0010044164,0.8200375
5840,0.124000706,0.03327394,0.003524341,0.0028338498,0.8482194
5841,0.099120855,0.015424552,0.0153063545,0.0016420668,0.42751622
5842,0.27279878,0.013376604,0.06656919,0.0034970103,0.95695716
5843,0.0131212715,0.071073666,0.0047737225,0.004905406,0.76260084
5844,0.011115014,0.29746994,0.03861093,0.002472623,0.6719013
5845,0.022074388,0.012821214,0.04069295,0.0025809042,0.27279878
5846,0.1284158,0.019419348,0.03044435,0.00268344,0.3711366
5847,0.061311536,0.0570714,0.033844035,0.0019192374,0.73411953
5848,0.114368536,0.06325052,0.007968815,0.06441767,0.8091252
5849,0.01433703,0.10576342,0.02096424,0.12721828,0.566738
5850,0.02479816,0.100878626,0.040464837,0.07935289,0.78481424
5851,0.014785407,0.12874405,0.09252366,0.039416388,0.13764834
5852,0.018797074,0.015663648,0.004810983,0.15713686,0.046899255
5853,0.017576884,0.062216982,0.040313438,0.037538007,0.15700756
5854,0.009161027,0.08570928,0.107812636,0.11476479,0.37805718
5855,0.0139557095,0.019124037,0.038466193,0.13061774,0.3619537
5856,0.007968815,0.07490528,0.019870713,0.009821793,0.2588877
5857,0.029535338,0.031321116,0.025858775,0.037397135,0.23126681
5858,0.029145971,0.23792988,0.031261913,0.03861093,0.19147882
5859,0.0065897717,0.04509957,0.0015427324,0.078925885,0.10302442
5860,0.05281402,0.007289077,0.014957086,0.090735495,0.061536737
5861,0.04248321,0.07030385,0.012527932,0.036493767,0.15115306
5862,0.009055264,0.02072506,0.01155267,0.01802074,0.099120855
5863,0.004591684,0.010529712,0.008156248,0.022414217,0.10932483
5864,0.03567855,0.068537496,0.016979992,0.07356305,0.061875988
5865,0.017712299,0.015189049,0.014009566,0.06791668,0.025035424
5866,0.0069306716,0.0015487612,0.004886375,0.13307686,0.14033625
5867,0.01717671,0.004468384,0.032713123,0.008847355,0.04451443
5868,0.019014435,0.0055119344,0.037467506,0.0527164,0.08359067
5869,0.013171949,0.0027683855,0.00698465,0.04569203,0.060640547
5870,0.020061802,0.0035106493,0.003976228,0.10141133,0.20291664
5871,0.0034970103,0.00078547397,0.052521676,0.0992954,0.17036992
5872,0.03155902,0.0023141264,0.009268014,0.0074606435,0.068040416
5873,0.016593177,0.00046734812,0.020332353,0.008881675,0.09636511
5874,0.019345105,0.0056638657,0.007907292,0.023734685,0.16830945
5875,0.10447732,0.0032099616,0.0140636265,0.023375316,0.084341794
5876,0.008124708,0.0016613906,0.060863446,0.09518112,0.027117657
5877,0.091220066,0.0018386652,0.0021742254,0.13637818,0.3382957
5878,0.03378023,0.004810983,0.005159623,0.029035643,0.24328269
5879,0.008745182,0.0029121784,0.006903838,0.01717671,0.0355444
5880,0.042802144,0.0022872277,0.001455063,0.051462766,0.25238407
5881,0.05781161,0.0006825019,6.976471e-05,0.0072608665,0.0715912
5882,0.014172367,0.00044595622,3.4808123e-05,0.019234259,0.33274388
5883,0.04256273,0.0007524628,0.00091819005,0.018653521,0.16013464
5884,0.038683496,0.0019418169,0.0006798429,0.067423776,0.037963696
5885,0.041307304,0.0014269596,0.00041084853,0.10631887,0.05419873
5886,0.11576065,0.0018315102,0.00031999825,0.036838703,0.2168396
5887,0.040769268,0.0025909794,0.0008231386,0.05051767,0.064535476
5888,0.02025469,0.0009773504,0.00078241405,0.070176296,0.058131598
5889,0.046378206,0.0014664583,0.00017952797,0.02076474,0.06572466
5890,0.059101548,0.0014103585,0.000110611596,0.042403832,0.006265534
5891,0.0269635,0.002019014,0.0006798429,0.15278916,0.0705596
5892,0.103748634,0.00087276706,0.53400505,0.008315778,0.07185127
5893,0.053601142,0.0037948343,0.9207897,0.02120612,0.0087791085
5894,0.014672035,0.00053369283,0.6641048,0.061536737,0.041075893
5895,0.04023794,0.0037800956,0.33372033,0.09252366,0.22135067
5896,0.03601607,0.0021827165,0.79390603,0.006073934,0.09790669
5897,0.023464657,0.0008167381,0.78596646,0.066934206,0.019946935
5898,0.18432662,0.0020992735,0.51420975,0.085403666,0.006168995
5899,0.026810195,0.0023504829,0.8868131,0.011331754,0.025419652
5900,0.011158031,0.0013458604,0.9071478,0.031084951,0.014899643
5901,0.016979992,0.0021742254,0.4112291,0.0021157034,0.012673736
5902,0.07043161,0.0008231386,0.29604334,0.005080037,0.01572399
5903,0.027428543,0.0013617034,0.3287449,0.0060035964,0.10447732
5904,0.017309096,0.0001344663,0.3328523,0.01685008,0.009485713
5905,0.13262685,0.00015000567,0.5554051,0.013222822,0.013532149
5906,0.013902059,0.0019043302,0.26511872,0.0121471705,0.0037654135
5907,0.0527164,0.003991728,0.23196201,0.01450358,0.03027187
5908,0.028761586,0.010652511,0.55983156,0.01433703,0.12940274
5909,0.030792167,0.0048297215,0.4750117,0.0067188703,0.065604836
5910,0.19528697,0.006413164,0.36897394,0.042166542,0.009898064
5911,0.03442355,0.006265534,0.45765173,0.0060035964,0.01627746
5912,0.038178273,0.00038747612,0.2903768,0.0079997545,0.2487166
5913,0.021822825,0.0036076165,0.28897023,0.02800752,0.025516603
5914,0.02178117,0.0016356753,0.14306793,0.007725534,0.028382124
5915,0.019985152,0.00057703455,0.43062615,0.01107216,0.011961099
5916,0.03234433,0.0008459375,0.43518126,0.034164816,0.011419615
5917,0.019419348,0.0013147246,0.4991722,0.02865267,0.015967654
5918,0.01621503,0.04069295,0.297572,0.017917344,0.03289904
5919,0.09859886,0.170508,0.29451925,0.0610871,0.011463798
5920,0.0060035964,0.024376597,0.5272861,0.0013045066,0.14817041
5921,0.06779314,0.048948623,0.60515755,0.0025409926,0.022715755
5922,0.011029471,0.12389466,0.64968973,0.0003275843,0.07463504
5923,0.03289904,0.1742697,0.49711037,0.00021152887,0.07490528
5924,0.04248321,0.019832712,0.67415774,4.832564e-05,0.0362883
5925,0.016914913,0.071332,0.74927074,0.0010282109,0.044847902
5926,0.03289904,0.008577486,0.6271523,0.00094361923,0.0018386652
5927,0.15636235,0.04296247,0.57493186,0.0010987311,0.031678624
5928,0.05399884,0.07463504,0.6758716,0.001032231,0.009196552
5929,0.20769641,0.08897849,0.31869715,0.00019563535,0.024469668
5930,0.0075479234,0.010818449,0.7858021,0.00046190585,0.013273886
5931,0.02220123,0.02508314,0.44915098,0.000559291,0.013584392
5932,0.004848533,0.108566426,0.624179,0.0003668626,0.044597577
5933,0.027169233,0.14463143,0.74298155,0.00030061635,0.01717671
5934,0.037892427,0.05051767,0.6721165,0.00071244594,0.05232763
5935,0.035477504,0.037750274,0.6149144,0.00039051395,0.0721122
5936,0.003442981,0.020215968,0.515033,0.0003473453,0.1534223
5937,0.0051396107,0.03044435,0.44384146,0.0035657366,0.04023794
5938,0.0014664583,0.036700353,0.57128835,0.00074370287,0.09384396
5939,0.0029579026,0.1666754,0.34466398,0.000104725565,0.020645931
5940,0.0022694687,0.06512755,0.5103821,6.156764e-05,0.13523208
5941,0.0013302015,0.03216145,0.68763,0.00026323833,0.007636216
5942,0.00013552078,0.013795364,0.7818308,0.0011604197,0.019345105
5943,0.00039051395,0.04001227,0.2165081,0.001507049,0.02442309
5944,0.0006589401,0.026607107,0.4697483,0.0026419468,0.1562336
5945,0.0023051251,0.01678549,0.7092205,0.00039511538,0.060418423
5946,0.0006771943,0.024007747,0.43662205,0.00090396777,0.05997644
5947,0.00087276706,0.04061678,0.265309,0.000310156,0.038178273
5948,0.0028671585,0.051177494,0.80147004,0.0007702932,0.08359067
5949,0.00029827765,0.006145092,0.7701192,0.5095127,0.18403316
5950,0.0017614696,0.093678005,0.14402843,0.4248295,0.06979492
5951,0.0012693645,0.011777843,0.74576885,0.34698373,0.0551069
5952,0.005240449,0.036562506,0.8362874,0.47877252,0.05634009
5953,0.0026626128,0.3598139,0.52329856,0.2148561,0.0433658
5954,0.0017477857,0.0570714,0.16599831,0.27163795,0.045522004
5955,0.00057703455,0.0689125,0.3213535,0.32594952,0.31205547
5956,0.00036259004,0.03302355,0.5046004,0.45344338,0.23178808
5957,0.0022083889,0.08647765,0.39245325,0.40374315,0.017644463
5958,0.000559291,0.0022783307,0.7648916,0.53099656,0.015247591
5959,0.0019877742,0.005576545,0.22490549,0.6873153,0.18227991
5960,0.0006641048,0.03321117,0.68700033,0.64052343,0.051941562
5961,0.009596455,0.0022083889,0.5041541,0.16599831,0.02249997
5962,0.0030396497,0.011869121,0.40568414,0.5565201,0.055515114
5963,0.0006693099,0.013795364,0.49128047,0.19574778,0.08678673
5964,0.0012594986,0.047602657,0.43092552,0.46447644,0.11397347
5965,0.000932636,0.0020829707,0.88161486,0.6627965,0.06608538
5966,0.0025311112,0.01107216,0.4666633,0.38242972,0.31489265
5967,0.0006487308,0.022074388,0.4059785,0.4648105,0.03038675
5968,0.0048297215,0.028167473,0.09285216,0.4875362,0.007695647
5969,0.00083935994,0.0063883206,0.14560063,0.49674803,0.06681232
5970,0.0016103574,0.008315778,0.19498022,0.6982266,0.10484336
5971,0.0014269596,0.013689478,0.46990034,0.3836413,0.010169658
5972,0.0012594986,0.032713123,0.48852742,0.13262685,0.027532939
5973,0.0010242064,0.010052369,0.43716258,0.16626887,0.026355354
5974,0.00072365726,0.004810983,0.4344613,0.5164888,0.05520869
5975,0.0038096302,0.003260346,0.19132768,0.48076814,0.00619299
5976,0.0004076526,0.021044567,0.4780567,0.2645483,0.010130412
5977,0.00051728135,0.043123372,0.23283306,0.2615195,0.0003597694
5978,0.0010775026,0.02013874,0.51906425,0.60293865,0.0039148238
5979,0.002491968,0.013902059,0.74576885,0.5118996,0.0008231386
5980,0.0027149853,1.6701422e-05,0.8482194,0.27855107,0.000865981
5981,0.0024822769,5.9209164e-05,0.69233006,0.4042722,0.0024060889
5982,0.056548133,0.00049168157,0.4725922,0.29665425,0.0051396107
5983,0.34676248,0.00041406954,0.47412896,0.40045622,0.003429604
5984,0.07250525,0.00031999825,0.5633179,0.34820172,0.001867566
5985,0.02433019,0.00016865275,0.10743748,0.53582716,0.0003077431
5986,0.13534632,0.0006166297,0.2664527,0.79549927,0.00054847926
5987,0.061424043,0.00044945232,0.64857763,0.24220563,0.0016229671
5988,0.020100236,0.00028021098,0.46879062,0.8824279,0.0023688741
5989,0.014957086,0.000113234375,0.72603726,0.49658972,0.00017813111
5990,0.009196552,0.0001535624,0.6426568,0.63000226,0.0005463421
5991,0.0064381026,0.0003275843,0.44857726,0.29604334,0.0042646346
5992,0.0279544,0.00021318757,0.7676898,0.2885691,0.0020507434
5993,0.058024745,0.00026323833,0.65168744,0.47231835,0.0022872277
5994,0.040313438,0.00019411318,0.2664527,0.33198547,0.00028910325
5995,0.03204008,0.0002959571,0.83682144,0.5981361,0.0003150387
5996,0.0433658,1.7502925e-05,0.74186105,0.18565173,0.000932636
5997,0.12252322,0.00010229985,0.49880883,0.3110082,0.0010403185
5998,0.038321972,0.0005838325,0.4503896,0.2516477,0.00042223287
5999,0.028490042,0.0008040859,0.51004654,0.5575442,0.0006436856
6000,0.035611413,0.0003889921,0.40591964,0.7967673,0.00020502214
6001,0.042166542,0.00023782204,0.40245083,0.22185606,0.00058155763
6002,0.20561503,0.00045474793,0.5550735,0.7829945,0.0054905633
6003,0.04054074,0.58823884,0.5525699,0.70365125,0.005641909
6004,0.03197956,0.2920902,0.6831025,0.4490906,0.00035143827
6005,0.0053640567,0.38202614,0.57618433,0.4272772,0.0001344663
6006,0.04061678,0.72282064,0.5089407,0.5818972,0.0003406293
6007,0.04569203,0.4591671,0.24148938,0.5961393,0.00010554686
6008,0.021125194,0.5029011,0.6001298,0.6166473,0.0014381354
6009,0.027066175,0.7620701,0.43839446,0.36568317,0.0018031665
6010,0.07146149,0.500875,0.53449106,0.14402843,0.05005131
6011,0.0074317735,0.59166425,0.40069073,0.48055488,0.027795624
6012,0.03963884,0.36330795,0.30996287,0.7985012,0.10356715
6013,0.027220903,0.5218976,0.61462533,0.13546066,0.023962023
6014,0.07765744,0.14366761,0.57701874,0.65367985,0.11777492
6015,0.04061678,0.744842,0.0002824081,0.14128143,0.04751419
6016,0.034684174,0.53142214,0.0016420668,0.55760443,0.07572137
6017,0.050705366,0.44975513,0.0005112579,0.2946207,0.06572466
6018,0.02532306,0.12973315,0.00040448149,0.1491592,0.10818896
6019,0.01802074,0.74816835,0.0011972112,0.41235265,0.14092636
6020,0.045268092,0.73772544,0.0002287133,0.4378235,0.068662286
6021,0.10818896,0.6046908,0.00023231418,0.19682622,0.1384618
6022,0.040313438,0.10576342,0.00042388475,0.004150081,0.041695766
6023,0.03289904,0.53722346,0.0004859561,0.00010229985,0.10338596
6024,0.009746104,0.5128451,0.0006190417,0.0005399804,0.019345105
6025,0.014227047,0.3709087,0.0032986512,0.002074867,0.06644793
6026,0.017644463,0.53998405,0.0001072088,0.00020027377,0.02145073
6027,0.023825368,0.53728414,0.0005442133,9.4612624e-05,0.070816204
6028,0.027220903,0.48509657,0.00012931564,0.00010889691,0.14817041
6029,0.003692853,0.64074826,0.0006070756,0.00023231418,0.036220055
6030,0.0069576087,0.31415576,0.0003726377,0.00023597175,0.019681409
6031,0.0065897717,0.2859698,0.00050137425,5.9209164e-05,0.25739157
6032,0.017375665,0.6676896,0.0005636751,0.00019563535,0.057599206
6033,0.0038996208,0.39957732,0.00016865275,0.0003799845,0.042722195
6034,0.004886375,0.36409897,0.0005463421,0.0017207355,0.30704626
6035,0.011823394,0.51665646,0.00084264233,0.001032231,0.07572137
6036,0.0035106493,0.39192948,0.00025315638,0.00042887923,0.016029147
6037,0.0056200367,0.051462766,0.0060503976,0.00020662983,0.0154839875
6038,0.0001634647,0.5823723,0.00031999825,0.00037118542,0.12517229
6039,0.0012113064,0.70201963,0.00044770088,6.253713e-05,0.02072506
6040,2.9773117e-05,0.4460121,0.00028910325,0.0008761799,0.045522004
6041,0.0032476764,0.547706,0.00023782204,0.00074661145,0.05520869
6042,0.0010484692,0.68257374,0.00089693937,0.003976228,0.046378206
6043,0.00012731104,0.5163364,0.0013670257,0.00071244594,0.033399824
6044,0.0025114634,0.65555656,0.00042058743,0.00038296366,0.0067188703
6045,0.00039666123,0.24780536,0.00028021098,0.00016474655,0.069668226
6046,0.0017961492,0.23405631,0.00042223287,0.00017674513,0.04543722
6047,0.00027372167,0.46213928,0.0022606407,0.00052133633,0.10800066
6048,0.00039051395,0.350088,0.00039051395,0.00049747445,0.23370637
6049,3.705297e-05,0.4201832,0.0004840624,4.5397872e-05,0.031678624
6050,0.00036400868,0.66725606,0.00081355654,0.0007321813,0.064771704
6051,0.0011559009,0.55096984,0.001455063,0.00015598028,0.046638038
6052,0.002673006,0.24095316,2.8632558e-05,0.0004994205,0.037326887
6053,0.0013045066,0.46183583,9.83812e-05,0.00053161324,0.06928941
6054,0.00092900335,0.5570623,0.0005378764,0.00044421837,0.07303239
6055,0.00010554686,0.29380956,0.00046010586,0.00021995338,0.2844766
6056,0.000865981,0.24006125,8.888085e-05,0.00015598028,0.028114058
6057,0.4248295,0.49160844,0.00023413582,0.0002216781,0.1187934
6058,0.47061494,0.5286855,0.00031999825,0.0005463421,0.08299415
6059,0.6807725,0.29533154,0.07654563,0.00047842565,0.13695431
6060,0.7806625,0.88875884,0.1805397,0.0003077431,0.018264277
6061,0.30012983,0.8525676,0.0721122,0.00090396777,0.009783876
6062,0.5885344,0.19884087,0.014172367,0.0011925492,0.002693914
6063,0.7264256,0.58154076,0.01384861,0.0007793661,0.03061778
6064,0.5713481,0.11716747,0.01450358,0.00092178053,0.039416388
6065,0.4179246,0.25776508,0.019870713,0.00047285444,0.0006745559
6066,0.86036915,0.27747297,0.032222297,0.047958102,0.03191915
6067,0.29685807,0.52541447,0.011687257,0.060418423,0.012527932
6068,0.3555511,0.4800064,0.023599293,0.13974822,0.005159623
6069,0.5529622,0.83250916,0.015906392,0.25256833,0.023109278
6070,0.40833575,0.27435136,0.03149938,0.06301947,0.012479699
6071,0.73163426,0.4330222,0.07654563,0.04594821,0.010130412
6072,0.66257817,0.39117333,0.055412795,0.051082738,0.012053779
6073,0.3992845,0.5186833,0.104294725,0.031084951,0.067546695
6074,0.16344544,0.4830235,0.01384861,0.031261913,0.0153063545
6075,0.71102977,0.73829186,0.08601588,0.099996306,0.0014493985
6076,0.79502225,0.350088,0.021822825,0.012288597,0.0004994205
6077,0.441673,0.22524615,0.09041373,0.10502681,0.0007408056
6078,0.6387226,0.7636601,0.007785655,0.11496336,0.0006641048
6079,0.4987392,0.079495706,0.043936536,0.119819485,0.0013406203
6080,0.4609561,0.4347013,0.061311536,0.04001227,0.00058155763
6081,0.8610715,0.25460163,0.04443143,0.07935289,0.00053369283
6082,0.22558717,0.57511085,0.059210252,0.16885695,6.402006e-05
6083,0.1437878,0.8262917,0.10248422,0.23775287,0.00027803096
6084,0.6482437,0.69388795,0.0190509,0.0498659,0.0011247575
6085,0.45725787,0.43905574,0.12064587,0.03149938,0.0012594986
6086,0.8275496,0.2885691,0.026607107,0.021084841,0.00048029725
6087,0.5506376,0.39059204,0.18506189,0.17106119,3.734357e-05
6088,0.5274078,0.14282866,0.068537496,0.066934206,0.63443005
6089,0.24238491,0.48149955,0.011869121,0.087563835,0.7159208
6090,0.47285083,0.43752307,0.044847902,0.04061678,0.4338615
6091,0.077937685,0.08570928,0.109134786,0.048767094,0.6932653
6092,0.3562227,0.47102556,0.036631364,0.19360435,0.3454364
6093,0.27154136,0.4565612,0.29502675,0.244363,0.61503005
6094,0.4462232,0.6239499,0.068662286,0.076683804,0.73772544
6095,0.3981724,0.1805397,0.12074952,0.04115289,0.626924
6096,0.5630776,0.58516043,0.03882902,0.028761586,0.48055488
6097,0.39065018,0.3774259,0.045183755,0.09484524,0.43758315
6098,0.33982763,0.33796784,0.042642392,0.029367855,0.15987214
6099,0.70568365,0.22850065,0.03120282,0.08359067,0.5330025
6100,0.32594952,0.09334688,0.0055549247,0.032651376,0.15002882
6101,0.40574303,0.43380156,0.020061802,0.046378206,0.42042112
6102,0.3116363,0.079210326,0.02920129,0.013795364,0.17497347
6103,0.8275496,0.2359876,0.13916224,0.0416178,0.6905591
6104,0.5298716,0.16331197,0.04885778,0.06717858,0.30497235
6105,0.2899745,0.00026119032,0.040922303,0.11516222,0.44188374
6106,0.19345194,0.0005976694,0.09687654,0.042882238,0.4455597
6107,0.42811382,0.00021995338,0.009898064,0.016403032,0.33155245
6108,0.42387533,0.00036259004,0.079638734,0.03085051,0.7060891
6109,0.68815416,9.761566e-05,0.02215887,0.011244561,0.60474914
6110,0.46754447,0.0009622126,0.028761586,0.030967517,0.7153245
6111,0.7272012,0.00013552078,0.0433658,0.11377637,0.5317261
6112,0.68773484,6.0141516e-05,0.06524657,0.013480103,0.6268098
6113,0.60743034,0.00043733438,0.009936419,0.020567095,0.69471705
6114,0.2507293,0.0001465313,0.027428543,0.09351231,0.6978149
6115,0.1732882,0.00049747445,0.10320506,0.12635334,0.58930284
6116,0.48864946,0.00013982208,0.056444027,0.14402843,0.6278371
6117,0.3694288,0.00021152887,0.02854415,0.9511422,0.3394991
6118,0.5637383,0.00026119032,0.97462875,0.9462997,0.6001883
6119,0.8057851,0.001044386,0.97706646,0.9913223,0.4124118
6120,0.34125313,0.00049168157,0.99827933,0.9498557,0.70028025
6121,0.45759112,0.00035281325,0.9604354,0.9673486,0.22541662
6122,0.3192275,0.00043055712,0.97023994,0.95719784,0.42715776
6123,0.31226513,0.00029827765,0.99482024,0.97462875,0.40898472
6124,0.06596494,0.0006693099,0.9701269,0.9878528,0.62623847
6125,0.22017473,0.00087276706,0.8893368,0.8356178,0.22286923
6126,0.23458195,0.00026738262,0.99317604,0.97779876,0.3575675
6127,0.3566707,0.00017400544,0.9859904,0.8992984,0.59707934
6128,0.33437204,0.00089344557,0.98076576,0.99174845,0.685002
6129,0.695855,0.00090750254,0.9969722,0.7525585,0.57391727
6130,0.68710536,0.0012448432,0.98571813,0.95846003,0.46250337
6131,0.8305941,0.00013982208,0.98421544,0.95751673,0.5561284
6132,0.25293726,0.00015967865,0.95791227,0.94122344,0.5345214
6133,0.31058982,0.00031999825,0.9078038,0.93183565,0.4817433
6134,0.55531466,0.0002216781,0.92879725,0.9549844,0.6806664
6135,0.61952883,0.0004156895,0.994089,0.93663365,0.51616865
6136,0.7490872,0.00021995338,0.99356186,0.97543687,0.6801355
6137,0.6387226,0.0012545944,0.89478946,0.92495924,0.48839778
6138,0.14342749,0.00033535014,0.95961094,0.87439936,0.6119039
6139,0.2986959,8.957789e-05,0.98439646,0.9518632,0.4551683
6140,0.5839153,2.5666133e-05,0.9720986,0.9695556,0.7757747
6141,0.2947222,0.00025315638,0.9768024,0.96538115,0.59083825
6142,0.4309854,0.00025915826,0.96672606,0.97958976,0.40568414
6143,0.515498,0.0010005044,0.9774571,0.96485513,0.74927074
6144,0.34643072,8.415109e-05,0.92762595,0.8630457,0.3270232
6145,0.4765644,2.6897846e-05,0.89274967,0.96995664,0.5515134
6146,0.5108321,0.00043563012,0.8814109,0.7749242,0.6887825
6147,0.5431359,0.0005838325,0.94024336,0.97118384,0.54374164
6148,0.7181004,3.8229115e-05,0.7871142,0.97354424,0.07558479
6149,0.36579645,0.00084264233,0.9939261,0.9427181,0.1504028
6150,0.26759952,0.00057929166,0.98646784,0.9900636,0.12592277
6151,0.6594051,0.00027803096,0.96203625,0.9685006,0.2693256
6152,0.8636218,0.00053578056,0.97288233,0.9735945,0.5440748
6153,0.65698844,0.0025016968,0.98190993,0.98262435,0.25608712
6154,0.8824279,0.0001465313,0.9738444,0.9853843,0.16092426
6155,0.47263783,0.0004994205,0.9749169,0.98771137,0.31848517
6156,0.8478418,0.00043055712,0.9893063,0.9758085,0.22354652
6157,0.753648,0.00011412239,0.99346113,0.9839708,0.661267
6158,0.17036992,2.4682904e-05,0.89478946,0.98780584,0.6951311
6159,0.53209084,0.00058840885,0.92563426,0.913368,0.4069209
6160,0.31626368,0.05300977,0.9783019,0.9263037,0.40444866
6161,0.5325771,0.41389167,0.9888419,0.9639839,0.2485342
6162,0.50775087,0.031858854,0.99333304,0.9856076,0.3307954
6163,0.70750576,0.042882238,0.9824905,0.9820826,0.7102265
6164,0.5052183,0.21223202,0.98527133,0.96879715,0.7310586
6165,0.65698844,0.031084951,0.9801673,0.9512329,0.112600096
6166,0.728362,0.032283258,0.9896318,0.684475,0.24328269
6167,0.43860483,0.07878401,0.9596866,0.94649786,0.4087487
6168,0.0003406293,0.04401865,0.94355595,0.9791158,0.4069209
6169,0.0020269002,0.0032476764,0.9704086,0.9403531,0.25982565
6170,0.0014664583,0.029591374,0.9427181,0.8934954,0.6253237
6171,0.00037850367,0.08803312,0.990329,0.9635062,0.28348374
6172,0.00026323833,0.049681153,0.97134733,0.9783019,0.13454832
6173,0.0006932423,0.21190567,0.98105836,0.8987666,0.47510296
6174,0.0001634647,0.1559763,0.95068645,0.9822196,0.3377494
6175,0.0004565269,0.115560874,0.98215127,0.98871195,0.4002218
6176,0.00010310212,0.012920474,0.99021614,0.9863105,0.50185865
6177,0.0014381354,0.049773447,0.94509614,0.97779876,0.35365137
6178,0.000932636,0.035211135,0.98527133,0.9937588,0.5839746
6179,0.0010525686,0.08284563,0.93045825,0.8269914,0.25590113
6180,0.00090396777,0.075995214,0.9323302,0.90000373,0.18565173
6181,0.00026947918,0.05033063,0.9604354,0.9830851,0.28051782
6182,0.00024536948,0.029367855,0.96405166,0.98197925,0.5493989
6183,0.0003175088,0.05419873,0.9815244,0.96544635,0.5827879
6184,0.00050333556,0.087096825,0.9940428,0.97267544,0.4832369
6185,0.0008167381,0.029760094,0.9849274,0.96672606,0.6621414
6186,0.00015598028,0.021084841,0.9142907,0.86153823,0.53892255
6187,0.0006538155,0.05899303,0.98302,0.9730877,0.4996524
6188,0.00015843622,0.1501534,0.97539,0.9502266,0.5443473
6189,0.0037362205,0.02947941,0.9571178,0.98469365,0.40174648
6190,0.0001168284,0.07477004,0.9908744,0.91259205,0.59449244
6191,0.00026738262,0.056029383,0.9906238,0.96795994,0.0002846224
6192,0.00015967865,0.0034162789,0.95938325,0.9791557,0.000310156
6193,0.00037850367,0.016914913,0.9793935,0.97344345,0.0010608152
6194,0.00019110432,0.08210663,0.99021614,0.9241418,0.00039666123
6195,0.00029137006,0.019946935,0.98365986,0.9723097,0.0003150387
6196,0.00028021098,0.14033625,0.95695716,0.9026096,0.00084264233
6197,0.0002287133,0.28477487,0.9806919,0.9851003,0.00012931564
6198,0.00060471025,0.09186979,0.96989965,0.9869292,8.2846556e-05
6199,0.00020342697,0.18506189,0.9938788,0.9769348,0.0003275843
6200,0.00022341637,0.1112412,0.94068086,0.9534488,0.0001673405
6201,0.00024346048,0.12095703,0.96102494,0.96909106,0.0002551414
6202,0.00019260288,0.1322902,0.9003547,0.983343,0.0003327413
6203,8.156225e-05,0.32852942,0.97800976,0.9658352,0.0010566838
6204,0.00027372167,0.03567855,0.97482115,0.83359575,0.00041084853
6205,0.0003125878,0.06524657,0.7834919,0.9313377,0.0006411777
6206,0.00039051395,0.0067188703,0.9716717,0.9769787,0.0007643033
6207,0.0001823546,0.08122776,0.98102194,0.95751673,0.00029137006
6208,0.067423776,0.9627432,0.96995664,0.95938325,0.000104725565
6209,0.09619517,0.97986126,0.9946774,0.9860443,0.00019716943
6210,0.034553625,0.95013416,0.9719393,0.9773276,0.00024156629
6211,0.014117893,0.9097468,0.99455196,0.9468921,0.00046552691
6212,0.030675802,0.9851576,0.99411184,0.73961055,0.0034834242
6213,0.13039611,0.9539661,0.99731654,0.78481424,0.00032250723
6214,0.012576348,0.9827572,0.9775858,0.9184803,6.761842e-05
6215,0.16871995,0.97339284,0.89368117,0.9380106,0.00032503586
6216,0.062216982,0.9511422,0.9766692,0.9395816,0.00032250723
6217,0.019234259,0.96080494,0.89478946,0.89368117,0.0003740956
6218,0.049405243,0.9241418,0.97458035,0.71032697,0.0005152657
6219,0.11636177,0.98469365,0.9729338,0.8101787,0.0001344663
6220,0.14151853,0.79865825,0.9219218,0.9217811,0.0012545944
6221,0.11656274,0.9687381,0.9516839,0.9005298,0.00017265156
6222,0.07850098,0.65279496,0.8480936,0.9425068,0.00033535014
6223,0.025858775,0.9664738,0.93558234,0.9129032,0.000117744596
6224,0.07864238,0.9542227,0.92879725,0.97057647,2.195349e-05
6225,0.064065434,0.8092759,0.89912134,0.9649213,0.00015476662
6226,0.058560826,0.9020933,0.9905509,0.9853843,0.00011147904
6227,0.091544405,0.9329437,0.9813107,0.97324073,0.00023231418
6228,0.030329255,0.9825575,0.9771538,0.93439513,0.0006563728
6229,0.011508149,0.97510713,0.9619649,0.98934746,0.0006798429
6230,0.042882238,0.8153795,0.94957596,0.95362175,0.00013552078
6231,0.06394842,0.9652504,0.9849274,0.9755769,0.0005193049
6232,0.05051767,0.98771137,0.9803186,0.93913656,0.001867566
6233,0.02136889,0.98403233,0.9380106,0.8085212,0.00018522576
6234,0.047958102,0.9700703,0.99094474,0.92762595,8.8189234e-05
6235,0.015424552,0.96891505,0.9728308,0.92262185,0.0003275843
6236,0.029986508,0.9868787,0.99575186,0.87450653,0.00014202365
6237,0.0045738644,0.9943581,0.9911868,0.98155975,0.00019411318
6238,0.019271137,0.74279505,0.9565531,0.92617035,0.0006589401
6239,0.11899801,0.9701835,0.9911527,0.9678993,3.3214194e-05
6240,0.05899303,0.9759923,0.9755304,0.9935369,0.10932483
6241,0.1390453,0.91022676,0.9795506,0.9657061,0.23563564
6242,0.0113756005,0.97339284,0.966156,0.93698055,0.029760094
6243,0.0973904,0.9497627,0.9913892,0.93581736,0.039937314
6244,0.06267437,0.9923341,0.9674718,0.9815244,0.0527164
6245,0.07185127,0.9260366,0.94176143,0.9809125,0.048948623
6246,0.044597577,0.9349913,0.8322367,0.9694401,0.20465964
6247,0.110855594,0.96628344,0.9795114,0.96641046,0.1877276
6248,0.039416388,0.89533985,0.9889705,0.9792749,0.0279544
6249,0.110855594,0.9759923,0.8484707,0.9834705,0.014281933
6250,0.97792566,0.9497627,0.9862046,0.9751545,0.032651376
6251,0.99621993,0.94208187,0.97482115,0.89478946,0.040313438
6252,0.9743861,0.9697854,0.9769787,0.99455196,0.20625381
6253,0.9927672,0.975249,0.8735388,0.9913892,0.11299101
6254,0.99486035,0.96309197,0.9889705,0.86916035,0.1664043
6255,0.98761624,0.96050966,0.9961004,0.9787533,0.110279374
6256,0.9982522,0.7051763,0.9914225,0.80147004,0.024516335
6257,0.98926485,0.9783433,0.9764905,0.85318035,0.039937314
6258,0.9951703,0.9828892,0.9774571,0.9809856,0.24148938
6259,0.9829547,0.9888419,0.96391606,0.8533026,0.09894659
6260,0.9841546,0.9582261,0.9761292,0.6875251,0.020177318
6261,0.9820826,0.93593454,0.99306935,0.9049869,0.035880696
6262,0.9734938,0.9339146,0.8879841,0.9395816,0.20465964
6263,0.9899476,0.9722044,0.99788433,0.952131,0.070816204
6264,0.97423947,0.9107044,0.97344345,0.9739932,0.08834723
6265,0.9574373,0.97052056,0.9736447,0.9302051,0.11992252
6266,0.97966766,0.8889517,0.98302,0.8722386,0.22936256
6267,0.9819447,0.9827572,0.9761292,0.9743861,0.2052962
6268,0.985663,0.754915,0.9653158,0.96203625,0.03429395
6269,0.98076576,0.8054792,0.97068775,0.94068086,0.028490042
6270,0.95759624,0.92683524,0.95013416,0.96073127,0.010652511
6271,0.99351174,0.9097468,0.98421544,0.9628132,0.041695766
6272,0.9718859,0.93439513,0.97112906,0.9884919,0.036425155
6273,0.96329963,0.94649786,0.9799382,0.97706646,0.05281402
6274,0.9939261,0.9605836,0.989791,0.97821885,0.0849471
6275,0.97467697,0.9522199,0.9393595,0.9566342,0.02220123
6276,0.9938548,0.87997437,0.99575186,0.91228,0.01990879
6277,0.9685006,0.98549646,0.9935868,0.8679338,0.008445627
6278,0.97068775,0.93891287,0.962462,0.9437636,0.059537485
6279,0.9873262,0.717507,0.8967949,0.9552357,0.027014792
6280,0.9829547,0.9546474,0.98102194,0.94165415,0.0607519
6281,0.98998636,0.9455002,0.81888163,0.9561454,0.03767939
6282,0.97754294,0.9688562,0.9800913,0.9962782,0.059866417
6283,0.9352283,0.9130583,0.91367656,0.975249,0.26133093
6284,0.98421544,0.85729086,0.9673486,0.98926485,0.16079243
6285,0.98844737,0.9548163,0.9888419,0.9520419,0.059101548
6286,0.99394965,0.89010334,0.99097973,0.9950177,0.079495706
6287,0.98445636,0.88523525,0.97369474,0.94024336,0.054903854
6288,0.9619649,0.9361684,0.9792749,0.96095175,0.9574373
6289,0.99356186,0.98065484,0.9693242,0.98862445,0.9841546
6290,0.9923044,0.9305845,0.9877587,0.9839091,0.98262435
6291,0.98302,0.92290026,0.9783019,0.9531008,0.9788344
6292,0.9964204,0.9763105,0.9824905,0.9296961,0.9683214
6293,0.95695716,0.9493885,0.9887554,0.88700897,0.9615338
6294,0.98039377,0.9932288,0.9664738,0.97414124,0.9205043
6295,0.98427594,0.9274948,0.97684664,0.9706322,0.95473194
6296,0.98242307,0.8493474,0.9729338,0.952131,0.9763105
6297,0.97134733,0.9775858,0.9623913,0.91102153,0.9943581
6298,0.9703525,0.966347,0.9780517,0.98582757,0.98439646
6299,0.97023994,0.8868131,0.9729338,0.97204566,0.94509614
6300,0.959001,0.96814114,0.9114953,0.9425068,0.98922324
6301,0.9390248,0.8767399,0.91505283,0.9585377,0.9820826
6302,0.9953725,0.97140163,0.9572778,0.6337503,0.87482774
6303,0.9933589,0.9404625,0.9754836,0.98427594,0.97414124
6304,0.9799382,0.8720208,0.9257686,0.9579909,0.97394365
6305,0.9907678,0.91700584,0.9664738,0.79975533,0.97313875
6306,0.95869267,0.8190264,0.92093205,0.9180404,0.9094255
6307,0.9827572,0.91413754,0.94407386,0.9455002,0.9738444
6308,0.9906238,0.97608364,0.9600627,0.90397453,0.94240075
6309,0.96498734,0.96458924,0.8989441,0.9766692,0.9285385
6310,0.9873262,0.95239735,0.9222025,0.94208187,0.8735388
6311,0.9937588,0.91117966,0.9599126,0.8398654,0.84363765
6312,0.9834705,0.78596646,0.7884203,0.9561454,0.92563426
6313,0.9478657,0.86396646,0.9714559,0.96295285,0.9885804
6314,0.9811307,0.94649786,0.96741027,0.9716717,0.98439646
6315,0.97419035,0.7826625,0.888372,0.9633687,0.92590266
6316,0.9963924,0.96826136,0.9921841,0.9735945,0.84504944
6317,0.989791,0.94509614,0.9857729,0.9845754,0.96267307
6318,0.9961903,0.92064714,0.9511422,0.9722044,0.95506835
6319,0.9954615,0.96432143,0.98571813,0.9807288,0.90632194
6320,0.99401975,0.9370958,0.99047756,0.89733595,0.96323055
6321,0.9834705,0.6278371,0.9896318,0.92905515,0.8940517
6322,0.99066,0.9092645,0.9850429,0.9564718,0.98201376
6323,0.94699025,0.81888163,0.995037,0.8322367,0.95938325
6324,0.9956176,0.7466935,0.97891515,0.94728357,0.908618
6325,0.9881309,0.9644556,0.9822196,0.95814794,0.954393
6326,0.9643886,0.6532375,0.99343574,0.967225,0.9071478
6327,0.9971771,0.9592307,0.9761292,0.97354424,0.9914225
6328,0.97887486,0.9024378,0.90397453,0.92696756,0.9572778
6329,0.97354424,0.94355595,0.94757545,0.92905515,0.97962874
6330,0.9717254,0.87310666,0.9382373,0.966347,0.9868787
6331,0.9571178,0.8342719,0.97118384,0.9570375,0.971564
6332,0.961171,0.8778961,0.9498557,0.84325075,0.84834504
6333,0.9791955,0.94468933,0.87589324,0.9615338,0.8729984
6334,0.9668514,0.9801293,0.9916842,0.6845804,0.92455155
6335,0.9908035,0.99262565,0.98625773,0.98327893,0.84208554
6336,0.998103,0.96697646,0.93158704,0.97684664,0.9698426
6337,0.99540824,0.8468312,0.818011,0.98555213,0.90448195
6338,0.9986436,0.9735945,0.98780584,0.95719784,0.9828892
6339,0.9872773,0.98571813,0.98365986,0.97161794,0.9621787
6340,0.98242307,0.98588216,0.941007,0.9284088,0.9601375
6341,0.95379424,0.959001,0.9193534,0.97966766,0.7826625
6342,0.95806944,0.9863105,0.9786719,0.82587075,0.7890712
6343,0.9694979,0.9281487,0.98314995,0.97023994,0.9788344
6344,0.9719925,0.9877587,0.9370958,0.9216402,0.9400236
6345,0.9158089,0.9494823,0.9825575,0.91086304,0.8653379
6346,0.9689738,0.9877587,0.9777564,0.9837225,0.96891505
6347,0.96672606,0.9234544,0.85705173,0.9588471,0.9546474
6348,0.9761746,0.8873999,0.87546796,0.92683524,0.95998776
6349,0.90894175,0.82893884,0.9816304,0.98662347,0.9853843
6350,0.9846347,0.95945925,0.99528164,0.98403233,0.97272736
6351,0.9783019,0.93195957,0.95068645,0.9849274,0.98625773
6352,0.9856076,0.95540243,0.99196917,0.9012275,0.9503189
6353,0.97467697,0.9541374,0.97838473,0.92290026,0.9314625
6354,0.9772842,0.9462003,0.97090924,0.9816304,0.8292156
6355,0.97057647,0.90829307,0.97389406,0.9012275,0.97608364
6356,0.9912548,0.9744348,0.9890131,0.9314625,0.91964257
6357,0.99540824,0.9456007,0.96323055,0.92455155,0.9562273
6358,0.99732697,0.93991333,0.96138906,0.96160597,0.98582757
6359,0.96995664,0.89805347,0.9882222,0.9186264,0.9582261
6360,0.96160597,0.9518632,0.9802808,0.6852127,0.9868787
6361,0.9893063,0.87831426,0.9738444,0.9668514,0.92827886
6362,0.87589324,0.9167081,0.9360516,0.9843364,0.94757545
6363,0.9973477,0.98141783,0.92762595,0.9839708,0.90448195
6364,0.985663,0.9956006,0.91102153,0.96628344,0.91212356
6365,0.98955137,0.9658996,0.97354424,0.93686515,0.97931457
6366,0.99293363,0.906156,0.9824905,0.9592307,0.91022676
6367,0.9951514,0.9005298,0.9621787,0.9887988,0.9230392
6368,0.92523,0.9091032,0.9659639,0.9719925,0.9755769
6369,0.8989441,0.98235554,0.92290026,0.983597,0.9492005
6370,0.99298817,0.962462,0.9877587,0.95150405,0.83642095
6371,0.98588216,0.7749242,0.97966766,0.9942251,0.9839091
6372,0.93663365,0.93980294,0.96095175,0.88100195,0.9725193
6373,0.9809856,0.97052056,0.92788786,0.9405718,0.9474783
6374,0.9947187,0.8596637,0.9064877,0.9478657,0.87610537
6375,0.94825053,0.9712385,0.985663,0.95938325,0.93318766
6376,0.97702265,0.950503,0.99341017,0.95751673,0.93045825
6377,0.9756698,0.96753323,0.95695716,0.7994423,0.99394965
6378,0.98102194,0.81844676,0.98651993,0.97298527,0.9834705
6379,0.9834705,0.9216402,0.96189344,0.915356,0.9628831
6380,0.96826136,0.97482115,0.9730365,0.7576151,0.9549004
6381,0.98844737,0.95606345,0.9824905,0.77982527,0.96160597
6382,0.98571813,0.8594279,0.93318766,0.91367656,0.852199
6383,0.9698426,0.89368117,0.96989965,0.9512329,0.8244619
6384,0.98549646,0.97272736,0.98677725,0.85729086,0.7826625
6385,0.9850429,0.8906752,0.87546796,0.8600169,0.96538115
6386,0.9889705,0.88563144,0.83508044,0.92683524,0.95751673
6387,0.9851576,0.9861514,0.9797065,0.8493474,0.91964257
6388,0.9975751,0.99298817,0.9494823,0.81888163,0.87925047
6389,0.98065484,0.93439513,0.8594279,0.7195807,0.9383503
6390,0.8842393,0.9763105,0.67017674,0.8969756,0.99333304
6391,0.9868281,0.913368,0.9691495,0.92696756,0.97966766
6392,0.99338466,0.7422349,0.95362175,0.9207897,0.9853843
6393,0.99565166,0.8797679,0.98862445,0.9721515,0.94458723
6394,0.9697281,0.9621787,0.9751545,0.98242307,0.9576754
6395,0.9757624,0.59995395,0.9582261,0.86339164,0.9400236
6396,0.9772842,0.8568123,0.9493885,0.8967949,0.9425068
6397,0.9462003,0.9457011,0.9673486,0.99279517,0.96253246
6398,0.9863631,0.8782099,0.9898303,0.9871788,0.8844391
6399,0.99444515,0.9513234,0.9408984,0.95506835,0.95679593
6400,0.9840936,0.9510514,0.94649786,0.9378969,0.9583822
6401,0.99262565,0.8112278,0.94796216,0.9094255,0.92107415
6402,0.98421544,0.85848147,0.97029626,0.9723622,0.98651993
6403,0.9666002,0.8671483,0.91383046,0.9664738,0.97947216
6404,0.9786719,0.7442848,0.97947216,0.961171,0.9822196
6405,0.99029154,0.90894175,0.96102494,0.9881765,0.91964257
6406,0.99174845,0.891811,0.9738444,0.97246706,0.9819447
6407,0.9829547,0.876423,0.9666631,0.966347,0.96691406
6408,0.98947024,0.9056566,0.83250916,0.9081302,0.967225
6409,0.9785903,0.9347534,0.93045825,0.91398406,0.9518632
6410,0.99338466,0.8873999,0.96050966,0.9869795,0.78530854
6411,0.98365986,0.8265718,0.97107434,0.93991333,0.93379396
6412,0.97389406,0.5904841,0.98475236,0.98803884,0.93158704
6413,0.91102153,0.9635748,0.8224745,0.9124362,0.99378294
6414,0.99304235,0.94699025,0.98722816,0.97997653,0.90878
6415,0.9940659,0.97640073,0.99499834,0.96253246,0.93721074
6416,0.9951514,0.89460546,0.9717254,0.98262435,0.8307315
6417,0.9722571,0.9488225,0.9719393,0.98498523,0.94966936
6418,0.9969957,0.983343,0.9567152,0.961678,0.7193836
6419,0.9739932,0.97838473,0.99165195,0.9649213,0.96741027
6420,0.9896718,0.94417685,0.8678218,0.9250947,0.9621787
6421,0.96741027,0.98054343,0.9670388,0.8305941,0.947381
6422,0.9860443,0.968441,0.9494823,0.9562273,0.83196384
6423,0.9672869,0.9728308,0.9874236,0.97711015,0.9688562
6424,0.94208187,0.74871993,0.9432431,0.9478657,0.93158704
6425,0.91367656,0.9923341,0.9764905,0.93651766,0.9701835
6426,0.858837,0.67928505,0.9734938,0.61855006,0.94610083
6427,0.98521465,0.9541374,0.9583042,0.94699025,0.928668
6428,0.9219218,0.9352283,0.9809491,0.9059898,0.9800913
6429,0.985663,0.9546474,0.81508535,0.94910634,0.91212356
6430,0.9413314,0.92643696,0.9888849,0.98215127,0.98926485
6431,0.9771538,0.81479084,0.9758546,0.9701835,0.9853279
6432,0.98844737,0.9696707,0.9740426,0.9267028,0.8967949
6433,0.9384633,0.685002,0.9961306,0.98844737,0.9557341
6434,0.91413754,0.9541374,0.9948803,0.9745319,0.90174776
6435,0.9755304,0.7641884,0.9835338,0.94891727,0.9673486
6436,0.9798227,0.92827886,0.9457011,0.9326989,0.9492005
6437,0.97850823,0.8908652,0.8623517,0.9651191,0.9647889
6438,0.96309197,0.9308365,0.9882222,0.96653706,0.9763557
6439,0.98262435,0.8465777,0.976038,0.9267028,0.9698426
6440,0.97671366,0.9403531,0.95150405,0.8957053,0.9712385
6441,0.98521465,0.49285552,0.9789554,0.7745834,0.936285
6442,0.9756698,0.8938666,0.9032942,0.97023994,0.91625965
6443,0.9756698,0.97684664,0.9765354,0.92007446,0.9659639
6444,0.99066,0.6322757,0.96926606,0.936285,0.9817007
6445,0.99522626,0.765418,0.9814889,0.9370958,0.967225
6446,0.98481095,0.98486924,0.9882676,0.8499712,0.9871788
6447,0.97702265,0.9383503,0.8763172,0.9604354,0.9857729
6448,0.9869292,0.8656789,0.9720986,0.9693242,0.82032555
6449,0.988085,0.8822251,0.95565146,0.9693822,0.72282064
6450,0.9940659,0.95783347,0.9535353,0.9508692,0.8358858
6451,0.94844174,0.9793935,0.9488225,0.7647159,0.95275027
6452,0.99108386,0.90000373,0.913368,0.8085212,0.9549844
6453,0.99341017,0.96028674,0.96795994,0.9234544,0.96909106
6454,0.98926485,0.888372,0.9763105,0.906156,0.985663
6455,0.9935369,0.9851003,0.80271024,0.8842393,0.9804314
6456,0.967101,0.9187722,0.888372,0.93558234,0.94407386
6457,0.98942953,0.97662467,0.9313377,0.77662295,0.88483775
6458,0.8964329,0.761893,0.9508692,0.84325075,0.9541374
6459,0.99273914,0.7633074,0.9819447,0.69035035,0.98046875
6460,0.97324073,0.9643886,0.86385167,0.97482115,0.909907
6461,0.983597,0.91259205,0.91505283,0.8264319,0.98657167
6462,0.9890976,0.9390248,0.8307315,0.48789448,0.9753431
6463,0.9908744,0.906156,0.97863114,0.87621135,0.9635748
6464,0.99128854,0.9281487,0.8113773,0.8767399,0.9431384
6465,0.94407386,0.8711464,0.6396235,0.83413684,0.9656413
6466,0.8818186,0.84325075,0.9436599,0.8734309,0.9257686
6467,0.9700135,0.9451974,0.8044059,0.86223567,0.937783
6468,0.9524858,0.8162599,0.6621414,0.71760595,0.97057647
6469,0.98475236,0.98340684,0.30964965,0.5672775,0.88563144
6470,0.9859904,0.9627432,0.79597545,0.84959716,0.9829547
6471,0.9864157,0.92709976,0.8017807,0.8705973,0.95961094
6472,0.9433476,0.8345418,0.84247476,0.79787195,0.9666631
6473,0.97267544,0.9537082,0.71977776,0.6654106,0.95589906
6474,0.9734938,0.96160597,0.87375444,0.9274948,0.8356178
6475,0.9605836,0.856092,0.9320833,0.8152325,0.9145963
6476,0.995037,0.86153823,0.7111301,0.83031917,0.94649786
6477,0.9941347,0.74890363,0.83828294,0.6238353,0.9293122
6478,0.99178034,0.9076402,0.95531917,0.6843695,0.8938666
6479,0.89912134,0.91625965,0.83999664,0.68710536,0.8842393
6480,0.98378503,0.9723097,0.90878,0.8552477,0.9053223
6481,0.9692078,0.9908035,0.63420355,0.94154674,0.98141783
6482,0.9203613,0.8053262,0.46778756,0.7704648,0.88263035
6483,0.98242307,0.99540824,0.9207897,0.89858866,0.9785493
6484,0.9809125,0.9328214,0.94757545,0.7871142,0.96926606
6485,0.9731898,0.92590266,0.9250947,0.89010334,0.9639839
6486,0.88875884,0.8975158,0.8864204,0.9076402,0.9351099
6487,0.976038,0.89029425,0.8031738,0.83169055,0.9273633
6488,0.953188,0.583144,0.89256257,0.9393595,0.97288233
6489,0.9549844,0.8095773,0.7100255,0.8767399,0.9390248
6490,0.97134733,0.77475387,0.8115267,0.41964793,0.94699025
6491,0.98582757,0.75797355,0.8451773,0.7212526,0.98555213
6492,0.98913974,0.8631611,0.8500957,0.9280184,0.9734938
6493,0.9818056,0.89029425,0.84606963,0.8062431,0.9608783
6494,0.90582335,0.8178656,0.93257624,0.95751673,0.98054343
6495,0.9874236,0.9265699,0.6771539,0.9054896,0.9804314
6496,0.997399,0.92495924,0.9425068,0.94796216,0.9449947
6497,0.99553156,0.91625965,0.82018155,0.9078038,0.9561454
6498,0.9591543,0.5530829,0.29583988,0.9285385,0.86036915
6499,0.9869292,0.8121234,0.9024378,0.9144437,0.9761746
6500,0.98039377,0.7392342,0.96138906,0.86737317,0.9378969
6501,0.9825575,0.9430336,0.88523525,0.63827175,0.94355595
6502,0.9223426,0.891811,0.6577583,0.6688803,0.86904925
6503,0.9401336,0.9328214,0.8601343,0.89805347,0.93698055
6504,0.9222025,0.90681833,0.33220208,0.8329173,0.98228765
6505,0.93033177,0.92468774,0.77662295,0.7902067,0.9328214
6506,0.8708172,0.9748691,0.8828326,0.75797355,0.98609793
6507,0.9788344,0.94600123,0.848847,0.8889517,0.99174845
6508,0.9666002,0.9734938,0.8465777,0.90582335,0.85536855
6509,0.8881781,0.9730877,0.7558173,0.7397986,0.9518632
6510,0.96753323,0.99002504,0.9181873,0.9403531,0.9859904
6511,0.9448931,0.9763105,0.767167,0.917746,0.96741027
6512,0.8789391,0.92709976,0.6327297,0.6448963,0.94539934
6513,0.8891444,0.8984106,0.7565375,0.8091252,0.9600627
6514,0.9803186,0.909907,0.8268516,0.87873113,0.9519527
6515,0.87779135,0.98922324,0.818011,0.91117966,0.9339146
6516,0.96903247,0.8318272,0.68394744,0.592195,0.917746
6517,0.94966936,0.88543355,0.82824534,0.8908652,0.97161794
6518,0.99621993,0.9383503,0.92495924,0.92956835,0.92683524
6519,0.9958175,0.76171577,0.8247444,0.74558365,0.9551521
6520,0.9628132,0.98340684,0.9097468,0.81227237,0.93686515
6521,0.98803884,0.8728902,0.5389529,0.9433476,0.979784
6522,0.9845754,0.97737074,0.65610766,0.9737447,0.9497627
6523,0.9923934,0.60754675,0.36093944,0.868938,0.98892784
6524,0.9688562,0.98340684,0.72749174,0.5910153,0.93651766
6525,0.9816304,0.8524448,0.76153845,0.8234704,0.94639885
6526,0.9723097,0.98942953,0.84234506,0.49974704,0.98672616
6527,0.99184376,0.97140163,0.89010334,0.8301815,0.91398406
6528,0.8734309,0.96544635,0.7757747,0.8694931,0.9281487
6529,0.990329,0.9161096,0.93593454,0.91181,0.9923934
6530,0.97779876,0.93913656,0.86849254,0.62623847,0.9694979
6531,0.9943581,0.91789335,0.692122,0.64523166,0.98282325
6532,0.9574373,0.9533619,0.8322367,0.63860995,0.9718859
6533,0.9861514,0.8940517,0.73659015,0.7244806,0.91550726
6534,0.97813547,0.93367314,0.94427973,0.82893884,0.8976953
6535,0.99193794,0.8864204,0.9383503,0.831006,0.94427973
6536,0.90481883,0.8897206,0.8329173,0.88700897,0.8767399
6537,0.96609205,0.99401975,0.93991333,0.81167597,0.9567152
6538,0.97997653,0.98427594,0.93991333,0.7657686,0.9005298
6539,0.9805807,0.7044652,0.86960393,0.96210754,0.55883867
6540,0.9650533,0.9541374,0.64097303,0.685318,0.96697646
6541,0.9822196,0.5503053,0.9737447,0.87048715,0.89048487
6542,0.9749169,0.7518304,0.5120216,0.65522575,0.86669767
6543,0.9927672,0.9626028,0.84959716,0.85741025,0.9507779
6544,0.9302051,0.8692713,0.9158089,0.97090924,0.952131
6545,0.9716717,0.71253234,0.908618,0.7343101,0.9012275
6546,0.93220687,0.8414352,0.9234544,0.4937976,0.89823216
6547,0.9795506,0.909907,0.9328214,0.49008307,0.9455002
6548,0.996503,0.9509604,0.8636218,0.82893884,0.8687154
6549,0.9966756,0.818011,0.840521,0.43086562,0.9839091
6550,0.89256257,0.93593454,0.83169055,0.5376483,0.9745319
6551,0.9652504,0.9449947,0.83907574,0.31310463,0.96653706
6552,0.99248135,0.8850366,0.7889086,0.61138195,0.9434519
6553,0.9839091,0.9759923,0.3035253,0.36511704,0.9857729
6554,0.93367314,0.674265,0.88363826,0.8143483,0.87831426
6555,0.987375,0.6005984,0.97029626,0.8711464,0.9652504
6556,0.98761624,0.77881753,0.86737317,0.38745853,0.9841546
6557,0.97826034,0.8768455,0.82375413,0.96160597,0.89533985
6558,0.93071055,0.917746,0.78116375,0.66530186,0.93663365
6559,0.9700703,0.9081302,0.91565824,0.8121234,0.9869292
6560,0.98667485,0.67179364,0.7264256,0.66017234,0.9758085
6561,0.9774571,0.8345418,0.9339146,0.74186105,0.9766692
6562,0.9931229,0.47769126,0.8866169,0.82741016,0.78874594
6563,0.94901186,0.68320817,0.88875884,0.92775697,0.9657061
6564,0.9241418,0.8625833,0.56739736,0.34323168,0.9498557
6565,0.83801806,0.47070622,0.82275945,0.94024336,0.8174288
6566,0.9590777,0.7774689,0.91715443,0.9443824,0.9508692
6567,0.8456877,0.74521303,0.938576,0.95068645,0.9466954
6568,0.92683524,0.6116719,0.8480936,0.9411153,0.8238959
6569,0.7518304,0.5250492,0.9147487,0.8213309,0.9755304
6570,0.7570767,0.9103862,0.40139446,0.8292156,0.9593071
6571,0.9588471,0.34820172,0.87396973,0.8418256,0.97428846
6572,0.7525585,0.6157235,0.10743748,0.84530497,0.9451974
6573,0.7507356,0.7483523,0.5209533,0.8358858,0.9451974
6574,0.8814109,0.57934093,0.20354916,0.7804952,0.9630224
6575,0.88100195,0.75833166,0.19744445,0.8047131,0.9680205
6576,0.7401744,0.72056496,0.105948284,0.8834373,0.9217811
6577,0.7084144,0.44203427,0.3413629,0.7119319,0.95013416
6578,0.7940658,0.6048658,0.23405631,0.6670392,0.95791227
6579,0.8862236,0.7329743,0.19132768,0.62119627,0.8989441
6580,0.92290026,0.66486675,0.112405084,0.5439234,0.8708172
6581,0.5465869,0.8893368,0.11536139,0.8197491,0.9778412
6582,0.8794577,0.6649755,0.2148561,0.8630457,0.9341553
6583,0.8597815,0.5983122,0.20833994,0.7227227,0.9787127
6584,0.87610537,0.50749916,0.11736965,0.96697646,0.9921841
6585,0.9455002,0.9281487,0.26607114,0.97389406,0.9564718
6586,0.9374402,0.7690802,0.45698527,0.86759764,0.8233284
6587,0.93108755,0.36670312,0.30580097,0.84273374,0.69750595
6588,0.9036349,0.9145963,0.2641685,0.8321002,0.9863631
6589,0.97419035,0.84247476,0.25851312,0.92788786,0.9458012
6590,0.7500039,0.8782099,0.2507293,0.71393055,0.9296961
6591,0.9034647,0.9022657,0.22867285,0.76153845,0.9759464
6592,0.8794577,0.82275945,0.21502088,0.5284726,0.93732566
6593,0.783823,0.76629364,0.68162084,0.79036856,0.98421544
6594,0.647018,0.2905781,0.22644134,0.8957053,0.9592307
6595,0.7287483,0.3863582,0.4946139,0.8687154,0.91367656
6596,0.6581979,0.59643316,0.5507886,0.7422349,0.8842393
6597,0.9187722,0.61335236,0.045352582,0.84632385,0.9709644
6598,0.7061904,0.90665317,0.008061991,0.8594279,0.93306583
6599,0.92788786,0.7880943,0.11299101,0.92827886,0.941007
6600,0.87256473,0.72389543,0.46280688,0.91274774,0.9436599
6601,0.65665823,0.73829186,0.31647488,0.8596637,0.97428846
6602,0.44592163,0.25423113,0.3039384,0.6326163,0.96557647
6603,0.9026096,0.51298994,0.22867285,0.70801073,0.7305783
6604,0.9291838,0.80821866,0.013222822,0.70416015,0.9664738
6605,0.8308688,0.45886397,0.1229438,0.87245613,0.84959716
6606,0.844409,0.8152325,0.1112412,0.24382246,0.8244619
6607,0.80131465,0.8244619,0.20212802,0.28298813,0.8156734
6608,0.84195566,0.5330025,0.04885778,0.089136936,0.7554566
6609,0.75833166,0.81888163,0.5068508,0.33350322,0.984516
6610,0.93593454,0.78133065,0.19238758,0.12002562,0.95565146
6611,0.73392886,0.68710536,0.4618662,0.067546695,0.95751673
6612,0.95783347,0.72389543,0.014728614,0.07723878,0.75868946
6613,0.96691406,0.37102267,0.25128007,0.103748634,0.8822251
6614,0.9272316,0.5896573,0.3316607,0.14175598,0.8080672
6615,0.9142907,0.74945414,0.13986565,0.22354652,0.87375444
6616,0.8614217,0.58070874,0.19284318,0.029591374,0.84195566
6617,0.70548075,0.9064877,0.9978677,0.48206335,0.8824279
6618,0.9492946,0.6087685,0.9978594,0.29249424,0.8822251
6619,0.7133318,0.8785229,0.9991573,0.17795369,0.8774768
6620,0.78082967,0.58829796,0.9994093,0.1362632,0.55419904
6621,0.87726665,0.26588047,0.9951703,0.1665398,0.9531008
6622,0.6907677,0.48814616,0.99824536,0.117572136,0.9459013
6623,0.90747637,0.8159669,0.9976495,0.19482698,0.8763172
6624,0.82018155,0.81405276,0.9981178,0.045522004,0.52657104
6625,0.86499614,0.8710367,0.9899087,0.12581532,0.58082765
6626,0.7851439,0.87831426,0.9994363,0.18862271,0.51970416
6627,0.87987113,0.5661984,0.9961004,0.15571934,0.82573026
6628,0.853669,0.6632328,0.9995197,0.28239405,0.8879841
6629,0.7043636,0.9652504,0.9977216,0.07737811,0.25293726
6630,0.6977119,0.954393,0.9997508,0.2260994,0.9323302
6631,0.9281487,0.6006569,0.99880743,0.16238004,0.71492666
6632,0.8782099,0.64579034,0.9984812,0.090735495,0.5519059
6633,0.80115914,0.44543904,0.99723166,0.208018,0.3274532
6634,0.7527403,0.8793542,0.99588215,0.3965939,0.8255897
6635,0.95589906,0.6796041,0.996557,0.18330106,0.85848147
6636,0.98378503,0.7350715,0.9911527,0.1877276,0.88602656
6637,0.8499712,0.80746067,0.9970879,0.030792167,0.74316794
6638,0.8311431,0.7060891,0.9981104,0.06903793,0.562537
6639,0.6304574,0.71611935,0.966347,0.0992954,0.8059378
6640,0.8005361,0.46593416,0.9967649,0.22953519,0.79198194
6641,0.7778066,0.54734313,0.99025387,0.29007506,0.89274967
6642,0.8248855,0.32896042,0.99783427,0.24256428,0.8812066
6643,0.59443355,0.5687153,0.99242276,0.13117322,0.81449586
6644,0.470098,0.49459475,0.99824536,0.10951516,0.84363765
6645,0.74279505,0.41762772,0.9983516,0.43632182,0.9396923
6646,0.64779824,0.88563144,0.9991672,0.4740833,0.82104415
6647,0.7411123,0.8293538,0.9965301,0.050893717,0.45619774
6648,0.82290184,0.70871687,0.9820826,0.21950476,0.8193158
6649,0.72036827,0.9144437,0.9994986,0.087720014,0.8657925
6650,0.3890822,0.87546796,0.9971661,0.1161611,0.88856554
6651,0.6629056,0.95068645,0.9988883,0.9941801,0.91625965
6652,0.7880943,0.9038049,0.99155444,0.99849296,0.81859183
6653,0.7643643,0.72661966,0.9986646,0.99783427,0.9396923
6654,0.7647159,0.618838,0.9900636,0.997285,0.6575384
6655,0.8494724,0.6623598,0.9994766,0.99459416,0.8085212
6656,0.96432143,0.7895584,0.9983386,0.99860066,0.7898827
6657,0.74576885,0.7648916,0.9988575,0.9987356,0.7558173
6658,0.7309625,0.6002469,0.9986594,0.9801293,0.79310596
6659,0.96879715,0.70831347,0.9992053,0.9976769,0.89805347
6660,0.6735139,0.38306415,0.9983707,0.9991441,0.9511422
6661,0.7329743,0.6547844,0.9982109,0.967225,0.48154527
6662,0.93651766,0.30136204,0.9990226,0.9973786,0.8912444
6663,0.8838389,0.76454014,0.99346113,0.9964064,0.967225
6664,0.7789858,0.88759494,0.9990188,0.9957188,0.9429286
6665,0.81844676,0.7189892,0.99864894,0.997358,0.937783
6666,0.8866169,0.33003917,0.9994493,0.99390244,0.62406445
6667,0.94417685,0.86048645,0.997285,0.98481095,0.85318035
6668,0.91505283,0.6797104,0.9995523,0.98799264,0.9309621
6669,0.8802834,0.7077078,0.99135584,0.9859904,0.78116375
6670,0.9374402,0.7962924,0.9928509,0.9970765,0.78116375
6671,0.7213508,0.69118476,0.997358,0.9975466,0.9508692
6672,0.5186833,0.88875884,0.9979888,0.99482024,0.79486305
6673,0.5591095,0.63533556,0.9979888,0.9973061,0.76171577
6674,0.9046505,0.6854233,0.99930406,0.9928509,0.93674946
6675,0.8330532,0.5333063,0.99750805,0.99632156,0.87987113
6676,0.94825053,0.7559974,0.9991991,0.99437994,0.9114953
6677,0.7514658,0.47317034,0.9942697,0.99871063,0.95759624
6678,0.8337311,0.3742188,0.9987696,0.99889696,0.89199936
6679,0.8479678,0.8269914,0.9967524,0.99863833,0.9513234
6680,0.60159355,0.37033927,0.9979652,0.9916842,0.9494823
6681,0.84695786,0.58752906,0.9975656,0.9962638,0.7496374
6682,0.8498466,0.61958635,0.99788433,0.99696034,0.6020031
6683,0.79645085,0.7851439,0.9988708,0.9952448,0.5004411
6684,0.84872156,0.6012424,0.99925333,0.9981828,0.61277324
6685,0.7490872,0.7394224,0.9981756,0.9989434,0.8352149
6686,0.6089429,0.62646705,0.9985952,0.9776285,0.87037706
6687,0.96995664,0.73077047,0.9923638,0.99876,0.7826625
6688,0.966028,0.6772606,0.997399,0.993255,0.7921428
6689,0.94910634,0.6810908,0.9918121,0.9981324,0.77881753
6690,0.74632394,0.05419873,0.9981828,0.99603915,0.83004373
6691,0.6855286,0.099120855,0.9993857,0.9992649,0.7692537
6692,0.7251623,0.16586316,0.9992237,0.9975656,0.7737297
6693,0.5920181,0.062216982,0.9962782,0.9961306,0.9056566
6694,0.81873685,0.1229438,0.9983897,0.9890976,0.87525487
6695,0.86153823,0.12189466,0.9975751,0.9974788,0.8076124
6696,0.86849254,0.22405544,0.9947391,0.9830851,0.7970834
6697,0.87966454,0.005080037,0.99668854,0.9906961,0.60568243
6698,0.18010667,0.3205022,0.99341017,0.99586606,0.9400236
6699,0.07751766,0.11377637,0.9983516,0.9984988,0.84733725
6700,0.05738754,0.16789974,0.9992237,0.99812514,0.78874594
6701,0.12315455,0.18713269,0.9987056,0.9988927,0.858837
6702,0.12689333,0.02433019,0.997285,0.9962782,0.68162084
6703,0.254787,0.09252366,0.9990854,0.9730877,0.8492225
6704,0.11818139,0.14596547,0.9981614,0.9723097,0.7003827
6705,0.091058284,0.18257122,0.9995505,0.99827933,0.9105454
6706,0.38196853,0.17483252,0.9961755,0.9942251,0.8271311
6707,0.038683496,0.40680307,0.9939964,0.99895155,0.95150405
6708,0.08225395,0.10650459,0.99696034,0.997981,0.530723
6709,0.13206616,0.5166412,0.9986853,0.9878528,0.9187722
6710,0.20946968,0.071332,0.9967775,0.9971328,0.9199307
6711,0.061649624,0.18271701,0.99256825,0.99611557,0.85034436
6712,0.5826098,0.27115518,0.9904406,0.9977216,0.96672606
6713,0.14199378,0.094176665,0.9914556,0.9951703,0.75635755
6714,0.25739157,0.047161866,0.993255,0.9879462,0.9159594
6715,0.09807933,0.074365705,0.99591404,0.9983897,0.72115445
6716,0.0946777,0.04418332,0.9809491,0.9959771,0.90174776
6717,0.199308,0.041384716,0.9930962,0.997981,0.79865825
6718,0.31299964,0.1816984,0.9860443,0.99882597,0.67168593
6719,0.3220994,0.04115289,0.9963924,0.99437994,0.87599933
6720,0.25757828,0.27757087,0.9987503,0.99779165,0.882022
6721,0.23370637,0.14792407,0.99914074,0.99895155,0.9254997
6722,0.08694165,0.46888182,0.9992505,0.99718815,0.9242787
6723,0.104294725,0.112015955,0.99890554,0.9981104,0.9175984
6724,0.24798742,0.23493282,0.99629277,0.99928755,0.7818308
6725,0.056029383,0.034036152,0.9970536,0.99633574,0.7181004
6726,0.99696034,0.13139597,0.9971328,0.99711037,0.92064714
6727,0.9979493,0.14390805,0.99857855,0.998844,0.8213309
6728,0.9998273,0.10576342,0.9972531,0.9971551,0.6662797
6729,0.99666256,0.17852582,0.9994023,0.99857855,0.26779094
6730,0.997851,0.033526164,0.99948466,0.9946359,0.43278244
6731,0.99637836,0.99943405,0.99911004,0.97262347,0.50638545
6732,0.99575186,0.9992931,0.9888419,0.990732,0.90312344
6733,0.9987207,0.99805814,0.99946636,0.9949397,0.8253083
6734,0.9979007,0.99758446,0.997981,0.9835338,0.7523766
6735,0.9978258,0.9970879,0.9958175,0.99664956,0.54371136
6736,0.998784,0.99861145,0.9982522,0.99719906,0.5880614
6737,0.99401975,0.9990601,0.9914225,0.99248135,0.68626493
6738,0.997459,0.9970536,0.9996594,0.9916196,0.24166831
6739,0.99635005,0.9967397,0.9979966,0.9843364,0.43644187
6740,0.99668854,0.9986749,0.99942744,0.9890131,0.62234455
6741,0.99444515,0.99690056,0.998345,0.9984452,0.14366761
6742,0.99718815,0.9985952,0.99575186,0.99193794,0.19223589
6743,0.99850464,0.9980276,0.98975134,0.97986126,0.07423137
6744,0.99849296,0.9983834,0.99858415,0.9991204,0.07935289
6745,0.9961004,0.9920312,0.997459,0.9995197,0.2109288
6746,0.9907678,0.9943581,0.99696034,0.9993487,0.32359383
6747,0.99486035,0.9994429,0.9744834,0.99903405,0.34886694
6748,0.9840936,0.9992592,0.9955662,0.99457306,0.2748377
6749,0.9974491,0.9939731,0.9988028,0.9975751,0.41774645
6750,0.99390244,0.99184376,0.99832565,0.99857855,0.27347738
6751,0.99871063,0.9977569,0.9958175,0.99566853,0.28967303
6752,0.997981,0.99184376,0.9976126,0.99644804,0.06681232
6753,0.99021614,0.9974291,0.99687636,0.9885804,0.1133831
6754,0.9982658,0.9948803,0.9975656,0.9985392,0.42787477
6755,0.9986802,0.9916196,0.9957188,0.9910493,0.43062615
6756,0.99789256,0.9949397,0.9906961,0.994615,0.1665398
6757,0.99690056,0.98771137,0.9984145,0.9979493,0.08819004
6758,0.99732697,0.997285,0.9893063,0.9963924,0.037538007
6759,0.999071,0.99856746,0.9737945,0.98913974,0.09842541
6760,0.9981756,0.9928231,0.99931216,0.9725193,0.09334688
6761,0.99094474,0.9954615,0.9923044,0.9981541,0.14608724
6762,0.99970406,0.9966365,0.9961755,0.98427594,0.33209375
6763,0.9986802,0.9947187,0.9986646,0.9932288,0.14730969
6764,0.9991272,0.9766692,0.9922444,0.9888419,0.14829372
6765,0.9966365,0.9975466,0.99857306,0.9596866,0.12951279
6766,0.99893504,0.9988028,0.9983321,0.9961755,0.15533456
6767,0.99666256,0.99866986,0.9987257,0.97644573,0.123471275
6768,0.9985104,0.99346113,0.99879813,0.9943141,0.54301476
6769,0.99843913,0.99596137,0.98327893,0.9951325,0.37593555
6770,0.99528164,0.99727446,0.00033015272,0.99135584,0.3752485
6771,0.99903786,0.99824536,0.006463138,0.9887554,0.13352817
6772,0.9922144,0.998147,0.001284308,0.98625773,0.27270192
6773,0.9952632,0.9974191,0.00072365726,0.9933072,0.26340988
6774,0.9960238,0.9985562,0.00030061635,0.9850429,0.102844074
6775,0.99771273,0.9935369,0.00012339458,0.99648935,0.33241877
6776,0.99128854,0.9992387,0.00026119032,0.9937588,0.08021325
6777,0.999015,0.9993538,0.00035006859,0.99688846,0.13161905
6778,0.9975656,0.9991768,0.00081993215,0.9960238,0.04232459
6779,0.9987005,0.9993175,0.0010162441,0.9946568,0.1462091
6780,0.9953904,0.99727446,0.0010987311,0.9971771,0.03302355
6781,0.99723166,0.99732697,0.0013250224,0.9992563,0.98314995
6782,0.99837697,0.99849296,0.002472623,0.9987056,0.99242276
6783,0.9973477,0.9992446,0.0030396497,0.9988213,0.99605453
6784,0.9976311,0.99762183,0.0005152657,0.9984633,0.99528164
6785,0.9967013,0.9979652,0.0023504829,0.9988883,0.98521465
6786,0.99927634,0.9839091,0.00022341637,0.99647564,0.98155975
6787,0.9957684,0.99918646,0.0002287133,0.99801993,0.99762183
6788,0.9951137,0.99522626,0.00044595622,0.99886644,0.9976949
6789,0.99915075,0.99827933,0.0001535624,0.9965837,0.9860443
6790,0.9948403,0.99378294,0.00017813111,0.99603915,0.9984812
6791,0.99860066,0.99620515,0.0024822769,0.9967524,0.9988796
6792,0.9989392,0.9657707,0.00074953143,0.99664956,0.99694854
6793,0.99740905,0.9986223,0.0013406203,0.9988752,0.99227446
6794,0.9780936,0.998147,0.00014425986,0.998147,0.9948803
6795,0.99918324,0.9980354,0.0005703157,0.98544043,0.98054343
6796,0.9964619,0.99279517,0.00035557945,0.9952448,0.9908744
6797,0.99553156,0.9979572,0.0004691764,0.9784671,0.99002504
6798,0.9964342,0.9977393,0.0002287133,0.9989225,0.9951325
6799,0.9959771,0.998487,4.1013736e-05,0.99896777,0.9774571
6800,0.9979888,0.99921453,5.307508e-05,0.9977743,0.9793935
6801,0.99420255,0.99851626,0.00014883849,0.99583375,0.9585377
6802,0.9987257,0.99947864,0.0008693674,0.9984022,0.9809856
6803,0.9984452,0.99971753,0.00052133633,0.9967269,0.99724233
6804,0.995037,0.99696034,0.0016613906,0.9980354,0.99693656
6805,0.9975656,0.9991768,0.0003668626,0.9978677,0.9924521
6806,0.9960083,0.9956346,0.001867566,0.9980045,0.9598375
6807,0.99773055,0.9874236,7.543321e-05,0.9971661,0.9900636
6808,0.9982658,0.98498523,0.0010691263,0.9857729,0.9526623
6809,0.99586606,0.99420255,0.00026947918,0.9967649,0.9957684
6810,0.9991704,0.9993687,0.0007096704,0.99621993,0.9692078
6811,0.9979966,0.99630713,0.0007947255,0.9975656,0.9965837
6812,0.997917,0.9973374,0.0001823546,0.99544394,0.9869795
6813,0.99758446,0.99518895,0.00030061635,0.9975751,0.9832145
6814,0.9961903,0.9977743,0.0015731122,0.9739932,0.9889705
6815,0.99729556,0.99776566,0.00015720345,0.99858415,0.9976859
6816,0.99528164,0.99862766,0.0023781238,0.99720997,0.99279517
6817,0.9939731,0.99394965,0.0007350449,0.9982658,0.99444515
6818,0.9988167,0.9970536,0.00198004,0.98803884,0.97423947
6819,0.99444515,0.9980122,0.0009547317,0.9932811,0.9957684
6820,0.99611557,0.9968149,0.0016941031,0.9985104,0.9963924
6821,0.9986594,0.99909246,0.00020502214,0.99776566,0.99165195
6822,0.998345,0.99921143,0.8687154,0.9775,0.99455196
6823,0.99722075,0.99828595,0.9480585,0.9938788,0.9946359
6824,0.993807,0.99686414,0.8079157,0.9825575,0.97246706
6825,0.9981969,0.9960699,0.883236,0.9828892,0.9786719
6826,0.99635005,0.9971439,0.8578872,0.9969246,0.9785903
6827,0.9987405,0.99860066,0.90681833,0.97023994,0.98046875
6828,0.997783,0.99984026,0.4397173,0.9893063,0.97246706
6829,0.9996458,0.9989225,0.88263035,0.9973888,0.99010193
6830,0.9996923,0.9975274,0.9159594,0.9980732,0.9951137
6831,0.998259,0.9972531,0.9223426,0.994292,0.99209267
6832,0.99879336,0.9887554,0.88263035,0.9863105,0.994089
6833,0.9997305,0.9930153,0.6303436,0.99648935,0.9889705
6834,0.99849296,0.9931496,0.8866169,0.9970073,0.93306583
6835,0.98327893,0.98971164,0.8964329,0.9987207,0.9832145
6836,0.99783427,0.99722075,0.7783125,0.99373454,0.9599126
6837,0.9951514,0.99457306,0.76171577,0.9932288,0.9957684
6838,0.9875683,0.9976586,0.7829945,0.9980506,0.9977743
6839,0.9747251,0.987375,0.9658352,0.9951703,0.9914887
6840,0.9939731,0.9947187,0.88582915,0.98677725,0.9572778
6841,0.9964204,0.9969246,0.9267028,0.99580115,0.96891505
6842,0.99014014,0.99720997,0.7538293,0.9988028,0.98934746
6843,0.99861693,0.9943141,0.9633687,0.99804294,0.9766692
6844,0.9957684,0.9729338,0.9253649,0.9957684,0.9962782
6845,0.9877587,0.99575186,0.5223545,0.9901782,0.9829547
6846,0.994292,0.9843364,0.80162543,0.9873262,0.9861514
6847,0.9943581,0.99827254,0.91181,0.0015978456,0.997537
6848,0.99155444,0.9756698,0.9384633,0.00042720788,0.9970073
6849,0.9991135,0.99647564,0.9535353,0.00078854576,0.9982317
6850,0.9981828,0.993255,0.9429286,0.00015720345,0.9913223
6851,0.99797314,0.997783,0.9129032,0.0031850608,0.9452985
6852,0.9979007,0.9971661,0.79085356,0.00042554305,0.99518895
6853,0.9965837,0.99486035,0.6083614,0.00036259004,0.9513234
6854,0.9954791,0.99351174,0.74316794,0.0008263576,0.950503
6855,0.99242276,0.9972531,0.94509614,0.00042058743,0.99346113
6856,0.9986594,0.999049,0.72301626,0.0012743262,0.97711015
6857,0.99845123,0.99916387,0.9348725,0.0006745559,0.9967524
6858,0.9965166,0.9949397,0.9462997,0.00096975197,0.98498523
6859,0.99801993,0.9974885,0.8889517,0.0022083889,0.9686196
6860,0.997537,0.999089,0.8543993,0.0012994275,0.9797065
6861,0.9961306,0.99729556,0.76960015,0.00042887923,0.9853843
6862,0.998487,0.9939261,0.906156,0.00023968685,0.98123896
6863,0.9994407,0.9983707,0.90515476,0.0019117695,0.97246706
6864,0.9850429,0.97423947,0.9500415,0.00046371284,0.9961004
6865,0.9978002,0.9930962,0.94610083,0.0027469008,0.992597
6866,0.9967269,0.99836427,0.86339164,0.00012731104,0.99544394
6867,0.9991991,0.99394965,0.95473194,0.00071244594,0.9725715
6868,0.99759394,0.9940659,0.75725627,0.00074370287,0.99723166
6869,0.9988531,0.9940659,0.81227237,0.0020911063,0.993807
6870,0.996557,0.98677725,0.9666002,0.0017073674,0.9881309
6871,0.9981104,0.9988883,0.9444849,0.0005747862,0.9756698
6872,0.9976311,0.9853843,0.9285385,0.00091819005,0.9054896
6873,0.99760324,0.9988796,0.6143362,0.0009927262,0.9839708
6874,0.99928194,0.9975466,0.9092645,0.0006851713,0.98646784
6875,0.9960083,0.99568534,0.9046505,7.0863265e-05,0.9634375
6876,0.9974491,0.9979572,0.950411,0.0008559007,0.98215127
6877,0.99683964,0.9989183,0.6322757,0.0005092657,0.9954261
6878,0.9971439,0.9885804,0.9020933,0.00083935994,0.9971439
6879,0.99773055,0.9967524,0.94957596,0.00011235328,0.9803562
6880,0.9950177,0.99693656,0.94815457,0.0008040859,0.9758546
6881,0.99746895,0.99896777,0.891811,0.00045297583,0.98235554
6882,0.9979493,0.9982317,0.91228,0.0013885233,0.98486924
6883,0.9979652,0.992597,0.7541916,0.0010162441,0.98975134
6884,0.9994023,0.9996923,0.8039445,0.0007643033,0.9871788
6885,0.9985221,0.99961853,0.6819386,0.0004156895,0.98378503
6886,0.9883128,0.998345,0.9231778,0.00027803096,0.9807288
6887,0.9987696,0.9953181,0.75725627,0.00044421837,0.992062
6888,0.9990996,0.9931496,0.9559813,0.00042058743,0.9759464
6889,0.99711037,0.99591404,0.83894384,0.0009622126,0.9875683
6890,0.99839586,0.9977743,0.57373816,0.001957017,0.94509614
6891,0.99760324,0.99816847,0.98582757,0.0006487308,0.98866826
6892,0.99664956,0.9960699,0.9658996,0.0006436856,0.99047756
6893,0.9939964,0.9971551,0.8010035,0.7953404,0.9724148
6894,0.9987649,0.99906737,0.8311431,0.80486643,0.93033177
6895,0.9985506,0.99698395,0.9911868,0.9568766,0.9927672
6896,0.9962346,0.99808073,0.9152046,0.7514658,0.9849274
6897,0.996597,0.99749833,0.9480585,0.7592254,0.9487276
6898,0.9953544,0.9972531,0.8929365,0.9466954,0.97719735
6899,0.9983125,0.0007041516,0.90665317,0.86993575,0.9747251
6900,0.997065,0.0003029734,0.5926077,0.89947516,0.9878528
6901,0.9961755,0.0009966077,0.8234704,0.97369474,0.9688562
6902,0.9990452,0.00017536995,0.6077796,0.97966766,0.9293122
6903,0.9976311,0.00078854576,0.93991333,0.85536855,0.97112906
6904,0.9981324,0.00022516825,0.62646705,0.936285,0.9965301
6905,0.99847525,0.00078547397,0.91006696,0.94208187,0.9982039
6906,0.992597,0.00015598028,0.7973991,0.50365824,0.9944666
6907,0.0011649561,0.0008899655,0.6934729,0.91550726,0.99603915
6908,0.00060945016,0.0005442133,0.7772999,0.8984106,0.9801673
6909,0.0011160142,0.00017674513,0.86904925,0.9542227,0.984516
6910,0.0012399962,0.0010649627,0.7641884,0.81047887,0.9984452
6911,0.0025509123,9.915273e-05,0.75689703,0.82161736,0.97134733
6912,0.0024822769,0.0016809418,0.7733876,0.81815636,0.9905143
6913,0.00047470425,0.004792317,0.9478657,0.64690644,0.98646784
6914,0.0032858334,0.0005152657,0.90878,0.7468782,0.9678993
6915,0.00020502214,0.0016166499,0.88759494,0.9466954,0.98625773
6916,0.00023050673,0.0006615174,0.9005298,0.9466954,0.9899476
6917,0.0005152657,0.0024060889,0.88778967,0.8037906,0.99818975
6918,0.0011291547,0.00027803096,0.82460326,0.89312315,0.936285
6919,0.0006166297,0.0006487308,0.90312344,0.78464925,0.9857729
6920,0.00042388475,0.00069054146,0.9532751,0.94901186,0.9912209
6921,0.00042887923,0.0001634647,0.9284088,0.7601169,0.9694401
6922,0.00052542303,0.0005132579,0.879043,0.83534926,0.9193534
6923,0.0018243829,0.0006436856,0.90894175,0.84581506,0.9775
6924,0.0013511209,0.00019411318,0.8862236,0.9314625,0.9839091
6925,0.001477943,0.00092538487,0.9175984,0.7570767,0.9949397
6926,0.0003125878,0.00029137006,0.8373541,0.88018054,0.9750598
6927,0.00050333556,0.0011116682,0.9020933,0.921499,0.99351174
6928,0.00041084853,0.00096975197,0.9765801,0.9167081,0.93913656
6929,0.00053369283,0.0017961492,0.9452985,0.8795612,0.9972638
6930,0.00035419365,0.0002098831,0.8688268,0.82782817,0.98913974
6931,0.00081038737,0.0003275843,0.8677098,0.67308426,0.9952632
6932,0.001032231,0.0033897832,0.8992984,0.8398654,0.9718326
6933,0.00035143827,0.000118667966,0.9092645,0.9522199,0.99469805
6934,0.0028671585,0.0005953407,0.8230441,0.8984106,0.9910493
6935,0.0008263576,0.0006589401,0.88700897,0.9719393,0.9981541
6936,0.0014437558,0.00042720788,0.9817707,0.92093205,0.99635005
6937,0.00044945232,0.00023050673,0.921499,0.7902067,0.97706646
6938,0.00025315638,0.0009547317,0.60632366,0.8814109,0.9879462
6939,0.0046095722,6.2050494e-05,0.6009497,0.8720208,0.9900636
6940,0.0005193049,0.0011649561,0.7676898,0.67779404,0.9816304
6941,0.0012743262,5.7387595e-05,0.6016521,0.75904685,0.9873262
6942,0.0009850083,5.874842e-05,0.56745726,0.81449586,0.97958976
6943,0.0016743992,0.9787533,0.8042522,0.7151257,0.9840936
6944,0.0007069056,0.8709269,0.647018,0.83237296,0.9885804
6945,0.8358858,0.92762595,0.85693204,0.9390248,0.98228765
6946,0.891811,0.744842,0.83682144,0.89312315,0.989791
6947,0.78727776,0.8269914,0.75346667,0.84645087,0.9743861
6948,0.9324533,0.8671483,0.8221891,0.9034647,0.9813107
6949,0.96329963,0.906156,0.8709269,0.8822251,0.98955137
6950,0.8071568,0.8101787,0.86849254,0.9433476,0.98065484
6951,0.8221891,0.9305845,0.91730267,0.75904685,0.9987888
6952,0.9184803,0.6586371,0.8524448,0.95945925,0.99832565
6953,0.6548947,0.8702668,0.7394224,0.6930576,0.95751673
6954,0.87652874,0.9678385,0.7995989,0.90000373,0.9982993
6955,0.95814794,0.8949732,0.8740772,0.5642185,0.9762654
6956,0.7704648,0.6687721,0.9937588,0.8103289,0.8962514
6957,0.89805347,0.729327,0.91978675,0.9005298,0.90665317
6958,0.86281466,0.83761996,0.9638481,0.8978745,0.997065
6959,0.938576,0.7547343,0.9227612,0.84247476,0.9341553
6960,0.57707834,0.53108776,0.9079672,0.952131,0.95013416
6961,0.86613256,0.68130285,0.990732,0.8000679,0.9841546
6962,0.8568123,0.8409133,0.9219218,0.9158089,0.99378294
6963,0.9020933,0.52472955,0.8518296,0.84221536,0.9881765
6964,0.8889517,0.60077405,0.95068645,0.84872156,0.9887554
6965,0.57403666,0.8478418,0.93318766,0.75292206,0.9053223
6966,0.95150405,0.7501869,0.98166555,0.8587186,0.952131
6967,0.94957596,0.7778066,0.8716935,0.6563279,0.98955137
6968,0.9639839,0.4208971,0.94966936,0.7682119,0.9486325
6969,0.8451773,0.412471,0.90295243,0.787768,0.9887988
6970,0.8736466,0.8156734,0.9787533,0.7923036,0.9846347
6971,0.9242787,0.56040305,0.83128005,0.93463415,0.0004390453
6972,0.91398406,0.66530186,0.7392342,0.7424217,0.00084924564
6973,0.5804115,0.69097626,0.9493885,0.55154353,0.0008899655
6974,0.6677979,0.83775276,0.90515476,0.8797679,0.00015843622
6975,0.53673786,0.7433543,0.93195957,0.7310586,0.00049747445
6976,0.90515476,0.6689884,0.91700584,0.84273374,0.0003982131
6977,0.91367656,0.7783125,0.920218,0.8230441,0.00074661145
6978,0.85318035,0.8168451,0.84834504,0.92956835,0.0013511209
6979,0.97068775,0.84038997,0.77848095,0.92696756,0.00074661145
6980,0.92206234,0.93558234,0.91181,0.8733229,0.0003029734
6981,0.8040984,0.5822535,0.8656789,0.89423656,0.0014103585
6982,0.8440237,0.9073123,0.9383503,0.8025555,0.00020184422
6983,0.6453435,0.84581506,0.8740772,0.8494724,4.908662e-05
6984,0.8523219,0.7921428,0.95275027,0.78133065,0.00047101185
6985,0.82275945,0.83250916,0.9384633,0.91565824,0.00050333556
6986,0.93581736,0.86293024,0.93698055,0.96073127,0.00033535014
6987,0.88582915,0.8949732,0.8906752,0.952131,0.00012931564
6988,0.47671667,0.9462003,0.9107044,0.73028994,0.00079783343
6989,0.78825736,0.6541219,0.852199,0.6426568,0.00024346048
6990,0.7923036,0.840259,0.81640637,0.89442116,0.00039204178
6991,0.9130583,0.7801604,0.97675806,0.91730267,0.00026530237
6992,0.84758973,0.75868946,0.96203625,0.7745834,0.00047285444
6993,0.8600169,0.70416015,0.93108755,0.828523,0.00020027377
6994,0.6686639,0.31636927,0.92007446,0.75868946,0.00042388475
6995,0.9223426,0.89733595,0.95150405,0.5480688,0.0027576224
6996,0.84376645,0.77081,0.97608364,0.54437757,0.0079997545
6997,0.6855286,0.8548847,0.82810634,0.8370879,0.00402291
6998,0.93913656,0.8217605,0.9486325,0.86759764,0.0002824081
6999,0.9237301,0.79182106,0.96926606,0.8964329,0.0004322415
7000,0.78032786,0.8338664,0.8893368,0.4292499,0.000310156
7001,0.9425068,0.8512122,0.9462997,0.84247476,0.0014437558
7002,0.76942694,0.8005361,0.9598375,0.8244619,0.0016613906
7003,0.9626028,0.6907677,0.6556668,0.5911333,0.0015669889
7004,0.9005298,0.86431044,0.96309197,0.3617282,0.0042315875
7005,0.97068775,0.9405718,0.856092,0.6617043,0.0005571117
7006,0.9352283,0.8345418,0.8053262,0.64119774,0.0002098831
7007,0.5861083,0.3988161,0.94844174,0.8656789,0.00011591935
7008,0.73810315,0.57660156,0.9596866,0.7967673,0.00025714198
7009,0.8119744,0.4164406,0.9561454,0.84504944,0.00053578056
7010,0.87883514,0.45959154,0.93558234,0.84594244,9.028039e-05
7011,0.8583628,0.7709825,0.9639839,0.93379396,0.00017674513
7012,0.94844174,0.95976204,0.87779135,0.9688562,0.0019342611
7013,0.7718435,0.9267028,0.9522199,0.8321002,0.00057929166
7014,0.8388118,0.89533985,0.9531008,0.93463415,0.0009362828
7015,0.9572778,0.58918464,0.79036856,0.86613256,0.8183016
7016,0.6977119,0.80286485,0.9378969,0.78116375,0.86522406
7017,0.6978149,0.87212974,0.97997653,0.91212356,0.9364014
7018,0.6931614,0.73335636,0.9382373,0.9683214,0.86165464
7019,0.85931,0.7985012,0.7856377,0.82949203,0.9680205
7020,0.8800775,0.6213112,0.8512122,0.9513234,0.8881781
7021,0.81286734,0.22781274,0.86916035,0.7900447,0.9335521
7022,0.92107415,0.7397986,0.88018054,0.5818378,0.7507356
7023,0.97267544,0.9073123,0.91117966,0.91398406,0.84594244
7024,0.8050198,0.8044059,0.83155376,0.48308447,0.9579909
7025,0.8365546,0.7426084,0.8834373,0.9403531,0.8489722
7026,0.8530579,0.66443145,0.9822196,0.83196384,0.8834373
7027,0.93558234,0.94796216,0.97792566,0.86223567,0.96753323
7028,0.8933094,0.7602949,0.79390603,0.74816835,0.90681833
7029,0.8596637,0.7839885,0.9641868,0.8206132,0.8468312
7030,0.42620215,0.8663589,0.9375548,0.840259,0.90295243
7031,0.68098474,0.97339284,0.91700584,0.8868131,0.90414387
7032,0.50104713,0.8678218,0.9193534,0.7574357,0.7232117
7033,0.8558512,0.75346667,0.86748546,0.9323302,0.6517983
7034,0.56427854,0.56847566,0.93569994,0.9260366,0.7285552
7035,0.7862948,0.62440807,0.96160597,0.9664738,0.96189344
7036,0.6788595,0.5240446,0.9329437,0.8906752,0.77407146
7037,0.765418,0.18242553,0.8290773,0.44634387,0.4608348
7038,0.7821637,0.77390057,0.97800976,0.7523766,0.6253237
7039,0.8975158,0.54210585,0.80942667,0.40162915,0.9113377
7040,0.70740473,0.6213686,0.9003547,0.88563144,0.94261247
7041,0.7685595,0.6445608,0.8594279,0.7988153,0.87037706
7042,0.79865825,0.35812855,0.91383046,0.90000373,0.8872046
7043,0.71253234,0.8394709,0.8366881,0.6663882,0.953188
7044,0.83575183,0.7426084,0.70385486,0.91274774,0.6253237
7045,0.7507356,0.49921227,0.8984106,0.86522406,0.93732566
7046,0.84619683,0.69657785,0.94699025,0.54089355,0.9498557
7047,0.8149381,0.89552265,0.89312315,0.761893,0.9474783
7048,0.7647159,0.888372,0.92956835,0.84504944,0.8749346
7049,0.6931614,0.9591543,0.88543355,0.8089744,0.9448931
7050,0.8500957,0.9631613,0.9520419,0.9364014,0.95068645
7051,0.91413754,0.9630224,0.7970834,0.83004373,0.9514138
7052,0.45377618,0.9272316,0.7762839,0.828523,0.96080494
7053,0.9014011,0.51686984,0.9142907,0.5675771,0.73411953
7054,0.8668104,0.9302051,0.868938,0.89029425,0.68763
7055,0.9147487,0.32562774,0.69945973,0.88856554,0.93171144
7056,0.8800775,0.59825355,0.9411153,0.8645393,0.8547634
7057,0.91949815,0.89552265,0.6692046,0.8200375,0.7796575
7058,0.8533026,0.6136418,0.6714706,0.9119669,0.7779754
7059,0.9540518,0.9296961,0.4656001,0.936285,0.6782204
7060,0.7796575,0.93980294,0.9078038,0.9700135,0.95861524
7061,0.83128005,0.6036398,0.9130583,0.883236,0.9342753
7062,0.83999664,0.81508535,0.7992857,0.9617499,0.70851517
7063,0.8800775,0.7718435,0.8632764,0.7392342,0.8976953
7064,0.86499614,0.96102494,0.7367796,0.9237301,0.8251675
7065,0.8933094,0.6315943,0.96641046,0.92468774,0.86223567
7066,0.81582016,0.89947516,0.9403531,0.7052778,0.8031738
7067,0.88856554,0.7764535,0.9213576,0.9158089,0.7426084
7068,0.92290026,0.80084777,0.8156734,0.46523565,0.6257812
7069,0.7699463,0.8153795,0.9260366,0.8493474,0.6803479
7070,0.9576754,0.97684664,0.86130506,0.93686515,0.828523
7071,0.6220577,0.7523766,0.87386215,0.9589241,0.94796216
7072,0.95473194,0.91565824,0.80639565,0.8305941,0.8326453
7073,0.7689067,0.6298884,0.8814109,0.65246284,0.8794577
7074,0.8255897,0.7465088,0.7764535,0.90105337,0.94757545
7075,0.91102153,0.7977145,0.90747637,0.7613611,0.91398406
7076,0.87652874,0.7028361,0.95998776,0.90894175,0.8938666
7077,0.86703575,0.7472472,0.8092759,0.8767399,0.7783125
7078,0.71153116,0.78613067,0.98707944,0.8694931,0.86165464
7079,0.92064714,0.6206791,0.9872773,0.6677979,0.85931
7080,0.6145675,0.5827285,0.90747637,0.9626028,0.7668179
7081,0.8711464,0.50990164,0.77848095,0.888372,0.71143085
7082,0.9434519,0.7801604,0.8949732,0.9647889,0.8822251
7083,0.8523219,0.8694931,0.8908652,0.97354424,0.8224745
7084,0.9263037,0.9777139,0.87212974,0.91920847,0.9181873
7085,0.78727776,0.8031738,0.6219428,0.9431384,0.9130583
7086,0.8106289,0.96028674,0.93569994,0.82417905,0.87472075
7087,0.906156,0.7068991,0.92107415,0.8600169,0.9020933
7088,0.9487276,0.8198933,0.8895288,0.6631238,0.8100285
7089,0.9181873,0.5687153,0.97903574,0.9486325,0.64779824
7090,0.82375413,0.93071055,0.9773276,0.9596866,0.9375548
7091,0.8967949,0.39963588,0.9193534,0.7874412,0.97711015
7092,0.67608553,0.787768,0.84260434,0.8822251,0.82460326
7093,0.96102494,0.84594244,0.92775697,0.5278337,0.84619683
7094,0.8707073,0.70058763,0.95961094,0.92064714,0.7643643
7095,0.9791557,0.8191712,0.9850429,0.9217811,0.7576151
7096,0.93257624,0.8524448,0.9859364,0.9534488,0.80700475
7097,0.89533985,0.8080672,0.8872046,0.93306583,0.74853617
7098,0.9635748,0.8632764,0.87966454,0.8923751,0.8893368
7099,0.9015746,0.92590266,0.87396973,0.6670392,0.42769548
7100,0.9662198,0.9633687,0.86153823,0.94458723,0.76559335
7101,0.9704086,0.7701192,0.93379396,0.8873999,0.7985012
7102,0.9199307,0.9546474,0.9630224,0.90582335,0.70942193
7103,0.9341553,0.96544635,0.9180404,0.90312344,0.74927074
7104,0.9374402,0.91274774,0.93220687,0.9305845,0.79198194
7105,0.852199,0.87514824,0.9240048,0.82587075,0.74298155
7106,0.89274967,0.906156,0.9019207,0.91398406,0.85034436
7107,0.5825504,0.7744129,0.9492946,0.9680808,0.65588725
7108,0.938576,0.96432143,0.59343255,0.5853382,0.72301626
7109,0.8864204,0.8311431,0.967163,0.6271523,0.95783347
7110,0.9403531,0.86083776,0.874292,0.9685601,0.9378969
7111,0.9716717,0.9333094,0.8100285,0.7401744,0.702938
7112,0.45737904,0.75725627,0.9637117,0.8655654,0.77029204
7113,0.84363765,0.77814394,0.91565824,0.7472472,0.9508692
7114,0.70942193,0.7240906,0.9517737,0.9583042,0.90105337
7115,0.9474783,0.9526623,0.9868281,0.8517063,0.80286485
7116,0.84428066,0.9576754,0.92788786,0.8653379,0.9053223
7117,0.91655886,0.6444489,0.8393393,0.7633074,0.8100285
7118,0.7588682,0.71183175,0.93403506,0.5305253,0.8698252
7119,0.83682144,0.57791233,0.8726732,0.9380106,0.94427973
7120,0.61474097,0.6444489,0.45483533,0.93220687,0.9603612
7121,0.9145963,0.92762595,0.9762654,0.90312344,0.87966454
7122,0.9659639,0.8610715,0.94068086,0.86385167,0.86130506
7123,0.9427181,0.9382373,0.85415626,0.91565824,0.9621787
7124,0.96814114,0.52555144,0.9604354,0.95159405,0.79581684
7125,0.97324073,0.8155265,0.9437636,0.7478001,0.7424217
7126,0.91352236,0.7371582,0.8797679,0.87191176,0.936285
7127,0.8700462,0.95998776,0.741674,0.607605,0.9500415
7128,0.9718859,0.88543355,0.96995664,0.8468312,0.80115914
7129,0.9549004,0.9254997,0.96544635,0.9730365,0.87418467
7130,0.9380106,0.9180404,0.9234544,0.9851003,0.56859547
7131,0.92827886,0.69368047,0.9014011,0.97052056,0.7699463
7132,0.9487276,0.89823216,0.8177201,0.9685601,0.93108755
7133,0.96909106,0.84834504,0.95473194,0.8795612,0.9224824
7134,0.9390248,0.8477158,0.9092645,0.9205043,0.79454446
7135,0.8449215,0.929951,0.9024378,0.8713654,0.9224824
7136,0.91259205,0.9393595,4.264747e-05,0.4675141,0.4874904
7137,0.7182981,0.8812066,0.00029137006,0.8934954,0.8735388
7138,0.81390494,0.92262185,0.00021318757,0.7851439,0.8818186
7139,0.9116528,0.9413314,0.0006436856,0.6490227,0.9405718
7140,0.7980295,0.85717136,0.00027372167,0.8236123,0.9765801
7141,0.9540518,0.8908652,0.0008899655,0.82782817,0.9432431
7142,0.9024378,0.91181,0.0002216781,0.8850366,0.9494823
7143,0.89256257,0.8449215,0.0003366622,0.91022676,0.7668179
7144,0.9361684,0.96653706,0.0014721896,0.8177201,0.8136089
7145,0.917746,0.70578504,0.00039511538,0.6959583,0.8687154
7146,0.7947038,0.8247444,0.0006190417,0.6247515,0.5630176
7147,0.89460546,0.84859616,5.9209164e-05,0.7345006,0.8899121
7148,0.51038975,0.8535469,0.00078241405,0.4886342,0.8171371
7149,0.8722386,0.9396923,0.00016474655,0.74871993,0.86396646
7150,0.87514824,0.9558166,0.00030534892,0.9552357,0.89010334
7151,0.82147413,0.9407897,0.00038747612,0.9771538,0.8518296
7152,0.81316423,0.8720208,0.00052133633,0.8828326,0.9280184
7153,0.9432431,0.79613405,0.00072932884,0.92696756,0.84959716
7154,0.9650533,0.8465777,0.0005072813,0.89274967,0.96131647
7155,0.88778967,0.953188,0.0014048677,0.84859616,0.9443824
7156,0.95589906,0.8057851,0.0005636751,0.9092645,0.82741016
7157,0.86408126,0.883236,0.000965975,0.7889086,0.96879715
7158,0.9396923,0.86188734,0.002693914,0.92905515,0.9186264
7159,0.9672869,0.6721165,0.0006798429,0.90295243,0.98871195
7160,0.8290773,0.98134655,7.905304e-05,0.8621197,0.8879841
7161,0.87831426,0.89218736,0.00038147115,0.7554566,0.92683524
7162,0.9353465,0.94197524,4.7949583e-05,0.8106289,0.8631611
7163,0.983343,0.7727022,0.0010525686,0.9432431,0.93686515
7164,0.8493474,0.8537909,0.0010817152,0.94767237,0.754915
7165,0.97112906,0.89858866,0.00028021098,0.7898827,0.8716935
7166,0.88543355,0.58070874,0.00019563535,0.88463867,0.98365986
7167,0.9284088,0.9107044,0.00016997529,0.8967949,0.8768455
7168,0.8449215,0.72535694,0.00049168157,0.8984106,0.8348113
7169,0.9675945,0.5826098,0.000720838,0.90632194,0.86545163
7170,0.9653158,0.8467045,0.00026119032,0.9032942,0.9324533
7171,0.9645224,0.8482194,0.001455063,0.8213309,0.9320833
7172,0.858244,0.5665582,0.0006023541,0.8708172,0.91715443
7173,0.88100195,0.76942694,0.00035836728,0.9049869,0.7252596
7174,0.92709976,0.86993575,0.0015978456,0.87125593,0.6784335
7175,0.8556101,0.89912134,0.0004076526,0.96232057,0.90312344
7176,0.7212526,0.8702668,0.00021318757,0.84594244,0.6705004
7177,0.93868846,0.7201715,0.0001168284,0.83250916,0.8265718
7178,0.5465264,0.937669,9.242113e-05,0.90665317,0.38254502
7179,0.89010334,0.9497627,0.0010005044,0.7940658,0.8864204
7180,0.75833166,0.94143915,0.00023782204,0.94834626,0.9056566
7181,0.8929365,0.8864204,7.843789e-05,0.87599933,0.7559974
7182,0.9635062,0.8967949,0.0005233757,0.8337311,0.95861524
7183,0.9777139,0.9024378,0.00015236755,0.9780517,0.85573065
7184,0.984516,0.93318766,0.0004897656,0.5804709,0.8978745
7185,0.99190676,0.8713654,0.0001168284,0.6461254,0.88363826
7186,0.98657167,0.7647159,0.00036829791,0.64243245,0.9314625
7187,0.96080494,0.9730365,0.00018093576,0.90515476,0.9305845
7188,0.9015746,0.6415346,0.001032231,0.9418684,0.9851003
7189,0.9097468,0.93257624,0.0017207355,0.8868131,0.70150864
7190,0.8155265,0.90105337,0.0010817152,0.6328432,0.95257413
7191,0.8763172,0.7132319,0.0007041516,0.8344069,0.9645224
7192,0.90515476,0.8607207,0.0005072813,0.93257624,0.9448931
7193,0.86188734,0.6790723,0.0003726377,0.70344764,0.92762595
7194,0.82810634,0.9284088,0.0012497094,0.76260084,0.98105836
7195,0.78825736,0.59819484,0.00044595622,0.0010362669,0.9718859
7196,0.94218844,0.4690186,0.00032250723,0.0007613258,0.79565805
7197,0.93257624,0.26798248,0.00013552078,0.00015843622,0.75635755
7198,0.9253649,0.6602819,0.0002824081,0.00028910325,0.6723317
7199,0.8828326,0.84530497,0.00028685408,0.00026947918,0.8330532
7200,0.84247476,0.73753643,5.433365e-05,0.000865981,0.9219218
7201,0.62234455,0.7776378,0.00044595622,0.00081038737,0.66137636
7202,0.9658352,0.5507886,0.00014539114,0.00092538487,0.95606345
7203,0.9644556,0.8702668,0.00042058743,0.00026119032,0.5811842
7204,0.84619683,0.8834373,0.00028021098,0.0004424873,0.93674946
7205,0.9623913,0.91891783,0.0001823546,0.00017400544,0.96609205
7206,0.96995664,0.9026096,0.0006337125,0.00053578056,0.7783125
7207,0.96765566,0.9468921,0.00018378456,0.00021152887,0.87191176
7208,0.86916035,0.74558365,0.0008761799,0.0004339325,0.9486325
7209,0.9843364,0.8554893,0.00019110432,0.0006337125,0.87472075
7210,0.78695047,0.7401744,0.00042720788,0.00024346048,0.7541916
7211,0.6130049,0.89312315,0.00038446192,0.00015476662,0.42268336
7212,0.9216402,0.86737317,0.00057929166,0.00046734812,0.9634375
7213,0.9735945,0.8393393,0.0010083435,0.00015598028,0.96295285
7214,0.9590777,0.90087914,0.0004583129,6.156764e-05,0.8822251
7215,0.909907,0.71432924,0.00032250723,0.0002824081,0.94154674
7216,0.8822251,0.5804115,0.001455063,0.002673006,0.9296961
7217,0.9758546,0.90397453,0.00019871553,0.00018093576,0.98235554
7218,0.87310666,0.9492005,0.00036543285,0.0003125878,0.6402986
7219,0.70811164,0.40115985,4.4694072e-05,0.0005953407,0.9223426
7220,0.90958625,0.7142296,0.00024536948,0.0005442133,0.9455002
7221,0.9422947,0.8474635,0.0003433,0.0010083435,0.8976953
7222,0.9657707,0.50130177,0.0006538155,0.0026419468,0.9622497
7223,0.9032942,0.9364014,0.99724233,0.00062389387,0.9015746
7224,0.95388025,0.88263035,0.98498523,0.00012339458,0.8938666
7225,0.83828294,0.87883514,0.9530133,0.00049553596,0.83761996
7226,0.9531008,0.92359227,0.9666631,0.0011424496,0.77662295
7227,0.9049869,0.84363765,0.97684664,0.00051728135,0.9617499
7228,0.93403506,0.7180016,0.9643886,0.00018093576,0.92956835
7229,0.9361684,0.81859183,0.83346015,0.003135836,0.7507356
7230,0.94834626,0.89858866,0.95506835,0.0003859661,0.7757747
7231,0.8492225,0.742048,0.83815056,0.00021152887,0.80131465
7232,0.8984106,0.9437636,0.9763557,0.00066670234,0.9064877
7233,0.9180404,0.90000373,0.89947516,0.00033535014,0.93674946
7234,0.48617908,0.9592307,0.9571178,0.00050333556,0.79310596
7235,0.9084556,0.91413754,0.93913656,0.00036400868,0.87589324
7236,0.83575183,0.93674946,0.97719735,0.00026119032,0.86350673
7237,0.9374402,0.6966811,0.93367314,0.0003982131,0.9452985
7238,0.89912134,0.79101497,0.9748691,0.00036543285,0.8908652
7239,0.9353465,0.8321002,0.9729338,0.00095101306,0.9378969
7240,0.9893063,0.66039145,0.9884919,0.0003726377,0.8307315
7241,0.8562122,0.60358137,0.88161486,0.0002846224,0.8565725
7242,0.89442116,0.9043131,0.8410439,0.0017207355,0.82261705
7243,0.8707073,0.8767399,0.96765566,0.0007643033,0.85318035
7244,0.71701187,0.5885344,0.9656413,0.00044770088,0.88582915
7245,0.94825053,0.88582915,0.97510713,0.0010566838,0.936285
7246,0.9260366,0.8581252,0.95589906,0.0016040892,0.9871788
7247,0.85452086,0.8814109,0.961678,3.734357e-05,0.9635748
7248,0.6154924,0.82375413,0.92696756,0.00011235328,0.93439513
7249,0.8092759,0.7500039,0.983343,0.00050137425,0.647018
7250,0.9203613,0.8262917,0.96425414,0.00031999825,0.8868131
7251,0.947186,0.8440237,0.98469365,0.0010987311,0.8079157
7252,0.9323302,0.6599533,0.88856554,0.0003799845,0.56799656
7253,0.9116528,0.6021786,0.91978675,0.0007321813,0.8550057
7254,0.9452985,0.00017400544,0.9293122,0.00020342697,0.8746137
7255,0.8546422,0.0010044164,0.947381,0.0003889921,0.7900447
7256,0.9046505,0.0014721896,0.9571178,0.00011147904,0.7318259
7257,0.908618,0.00033535014,0.9719393,3.5633544e-05,0.8656789
7258,0.8933094,0.0003726377,0.9537082,0.00012533752,0.8992984
7259,0.9394706,0.00015118199,0.83534926,0.00026323833,0.8482194
7260,0.6130049,0.00012436225,0.98986953,0.00033015272,0.9370958
7261,0.8103289,0.00016474655,0.98955137,0.0013777326,0.95565146
7262,0.00026530237,9.3145936e-05,0.9631613,0.0017342081,0.9820826
7263,0.0006386796,0.00020662983,0.97414124,0.00012053649,0.8293538
7264,0.0014607495,0.00042058743,0.9737447,0.00037118542,0.8621197
7265,0.0004424873,0.00027372167,0.9619649,0.0013617034,0.9697281
7266,0.00027159214,0.00056588,0.9428234,0.00052133633,0.9551521
7267,0.0006641048,8.415109e-05,0.9889705,0.00058611616,0.76942694
7268,0.00032503586,0.0003150387,0.95275027,0.00026323833,0.8286616
7269,0.00010637458,2.9773117e-05,0.984516,0.0017752605,0.88483775
7270,0.00042388475,0.00018522576,0.77814394,0.00023968685,0.90632194
7271,0.00037702857,0.00042223287,0.95473194,0.00036543285,0.94649786
7272,0.00026323833,0.0012207952,0.961171,9.610242e-05,0.9598375
7273,0.0015427324,0.00026530237,0.97838473,0.91398406,0.966347
7274,0.00042887923,5.7837664e-05,0.89552265,0.98657167,0.7981868
7275,0.00037702857,0.0006851713,0.8636218,0.9835338,0.81047887
7276,5.967352e-05,0.00078547397,0.98555213,0.93463415,0.9693822
7277,0.0004565269,9.028039e-05,0.96160597,0.9069832,0.9508692
7278,0.00066670234,0.0008626078,0.95775455,0.90174776,0.9696707
7279,0.0009735438,6.657017e-05,0.98780584,0.9260366,0.68394744
7280,0.0026522598,0.0001535624,0.9434519,0.97986126,0.96405166
7281,0.00023050673,0.00021654405,0.99366105,0.96210754,0.87997437
7282,0.0003433,0.00035836728,0.9759464,0.9820826,0.9718859
7283,0.00020662983,9.83812e-05,0.81844676,0.9667888,0.65013415
7284,0.0006959537,0.00022693386,0.96538115,0.913368,0.88483775
7285,0.00040924744,0.0002846224,0.9757161,0.96879715,0.91212356
7286,0.00048217614,5.2252268e-05,0.90747637,0.9740426,0.8523219
7287,4.03779e-05,0.0007613258,0.94767237,0.9405718,0.7892337
7288,0.0010987311,2.6897846e-05,0.961678,0.8333246,0.91321325
7289,0.0001344663,6.605215e-05,0.96102494,0.84859616,0.9032942
7290,0.0006487308,0.00083935994,0.97079873,0.91274774,0.98571813
7291,0.00059071044,0.0010649627,0.93698055,0.9651191,0.9868787
7292,0.0014103585,0.00021995338,0.8607207,0.79358625,0.9732915
7293,0.0004691764,5.1442217e-05,0.9706322,0.92892635,0.6893056
7294,0.00027159214,0.00018378456,0.936285,0.85741025,0.5779718
7295,0.0013993983,0.00058840885,0.9826909,0.7833262,0.642881
7296,0.00026119032,0.000119598575,0.9655115,0.8969756,0.9636434
7297,0.0020111583,0.00013873412,0.8850366,0.76082844,0.58266914
7298,5.6058285e-05,0.0005132579,0.91490096,0.9116528,0.8543993
7299,0.0005420927,0.0010525686,0.954393,0.69461346,0.9265699
7300,0.0001896174,0.00025915826,0.90632194,0.9324533,0.6724393
7301,9.761566e-05,0.00042223287,0.96926606,0.94610083,0.8594279
7302,0.003260346,0.00015843622,0.96518475,0.9570375,0.86025184
7303,0.00044945232,0.001044386,0.9549004,0.8822251,0.91117966
7304,0.00035697065,0.002673006,0.9787127,0.9408984,0.84758973
7305,0.00058840885,0.0005976694,0.9748691,0.8112278,0.95679593
7306,0.00042058743,0.0013831174,0.9721515,0.94699025,0.96795994
7307,0.00010975091,0.00090044667,0.96472245,0.9719925,0.9116528
7308,0.00076729245,9.610242e-05,0.9644556,0.9455002,0.0003275843
7309,0.0004339325,0.00029365462,0.985663,0.9850429,7.967301e-05
7310,0.0007096704,5.2252268e-05,0.9130583,0.9874721,0.00033797944
7311,0.00042554305,0.000110611596,0.8949732,0.9688562,0.00039051395
7312,0.00041245588,0.00035836728,0.9403531,0.96050966,0.0006436856
7313,0.001264422,0.0002098831,0.8720208,0.9646559,8.888085e-05
7314,0.0007643033,0.00024923251,0.937669,0.9670388,0.00029137006
7315,0.0018602987,0.002225671,0.9824905,0.975249,0.00012931564
7316,0.0006798429,0.0005152657,0.8409133,0.9868281,0.00023413582
7317,0.00018814208,2.8857117e-05,0.95719784,0.89256257,0.0002082501
7318,0.001107339,0.00013032975,0.7764535,0.9053223,0.000310156
7319,0.00026738262,0.0001344663,0.9430336,0.97313875,0.00039204178
7320,4.720623e-05,8.957789e-05,0.7200731,0.9807288,0.00053369283
7321,7.782753e-05,7.662102e-05,0.96378,0.9393595,0.0009146137
7322,0.00059071044,0.00051728135,0.9437636,0.93463415,0.00022693386
7323,6.0141516e-05,0.00023782204,0.966028,0.9280184,0.00015476662
7324,0.0025809042,0.0001168284,0.98340684,0.94122344,0.0003459916
7325,0.0026626128,0.0003150387,0.9710193,0.7050748,0.0006615174
7326,0.00014883849,0.0011972112,0.92290026,0.9753431,0.00027159214
7327,0.00033015272,0.00032503586,0.98588216,0.91006696,0.000101503836
7328,0.00015843622,0.00027159214,0.9890554,0.71432924,4.4346274e-05
7329,0.00065126823,0.0003150387,0.9466954,0.89606965,0.00014883849
7330,0.00041245588,0.00054847926,0.98020524,0.95806944,0.00014768039
7331,0.9725715,0.00025315638,0.9653158,0.95945925,0.000117744596
7332,0.95531917,0.00021654405,0.9939964,0.987375,0.00028910325
7333,0.98582757,0.00042388475,0.98866826,0.9458012,0.0002082501
7334,0.9712929,0.00017536995,0.90958625,0.95861524,0.00025714198
7335,0.99351174,0.0005092657,0.9674718,0.95540243,4.720623e-05
7336,0.97288233,0.00022516825,0.99002504,0.8482194,0.00017536995
7337,0.9719393,4.985958e-05,0.8716935,0.97684664,9.242113e-05
7338,0.9853279,0.00017813111,0.9284088,0.9439706,0.00019411318
7339,0.9519527,0.00022341637,0.97986126,0.95362175,6.352189e-05
7340,0.9721515,0.00049553596,0.9187722,0.63352364,0.0008231386
7341,0.9812749,0.8929365,0.9240048,0.9339146,0.00072648755
7342,0.9737447,0.88463867,0.9635062,0.96765566,9.1701964e-05
7343,0.9241418,0.9370958,0.983343,0.9234544,0.0015011822
7344,0.9348725,0.9526623,0.9937588,0.93991333,0.00024346048
7345,0.9509604,0.8530579,0.983343,0.8862236,0.0022694687
7346,0.92121595,0.98242307,0.9729338,0.9868787,0.00052133633
7347,0.97671366,0.9734938,0.97272736,0.9869795,0.0011247575
7348,0.9914887,0.9026096,0.9588471,0.979784,0.00022516825
7349,0.9851003,0.93439513,0.96995664,0.75110084,0.0002551414
7350,0.9788344,0.99108386,0.85342485,0.9056566,2.178265e-05
7351,0.96926606,0.96641046,0.9653158,0.9486325,0.00016093082
7352,0.9887988,0.9022657,0.97482115,0.9032942,0.00026119032
7353,0.88875884,0.9700135,0.97702265,0.950503,0.00057703455
7354,0.97151,0.9323302,0.9404625,0.86339164,0.00042223287
7355,0.99596137,0.5409239,0.97140163,0.92468774,0.0005152657
7356,0.93158704,0.9889705,0.90632194,0.9413314,0.00024536948
7357,0.98799264,0.8893368,0.9657707,0.97931457,0.0007069056
7358,0.9906238,0.950411,0.97354424,0.93220687,0.00021318757
7359,0.95150405,0.9339146,0.94218844,0.93980294,0.0007643033
7360,0.98555213,0.938576,0.9932025,0.8708172,0.00028685408
7361,0.9759923,0.86431044,0.9961903,0.9069832,0.000310156
7362,0.9799382,0.97622,0.97684664,0.96879715,0.001957017
7363,0.9595352,0.83682144,0.95430803,0.8866169,0.00039666123
7364,0.9390248,0.9432431,0.941007,0.81077874,0.00017536995
7365,0.9835338,0.8478418,0.84695786,0.8595459,0.0003077431
7366,0.90295243,0.92696756,0.9704086,0.9655115,0.00089693937
7367,0.9462003,0.91321325,0.93721074,0.8288003,3.9751925e-05
7368,0.97090924,0.8824279,0.9036349,0.98722816,0.0005571117
7369,0.9878528,0.9554855,0.77848095,0.9374402,0.00052133633
7370,0.94610083,0.3879222,0.9727791,0.98780584,0.00040133507
7371,0.9273633,0.9678993,0.97826034,0.92590266,0.00014883849
7372,0.98242307,0.67661995,0.98215127,0.91715443,9.09884e-05
7373,0.9781772,0.94966936,0.9432431,0.9927672,0.0012545944
7374,0.7709825,0.9230392,0.97267544,0.93546456,0.0005112579
7375,0.9827572,0.7892337,0.96323055,0.9217811,0.0021157034
7376,0.9555686,0.7916601,0.9548163,0.9494823,0.00016997529
7377,0.98378503,0.9540518,0.93306583,0.9411153,0.00021152887
7378,0.9599126,0.8694931,0.9582261,0.94728357,0.00018093576
7379,0.9877587,0.80654806,0.9795506,0.95589906,0.0006798429
7380,0.94143915,0.96210754,0.95791227,0.9056566,0.0013885233
7381,0.9535353,0.97046465,0.0003935756,0.73829186,0.00029137006
7382,0.9814534,0.9601375,0.00018522576,0.6522414,0.00094361923
7383,0.953188,0.9309621,0.00040448149,0.9175984,0.00036829791
7384,0.9474783,0.624637,4.264747e-05,0.85669243,6.553816e-05
7385,0.99209267,0.9712929,0.0005953407,0.9765801,0.0003799845
7386,0.98588216,0.95473194,3.4808123e-05,0.95068645,6.5028165e-05
7387,0.9759923,0.97394365,0.0014381354,0.94468933,0.00014883849
7388,0.891055,0.8782099,0.00078547397,0.954393,0.0001313518
7389,0.99190676,0.9429286,0.000559291,0.97903574,0.0012793075
7390,0.9053223,0.6307987,0.00074661145,0.9267028,0.0004840624
7391,0.9846347,0.8656789,0.0006825019,0.9829547,0.00017674513
7392,0.9675945,0.6875251,0.0003433,0.97792566,0.00021485926
7393,0.9558166,0.9400236,0.0015188508,0.9467938,0.0003275843
7394,0.95013416,0.91367656,0.0012497094,0.9314625,0.00050333556
7395,0.93721074,0.95775455,0.00044595622,0.6681228,0.9360516
7396,0.9923341,0.8106289,0.00016219282,0.9107044,0.9370958
7397,0.98403233,0.91383046,0.0003150387,0.8872046,0.9763105
7398,0.9503189,0.95292586,0.0005953407,0.92563426,0.90448195
7399,0.9795506,0.97369474,0.0003889921,0.9685006,0.9728308
7400,0.79565805,0.97074324,0.00033015272,0.9507779,0.99373454
7401,0.9769787,0.93581736,9.09884e-05,0.9850429,0.961171
7402,0.96309197,0.8098782,0.00013658353,0.94815457,0.93980294
7403,0.97779876,0.94458723,7.368593e-05,0.94218844,0.93306583
7404,0.9631613,0.78825736,0.00040133507,0.7500039,0.9838472
7405,0.952131,0.8938666,0.00033535014,0.9583822,0.9870297
7406,0.8769509,0.9587699,0.00036259004,0.99025387,0.92468774
7407,0.9579909,0.91490096,0.0003366622,0.9497627,0.92788786
7408,0.95239735,0.97134733,0.001107339,0.94610083,0.9462997
7409,0.98840266,0.9718326,0.0021997981,0.9184803,0.9014011
7410,0.9939964,0.9175984,0.00024729347,0.79597545,0.88523525
7411,0.9951514,0.9352283,0.00018814208,0.9353465,0.80271024
7412,0.9915216,0.9896318,8.8189234e-05,0.98201376,0.96102494
7413,0.91789335,0.8987666,0.00042058743,0.8996516,0.7864589
7414,0.9974788,0.967163,0.0003150387,0.9360516,0.91550726
7415,0.9393595,0.86048645,0.00016603847,0.93698055,0.86165464
7416,0.99580115,0.8022459,0.00010637458,0.9540518,0.6854233
7417,0.98752034,0.6801355,0.00041406954,0.9751545,0.8097278
7418,0.9737447,0.95531917,0.5789839,0.9378969,0.9828892
7419,0.93033177,0.715424,0.30704626,0.9785493,0.7834919
7420,0.9497627,0.82741016,0.11397347,0.97151,0.93045825
7421,0.94767237,0.8794577,0.29088014,0.962462,0.94479126
7422,0.9689738,0.9861514,0.08787644,0.7799929,0.93379396
7423,0.7379143,0.9753431,0.17610413,0.9015746,0.9407897
7424,0.96814114,0.93220687,0.10356715,0.81859183,0.80286485
7425,0.9400236,0.9253649,0.19759925,0.9436599,0.9448931
7426,0.92788786,0.97419035,0.069541745,0.9772842,0.97671366
7427,0.9053223,0.97510713,0.18952109,0.7866228,0.8940517
7428,0.8559716,0.96691406,0.063714996,0.9798997,0.9400236
7429,0.9436599,0.96485513,0.41828102,0.94068086,0.9810946
7430,0.9806178,0.8524448,0.2726051,0.96741027,0.9626028
7431,0.95861524,0.8010035,0.27347738,0.0006851713,0.9636434
7432,0.93318766,0.59419805,0.08210663,0.00030534892,0.9130583
7433,0.98190993,0.8171371,0.03378023,0.0019646613,0.91259205
7434,0.9457011,0.7772999,0.16052906,0.00057929166,0.92643696
7435,0.93868846,0.947186,0.08819004,0.0001634647,0.98190993
7436,0.9785903,0.85415626,0.33982763,0.0003889921,0.94966936
7437,0.95846003,0.9241418,0.40480152,0.00023597175,0.9666002
7438,0.98083925,0.8940517,0.11047116,0.00015843622,0.9603612
7439,0.8559716,0.9717254,0.020645931,0.00041406954,0.96961325
7440,0.9411153,0.8407826,0.1576549,0.00021318757,0.983343
7441,0.9703525,0.8929365,0.032222297,0.00063124346,0.9700703
7442,0.83642095,0.96203625,0.06717858,0.00053161324,0.80942667
7443,0.9869795,0.97947216,0.06656919,0.00053578056,0.97767127
7444,0.98403233,0.8568123,0.0913821,0.0006142272,0.89947516
7445,0.9859904,0.8957053,0.04115289,0.00022516825,0.9803562
7446,0.9614615,0.891811,0.24963011,0.000559291,0.94386727
7447,0.8431217,0.9513234,0.44037902,0.00028685408,0.93663365
7448,0.9923934,0.70426184,0.1504028,0.0004840624,0.938124
7449,0.9899087,0.72990495,0.2109288,0.00024923251,0.9526623
7450,0.95695716,0.81888163,0.21950476,0.0018172832,0.848847
7451,0.8868131,0.6159545,0.17795369,0.00010637458,0.7106283
7452,0.9433476,0.8321002,0.13341522,0.0004029052,0.9805807
7453,0.98141783,0.76646847,0.18698417,0.0003726377,0.86281466
7454,0.98913974,0.920218,0.16913125,0.0006615174,0.9600627
7455,0.97409195,0.6512439,0.32359383,0.00038147115,0.8200375
7456,0.8923751,0.67490816,0.12199923,0.0021074724,0.93663365
7457,0.97112906,0.9462003,0.02870708,0.0028449097,0.8431217
7458,0.9548163,0.8301815,0.023599293,0.00047101185,0.77932185
7459,0.98498523,0.4051545,0.012194132,0.00052133633,0.9744348
7460,0.9917163,0.81873685,0.041384716,6.5028165e-05,0.9466954
7461,0.97394365,0.8040984,0.021491766,0.00026323833,0.95719784
7462,0.9747251,0.93991333,0.007846239,0.00109019,0.85931
7463,0.9680808,0.9313377,0.09619517,0.00092178053,0.8964329
7464,0.98340684,0.7992857,0.01384861,0.0010649627,0.95695716
7465,0.75346667,0.79865825,0.004198795,0.00039511538,0.7994423
7466,0.9697854,0.5910743,0.002463007,0.00026947918,0.8472108
7467,0.99605453,0.98722816,0.004133968,0.0024822769,0.9781772
7468,0.9955142,0.9049869,0.005220126,0.0007041516,0.9697281
7469,0.8657925,0.96909106,0.03234433,0.00010229985,0.9667888
7470,0.97622,0.98588216,0.046033904,0.00010071401,0.9599126
7471,0.83788544,0.96653706,0.02136889,9.242113e-05,0.98340684
7472,0.9537082,0.8056322,0.046033904,0.00012830943,0.87610537
7473,0.87610537,0.9873262,0.018941708,0.00072365726,0.9554855
7474,0.98986953,0.91490096,0.027480694,6.0613183e-05,0.96124375
7475,0.9046505,0.9673486,0.05592617,0.05997644,0.9787533
7476,0.9688562,0.8720208,0.009898064,0.42781502,0.9434519
7477,0.83141696,0.9431384,0.0053018946,0.41040182,0.91891783
7478,0.98050606,0.9293122,0.013480103,0.03541073,0.95976204
7479,0.976038,0.9309621,0.01685008,0.021615332,0.9502266
7480,0.9723622,0.975249,0.0009773504,0.287968,0.91367656
7481,0.9600627,0.6898282,0.021044567,0.18609506,0.9636434
7482,0.95531917,0.9600627,0.0044337655,0.10613344,0.93674946
7483,0.95275027,0.96961325,0.05470151,0.19837458,0.9747731
7484,0.94994867,0.9105454,0.025468083,0.05592617,0.9759006
7485,0.990732,0.92944044,0.014227047,0.31478733,0.9787127
7486,0.96432143,0.9564718,0.072374016,0.18025091,0.9591543
7487,0.83642095,0.6657367,0.019794779,0.07572137,0.91964257
7488,0.96210754,0.9092645,0.034553625,0.39975303,0.9689738
7489,0.9324533,0.9001793,0.022889841,0.28696787,0.93651766
7490,0.0020033333,0.85536855,0.0038996208,0.056966383,0.8987666
7491,0.0009773504,0.8957053,0.032836955,0.5622967,0.97458035
7492,0.00022693386,0.9116528,0.01665704,0.22575782,0.96378
7493,0.0003799845,0.92892635,0.0113756005,0.13128456,0.9333094
7494,0.0001634647,0.8976953,0.0060503976,0.11066323,0.84286314
7495,0.0006386796,0.9193534,0.008711385,0.059101548,0.9626028
7496,0.0014664583,0.87578696,0.021084841,0.032836955,0.9084556
7497,6.156764e-05,0.8221891,0.008577486,0.0992954,0.83642095
7498,0.00012436225,0.5688949,0.004133968,0.05350215,0.6945099
7499,0.00041731575,0.9631613,0.0062170783,0.091058284,0.9568766
7500,0.00024156629,0.91700584,0.002434382,0.22422527,0.8559716
7501,0.00016603847,0.8393393,0.008478402,0.09807933,0.9395816
7502,0.00035557945,0.91367656,0.014957086,0.076683804,0.8513358
7503,7.311254e-05,0.9520419,0.013376604,0.23510839,0.8625833
7504,0.00029827765,0.9240048,0.044348583,0.023509452,0.88161486
7505,0.0011030267,0.6991517,0.012100386,0.20165595,0.9142907
7506,0.0025114634,0.6607199,0.029816542,0.12074952,0.96073127
7507,0.0012743262,0.97562337,0.014281933,0.08210663,0.93721074
7508,0.0005463421,0.9237301,0.006289902,0.2180027,0.9265699
7509,0.00035557945,0.7364006,0.0051196762,0.013376604,0.8057851
7510,0.0005053046,0.90000373,0.03191915,0.110855594,0.828523
7511,9.4612624e-05,0.87779135,0.010693758,0.14669742,0.9014011
7512,0.005220126,0.9383503,0.007204769,0.033972,0.77932185
7513,0.00020502214,0.8590736,0.9883128,0.12368282,0.9534488
7514,0.00024729347,0.9511422,0.9938309,0.016466174,0.89274967
7515,3.734357e-05,0.97023994,0.9908035,0.054802597,0.9432431
7516,0.00026738262,0.9152046,0.99540824,0.022243667,0.9043131
7517,9.6856085e-05,0.7220373,0.98469365,0.016529556,0.8840393
7518,0.0026626128,0.87147486,0.9973477,0.0060035964,0.90665317
7519,0.00044421837,0.8130158,0.9981541,0.046033904,0.98080254
7520,0.00037850367,0.9571178,0.99333304,0.0037948343,0.8293538
7521,0.0002551414,0.7324005,0.98235554,0.021125194,0.9696707
7522,0.0002551414,0.92617035,0.99909246,0.04410091,0.8978745
7523,5.433365e-05,0.0013777326,0.99499834,0.075858176,0.93318766
7524,4.64744e-05,0.00014883849,0.99227446,0.05330468,0.9694401
7525,0.00035697065,0.0005053046,0.99036634,0.025371311,0.97467697
7526,0.20024471,0.0009622126,0.99518895,0.0021157034,0.9913223
7527,0.1526628,6.0141516e-05,0.985663,0.012288597,0.9904406
7528,0.047602657,0.00023597175,0.99486035,0.015424552,0.85776806
7529,0.06791668,0.0011203773,0.99390244,0.008847355,0.95869267
7530,0.12689333,0.00017536995,0.99401975,0.02072506,0.93686515
7531,0.072374016,0.0011424496,0.9722571,0.021004366,0.94901186
7532,0.11143445,0.00094730896,0.98707944,0.007093862,0.9328214
7533,0.32156652,9.915273e-05,0.9881309,0.042403832,0.84286314
7534,0.14080817,0.00026530237,0.9899087,0.012771867,0.9840936
7535,0.22988081,0.00090750254,0.9977216,0.033462934,0.94834626
7536,0.24835184,0.0013670257,0.86904925,0.02784845,0.936285
7537,0.17370832,0.0012448432,0.96102494,0.11143445,0.9250947
7538,0.11476479,0.00036259004,0.9917163,0.08803312,0.88543355
7539,0.12527926,0.00021654405,0.99366105,0.007876706,0.93674946
7540,0.18937114,0.00078854576,0.9124362,0.00519988,0.98302
7541,0.17412923,0.00014768039,0.9952077,0.005641909,0.98481095
7542,0.4356014,0.00016603847,0.9882222,0.0021322616,0.94176143
7543,0.2510964,0.00051728135,0.9583042,0.002889581,0.9693822
7544,0.18010667,0.00035836728,0.99709916,0.018869255,0.97344345
7545,0.07172112,0.000720838,0.9913892,0.008030813,0.9064877
7546,0.070176296,0.0011972112,0.9976949,0.005708034,0.89533985
7547,0.032651376,0.0001673405,0.9928509,0.018194368,0.9514138
7548,0.03429395,0.0005420927,0.996597,0.0070390454,0.9073123
7549,0.026506126,0.0002098831,0.9960083,0.0119150225,0.9079672
7550,0.023419945,0.0010566838,0.99762183,0.02433019,0.9241418
7551,0.26095408,7.311254e-05,0.9945095,0.030214587,0.961171
7552,0.29961726,0.00033015272,0.99583375,0.004166256,0.97622
7553,0.38774827,0.00027803096,0.9839091,0.08601588,0.8814109
7554,0.42859212,0.0002098831,0.98475236,0.012970386,0.9001793
7555,0.32971537,0.00024729347,0.97706646,0.003442981,0.99066
7556,0.33198547,0.00018378456,0.97702265,0.0033897832,0.8005361
7557,0.19238758,0.00084264233,0.9923934,0.0040701376,0.9840936
7558,0.1360335,0.6364661,0.9947391,0.02178117,0.8797679
7559,0.0094125895,0.26095408,0.9959299,0.0087791085,0.71233225
7560,0.1576549,0.1390453,0.9891816,0.998784,0.8726732
7561,0.011732464,0.3181673,0.9965436,0.9942697,0.86849254
7562,0.009020279,0.062904246,0.9896318,0.97608364,0.9769348
7563,0.11066323,0.08740792,0.9951514,0.99411184,0.891055
7564,0.015130728,0.02784845,0.9932025,0.98215127,0.91383046
7565,0.019234259,0.23528406,0.9878996,0.9956006,0.95806944
7566,0.06325052,0.17412923,0.9748691,0.98840266,0.8518296
7567,0.008677716,0.23022674,0.9970879,0.9952632,0.92590266
7568,0.050988145,0.12210387,0.99727446,0.9916842,0.95379424
7569,0.007968815,0.20545557,0.9859904,0.95775455,0.9557341
7570,0.025035424,0.09704756,0.99453074,0.9967397,0.9627432
7571,0.009859855,0.08269734,0.9811669,0.9977216,0.92093205
7572,0.046899255,0.254787,0.9882676,0.9931229,0.93558234
7573,0.033589505,0.35342818,0.99021614,0.9759923,0.79692537
7574,0.0154839875,0.13649325,0.99356186,0.9864157,0.0015011822
7575,0.020100236,0.5095508,0.99155444,0.9838472,7.141902e-05
7576,0.049497053,0.09518112,0.98609793,0.88875884,0.0004565269
7577,0.037750274,0.18271701,0.9840936,0.93663365,0.0005092657
7578,0.02655657,0.5816002,0.9783433,0.98975134,0.00025714198
7579,0.029929748,0.17795369,0.9890976,0.9731898,0.00026738262
7580,0.032466814,0.044597577,0.9422947,0.98780584,0.0010566838
7581,0.0062170783,0.4967804,0.9921841,0.98609793,0.000310156
7582,0.0067449897,0.047249712,0.979784,0.98421544,0.0014895174
7583,0.013171949,0.1133831,0.9776285,0.9691495,0.0023141264
7584,0.007725534,0.20979328,0.9721515,0.98646784,0.0004583129
7585,0.0055549247,0.27425417,0.99424744,0.994089,0.00021318757
7586,0.013428255,0.47889438,0.9967649,0.95540243,0.00029137006
7587,0.022672439,0.016466174,0.99317604,0.9758085,0.00012243443
7588,0.0042646346,0.0228462,0.9859904,0.98722816,0.0011469158
7589,0.020332353,0.0060503976,0.9957353,0.96323055,0.00012053649
7590,0.018653521,0.04001227,0.98498523,0.9716717,4.870464e-05
7591,0.013171949,0.02199022,0.9884919,0.9719925,0.00022516825
7592,0.008061991,0.0190509,0.99371004,0.9933589,6.657017e-05
7593,0.011463798,0.011419615,0.9952448,0.98844737,0.0002824081
7594,0.0069306716,0.020410309,0.95945925,0.98314995,0.0001673405
7595,0.008745182,0.0056638657,0.9727791,0.98934746,0.00024923251
7596,0.014672035,0.015130728,0.9351099,0.9766692,0.00078854576
7597,0.014957086,0.017917344,0.9646559,0.985663,0.0028118587
7598,0.0018458483,0.01778039,0.9451974,0.99522626,0.000104725565
7599,0.0020033333,0.03574581,0.9920312,0.98445636,0.00032250723
7600,0.009125637,0.05781161,0.87386215,0.96405166,9.761566e-05
7601,0.021948254,0.017576884,0.8996516,0.97467697,5.874842e-05
7602,0.016029147,0.017110888,0.9826909,0.990329,0.00012243443
7603,0.038394015,0.006168995,0.97079873,0.9805807,4.611275e-05
7604,0.032528225,0.0057525453,0.97151,0.9885804,9.4612624e-05
7605,0.014281933,0.072243005,0.9868281,0.9853843,0.00034464317
7606,0.0416178,0.010052369,0.9938788,0.96538115,0.00095846487
7607,0.021004366,0.06097518,0.99227446,0.9382373,5.104191e-05
7608,0.03308598,0.019493872,0.994615,0.9928786,0.00010975091
7609,0.028328313,0.0038844766,0.9967649,0.9938788,5.694103e-05
7610,0.0036358088,0.016152835,0.9969957,0.98215127,0.00028021098
7611,0.017576884,0.013689478,0.9964619,0.98986953,0.00044421837
7612,0.0022872277,0.0153063545,0.9987306,0.9859364,0.00021485926
7613,0.028870907,0.011961099,0.996852,0.9019207,0.00028910325
7614,0.013636836,0.010902374,0.9789956,0.99529994,0.00023231418
7615,0.016979992,0.11797801,0.9841546,0.9923341,0.0001673405
7616,0.9932811,0.044348583,0.9882222,0.994089,0.00036259004
7617,0.98892784,0.0038996208,0.9955662,0.9853279,0.39210403
7618,0.9992563,0.017045317,0.9753431,0.9888849,0.08993301
7619,0.9706322,0.001591626,0.99248135,0.95751673,0.34477428
7620,0.9914887,0.046464663,0.96391606,0.98555213,0.07030385
7621,0.996597,0.0128707485,0.99605453,0.9427181,0.051177494
7622,0.9981614,0.0016809418,0.993255,0.9554855,0.29451925
7623,0.9814534,0.021656677,0.99852777,0.98365986,0.103748634
7624,0.992062,0.01685008,0.99694854,0.9819447,0.052618954
7625,0.9918121,0.0019955386,0.9915216,0.9923044,0.26626188
7626,0.9912209,0.013273886,0.9908035,0.97684664,0.3100673
7627,0.99444515,0.061649624,0.9971328,0.9913892,0.1821344
7628,0.99540824,0.029986508,0.99298817,0.996557,0.31997076
7629,0.9818056,0.97622,0.98971164,0.9905509,0.36455128
7630,0.9981104,0.9918121,0.9912548,0.9946568,0.14669742
7631,0.9878528,0.9961004,0.98173577,0.98549646,0.13614832
7632,0.98134655,0.983597,0.9375548,0.93558234,0.29188833
7633,0.971564,0.9870297,0.9777139,0.92064714,0.28917092
7634,0.97622,0.99025387,0.998862,0.9922444,0.38647398
7635,0.99097973,0.99356186,0.9943141,0.98934746,0.35779187
7636,0.99596137,0.9801673,0.96080494,0.9814534,0.45807597
7637,0.99740905,0.99588215,0.99317604,0.9604354,0.35678276
7638,0.97324073,0.99433607,0.9976404,0.99453074,0.19837458
7639,0.9923638,0.9869292,0.9408984,0.9905874,0.22781274
7640,0.97792566,0.99424744,0.98365986,0.96641046,0.21272224
7641,0.9574373,0.9237301,0.97671366,0.9635062,0.19012183
7642,0.9980354,0.98947024,0.9938548,0.9873262,0.12962294
7643,0.99341017,0.98365986,0.9969957,0.9686789,0.025468083
7644,0.98469365,0.97090924,0.93033177,0.9427181,0.09351231
7645,0.9893885,0.98892784,0.9965301,0.8694931,0.17469168
7646,0.99522626,0.98141783,0.98947024,0.99482024,0.08035747
7647,0.9761746,0.94757545,0.98657167,0.98102194,0.15700756
7648,0.9950755,0.97151,0.97879386,0.92709976,0.04569203
7649,0.9970879,0.9267028,0.9859364,0.9851576,0.25201568
7650,0.9953725,0.9961606,0.9884919,0.99679,0.42393497
7651,0.9981541,0.99497885,0.9905143,0.99632156,0.2991052
7652,0.98065484,0.9896318,0.99482024,0.9987649,0.45344338
7653,0.99586606,0.9719925,0.99491996,0.99066,0.6393984
7654,0.9972531,0.95998776,0.0029349518,0.9908035,0.17638768
7655,0.99783427,0.91505283,0.0037217087,0.983597,0.51949084
7656,0.9979493,0.9934865,0.019756919,0.98657167,0.06766981
7657,0.9962638,0.98242307,0.018941708,0.9776285,0.25739157
7658,0.9988028,0.9571178,0.003839395,0.87831426,0.04831607
7659,0.99437994,0.99529994,0.0038096302,0.937669,0.023825368
7660,0.99533635,0.99010193,0.008348054,0.9755769,0.0066153924
7661,0.9853279,0.9260366,0.005001672,0.98445636,0.07250525
7662,0.99533635,0.98481095,0.015784562,0.95869267,0.02076474
7663,0.9977393,0.9716717,0.0022872277,0.9552357,0.0113756005
7664,0.99540824,0.98378503,0.0075772414,0.99101454,0.006168995
7665,0.9871293,0.9747251,0.008813166,0.9706322,0.026155617
7666,0.9729338,0.99271095,0.0059571536,0.9053223,0.053601142
7667,0.9928509,0.9814534,0.00402291,0.99066,0.06394842
7668,0.99718815,0.9926542,0.025468083,0.97029626,0.03442355
7669,0.9923934,0.9487276,0.014842416,0.8782099,0.017917344
7670,0.99605453,0.9718326,0.0014837189,0.93183565,0.013532149
7671,0.98201376,0.94509614,0.011288074,0.95783347,0.053899154
7672,0.99720997,0.9717254,0.011331754,0.9451974,0.01678549
7673,0.9959927,0.98314995,0.006145092,0.9890131,0.037892427
7674,0.98947024,0.9952632,0.37296185,0.88700897,0.012576348
7675,0.98998636,0.97433734,0.54543704,0.9882222,0.010169658
7676,0.99490017,0.9839091,0.11940814,0.9873262,0.0145595195
7677,0.98481095,0.9868281,0.31753206,0.97161794,0.032466814
7678,0.99457306,0.8806945,0.31268474,0.98498523,0.025371311
7679,0.99522626,0.9817007,0.1435475,0.98588216,0.07978202
7680,0.9971661,0.80332816,0.5390742,0.9608783,0.012771867
7681,0.9985335,0.97029626,0.6931614,0.96080494,0.03461884
7682,0.9966756,0.8785229,0.18802562,0.9941801,0.049681153
7683,0.98215127,0.9320833,0.3821414,0.9508692,0.058560826
7684,0.99760324,0.98844737,0.3195459,0.98439646,0.023870835
7685,0.988085,0.98913974,0.30331892,0.9840936,0.22729777
7686,0.99605453,0.9783019,0.1668111,0.9724148,0.004133968
7687,0.99371004,0.98173577,0.16626887,0.9869795,0.012970386
7688,0.99837697,0.9846347,0.14792407,0.9961004,0.0065388246
7689,0.9988028,0.9938548,0.2354598,0.98707944,0.019870713
7690,0.9974491,0.99306935,0.19759925,0.9840936,0.013428255
7691,0.9890131,0.99565166,0.33535084,0.97510713,0.03085051
7692,0.9727791,0.99128854,0.20354916,0.9809125,0.013273886
7693,0.9951325,0.98481095,0.23863891,0.9701835,0.041075893
7694,0.9845754,0.9759464,0.4164406,0.9957021,0.0032730652
7695,0.99879813,0.98190993,0.46329248,0.992961,0.02964751
7696,0.9929061,0.966028,0.2903768,0.9223426,0.0066153924
7697,0.9885804,0.99378294,0.37685242,0.8962514,0.005240449
7698,0.97394365,0.9851576,0.37353298,0.920218,0.0043823365
7699,0.997851,0.9700703,0.3331777,0.99343574,0.011201214
7700,0.997459,0.99273914,0.27561688,0.9853843,0.006413164
7701,0.997399,0.9492005,0.06359858,0.9959927,0.9802808
7702,0.98840266,0.9959927,0.7208598,0.9871293,0.98228765
7703,0.99242276,0.9700703,0.09351231,0.97423947,0.9719925
7704,0.99444515,0.98475236,0.17106119,0.98527133,0.9934865
7705,0.99401975,0.9230392,0.23581158,0.9923934,0.9757161
7706,0.992062,0.98955137,0.31237,0.97608364,0.9961903
7707,0.9924521,0.96909106,0.20979328,0.98571813,0.96102494
7708,0.98549646,0.9905874,0.105948284,0.97923523,0.9793935
7709,0.99128854,0.9596866,0.28557116,0.9900636,0.97246706
7710,0.9811669,0.98646784,0.30300948,0.97543687,0.9820826
7711,0.9971328,0.9658352,0.3811044,0.99433607,0.97986126
7712,0.9974788,0.99268264,0.15190639,0.9961903,0.96232057
7713,0.9951703,0.9383503,0.73392886,0.9827572,0.98498523
7714,0.9900636,0.9983386,0.6638869,0.9769787,0.9772842
7715,0.99155444,0.9978002,0.16317856,0.92709976,0.96323055
7716,0.9981541,0.97529614,0.81640637,0.99401975,0.94024336
7717,0.9869795,0.96028674,0.29971972,0.9874236,0.9882676
7718,0.9799382,0.9890976,0.41970742,0.93158704,0.96641046
7719,0.99711037,0.9834705,0.31721473,0.9465967,0.9576754
7720,0.99293363,0.9798997,0.33198547,0.9835338,0.9934865
7721,0.9924521,0.98262435,0.062331032,0.9801673,0.9587699
7722,0.9967524,0.9603612,0.08210663,0.97826034,0.9882222
7723,0.9725715,0.92944044,0.4186375,0.94966936,0.92590266
7724,0.98549646,0.94610083,0.22678363,0.98421544,0.98761624
7725,0.9951325,0.9091032,0.1562336,0.9878996,0.98282325
7726,0.98803884,0.9514138,0.5009637,0.989791,0.9396923
7727,0.9874721,0.98498523,0.30084828,0.89552265,0.9240048
7728,0.9888419,0.9815244,0.03289904,0.98076576,0.9700135
7729,0.96961325,0.8989441,0.6369179,0.9850429,0.9657061
7730,0.9920312,0.9728308,0.22936256,0.98340684,0.9830851
7731,0.9843364,0.98105836,0.14804721,0.953188,0.9561454
7732,0.98155975,0.9787127,0.20228557,0.0073173973,0.9830851
7733,0.98799264,0.9646559,0.21900326,0.031084951,0.9500415
7734,0.9890554,0.9564718,0.45853055,0.01812472,0.96961325
7735,0.98934746,0.90087914,0.29920757,0.0024534282,0.97118384
7736,0.98651993,0.9864157,0.3193336,0.015424552,0.98184055
7737,0.9859364,0.9761746,0.35868996,0.011288074,0.9943581
7738,0.9962782,0.98486924,0.6406359,0.022672439,0.9911868
7739,0.9987056,0.97458035,0.31753206,0.017242778,0.98866826
7740,0.99804294,0.99759394,0.41081536,0.0035796429,0.97923523
7741,0.99304235,0.9683812,0.10800066,0.003750789,0.994615
7742,0.9951514,0.9568766,0.35309353,0.0066411127,0.9961755
7743,0.98942953,0.99101454,0.16518871,0.002296159,0.9853843
7744,0.99553156,0.99760324,0.034684174,0.00080095365,0.9914556
7745,0.9628831,0.9951137,0.006692851,0.025858775,0.98707944
7746,0.99698395,0.9853279,0.007695647,0.020100236,0.9936365
7747,0.98662347,0.9878528,0.0033504236,0.18462045,0.99083894
7748,0.99298817,0.95961094,0.009859855,0.121790156,0.997537
7749,0.99566853,0.9863105,0.0070390454,0.4386349,0.8976953
7750,0.9974885,0.8680457,0.0527164,0.25238407,0.99196917
7751,0.99248135,0.9755304,0.0071214284,0.4210756,0.98046875
7752,0.98926485,0.88602656,0.02249997,0.12273334,0.99575186
7753,0.9965166,0.98302,0.015130728,0.43845454,0.95531917
7754,0.99442345,0.9738444,0.018761083,0.46508378,0.92643696
7755,0.99010193,0.9604354,0.027480694,0.06681232,0.97671366
7756,0.99371004,0.9152046,0.04681203,0.13799648,0.95759624
7757,0.9910493,0.9923044,0.005576545,0.01798621,0.98046875
7758,0.9811669,0.9818056,0.017712299,0.1943678,0.9864157
7759,0.9982522,0.99343574,0.013325147,0.12635334,0.99306935
7760,0.96411926,0.96472245,0.033589505,0.4669975,0.9546474
7761,0.95751673,0.9859904,0.023375316,0.5113048,0.95565146
7762,0.9835338,0.9797065,0.010611421,0.45856085,0.959001
7763,0.9890131,0.9693822,0.013584392,0.084795415,0.9840936
7764,0.9324533,0.92617035,0.03635666,0.40344933,0.97204566
7765,0.9976586,0.99851626,0.0019723359,0.12389466,0.9773276
7766,0.99094474,0.9644556,0.021165619,0.34356195,0.98862445
7767,0.99605453,0.97923523,0.009090384,0.344223,0.96102494
7768,0.99021614,0.9777139,0.0140636265,0.19027224,0.9878528
7769,0.9757161,0.9884919,0.0025409926,0.21419789,0.9950563
7770,0.9923044,0.9901782,0.0043823365,0.25275275,0.99544394
7771,0.99317604,0.97262347,0.0049245106,0.23792988,0.91259205
7772,0.9882676,0.9878996,0.016721142,0.17881244,0.9437636
7773,0.97462875,0.98445636,0.04751419,0.2391716,0.92064714
7774,0.9932288,0.992062,0.010489091,0.28368217,0.9396923
7775,0.99591404,0.99736834,0.0013777326,0.19057335,0.96814114
7776,0.9970073,0.9906961,0.023779983,0.06916356,0.98555213
7777,0.99647564,0.9976769,0.037963696,0.1724504,0.9824905
7778,0.9571178,0.92827886,0.007695647,0.4345213,0.9941347
7779,0.017917344,0.98486924,0.008881675,0.04560694,0.9849274
7780,0.008478402,0.9904406,0.011331754,0.2622746,0.976038
7781,0.022243667,0.96753323,0.015189049,0.16317856,0.97467697
7782,0.0018172832,0.8372211,0.12527926,0.389953,0.95540243
7783,0.012007351,0.9272316,0.003197487,0.051749542,0.9906961
7784,0.007636216,0.99083894,0.022672439,0.14021848,0.9898303
7785,0.0030278352,0.96544635,0.0054269433,0.48031107,0.9700703
7786,0.03534408,0.9685601,0.00023413582,0.11476479,0.9729338
7787,0.02013874,0.9571178,0.0013045066,0.16238004,0.9837225
7788,0.010052369,0.97354424,0.0014721896,0.12315455,0.9737447
7789,0.0065897717,0.96182173,0.0013617034,0.51815,0.9774571
7790,0.005448068,0.9861514,0.0003366622,0.4831454,0.9777564
7791,0.010209055,0.98922324,0.0008459375,0.34709436,0.98799264
7792,0.0064381026,0.9863631,0.00012053649,0.38242972,0.9817007
7793,0.017045317,0.9947391,0.00036117696,0.10894504,0.9839708
7794,0.0006932423,0.004905406,6.976471e-05,0.19042274,0.9759923
7795,0.0123361,0.00930395,0.0005092657,0.036083944,0.99608517
7796,0.04594821,0.0022606407,0.0014381354,0.10070161,0.98934746
7797,0.02508314,0.0044857943,0.00078547397,0.26855758,0.97272736
7798,0.014957086,0.0279544,0.0013993983,0.079210326,0.9923638
7799,0.0022694687,0.018194368,0.0005442133,0.056236345,0.9973061
7800,0.007232764,0.01822929,0.0004339325,0.078078166,0.97520185
7801,0.28388062,0.018055335,0.00091819005,0.06267437,0.98314995
7802,0.39869905,0.0041019293,0.0003740956,0.24202643,0.99789256
7803,0.56034285,0.0066153924,7.967301e-05,0.5776741,0.94796216
7804,0.18683577,0.014227047,0.00027372167,0.026056303,0.9938788
7805,0.7189892,0.010368157,0.0002216781,0.4124118,0.9899087
7806,0.4804482,0.003235056,0.00020662983,0.44366065,0.97339284
7807,0.19620942,0.070176296,0.0002824081,0.4692162,0.9443824
7808,0.28806815,0.0054692747,0.00044595622,0.035880696,0.97962874
7809,0.27590945,0.208018,0.00041731575,0.048948623,0.91102153
7810,0.071202725,0.783823,0.00028021098,0.46232134,0.96267307
7811,0.14080817,0.5960218,0.000118667966,0.2516477,0.89442116
7812,0.07906799,0.42238548,0.00022693386,0.3110082,0.9230392
7813,0.42030215,0.27338037,5.7387595e-05,0.05899303,0.9928786
7814,0.12116485,0.745954,0.00036400868,0.14021848,0.9658352
7815,0.037186775,0.4319436,3.883111e-05,0.11899801,0.9736447
7816,0.31447142,0.2516477,0.00042887923,0.08225395,0.9798227
7817,0.4329023,0.4608348,0.00044595622,0.08694165,0.9548163
7818,0.35521552,0.35767972,0.00026119032,0.61566573,0.98365986
7819,0.21833587,0.3063195,0.00025315638,0.55874836,0.97462875
7820,0.39495912,0.5619361,0.00018093576,0.5030365,0.95759624
7821,0.4493322,0.29380956,0.00014539114,0.12797922,0.9940659
7822,0.20785716,0.07992552,0.0005838325,0.22644134,0.98054343
7823,0.062331032,0.16545822,0.00042058743,0.41270763,0.9724148
7824,0.5080483,0.5349466,0.000865981,0.2043419,0.94796216
7825,0.22067817,0.18565173,6.814872e-05,0.41418782,0.9775
7826,0.11357959,0.13730095,0.00017130819,0.36387292,0.988085
7827,0.25795195,0.46465865,0.00036400868,0.22017473,0.9932288
7828,0.40344933,0.32177958,0.00039051395,0.015424552,0.9970073
7829,0.49080762,0.33111975,0.000720838,0.02433019,0.9943581
7830,0.041930523,0.3823144,0.00047101185,0.027901376,0.9600627
7831,0.1584346,0.06301947,0.0004583129,0.03234433,0.950411
7832,0.1799625,0.21883628,0.0009547317,0.033336826,0.9810946
7833,0.42602307,0.407805,0.00013982208,0.01784874,0.98445636
7834,0.14584377,0.19329962,0.00046734812,0.06325052,0.9953544
7835,0.4330222,0.11899801,0.0002824081,0.007785655,0.938576
7836,0.4429678,0.4208376,0.0011203773,0.0026010936,0.99165195
7837,0.4959451,0.57427543,0.00059071044,0.01717671,0.9949397
7838,0.6141626,0.067423776,0.0006166297,0.017917344,0.9954791
7839,0.34301156,0.5946101,7.662102e-05,0.019531239,0.99694854
7840,0.50453556,0.2762022,0.0011203773,0.032528225,0.98215127
7841,0.13161905,0.43758315,0.00078547397,0.0034030052,0.98365986
7842,0.17189364,0.053206205,0.0008263576,0.05520869,0.97052056
7843,0.3784591,0.26340988,0.0005442133,0.042403832,0.9839091
7844,0.22695492,0.47565103,0.00013342,0.027480694,0.96995664
7845,0.1742697,0.27231473,0.0006825019,0.0047737225,0.91949815
7846,0.11417085,0.18506189,0.0003433,0.006692851,0.97997653
7847,0.09089675,0.33785862,0.0004156895,0.0130707845,0.9915216
7848,0.12474516,0.28656837,3.3474687e-05,0.008881675,0.9739932
7849,0.092196204,0.0610871,0.00035143827,0.054499872,0.97997653
7850,0.12560067,0.017242778,0.0005072813,0.010902374,0.98667485
7851,0.42143276,0.052037824,0.00042223287,0.05232763,0.97702265
7852,0.33709443,0.1501534,0.00029827765,0.02665774,0.93880075
7853,0.6284074,0.18817474,5.433365e-05,0.012288597,0.95379424
7854,0.4644461,0.19775414,0.00012632043,0.015189049,0.9875683
7855,0.44552952,0.45292914,0.0002098831,0.021004366,0.9835338
7856,0.24472383,0.67329913,0.00020027377,0.018546565,0.96189344
7857,0.5207096,0.46110776,0.00012731104,0.010902374,0.9927672
7858,0.21288584,0.52340513,7.905304e-05,0.10576342,0.9436599
7859,0.5924898,0.112600096,2.9773117e-05,0.018475594,0.9716717
7860,0.42930976,0.38850203,0.000110611596,0.06572466,0.98102194
7861,0.25720495,0.45853055,0.00015118199,0.009633652,0.9905509
7862,0.7483523,0.3671568,0.00014202365,0.02237146,0.9979966
7863,0.18802562,0.3816228,0.00021654405,0.019087434,0.99718815
7864,0.075995214,0.14342749,0.0010566838,0.015189049,0.928668
7865,0.18817474,0.033526164,0.00044945232,0.028925717,0.985663
7866,0.27708158,0.28071496,0.00023413582,0.038394015,0.9874236
7867,0.38844404,0.15090263,0.00016997529,0.00037555923,0.9872773
7868,0.6371437,0.22473529,0.00025118678,0.0029694452,0.9913892
7869,0.2562732,0.3125798,4.264747e-05,0.0007408056,0.9905509
7870,0.5035972,0.028870907,0.00036543285,0.00040448149,0.98242307
7871,0.32993123,0.018264277,0.001107339,0.00042720788,0.9231778
7872,0.17286891,0.026355354,0.0003473453,0.0005976694,0.98871195
7873,0.16438228,0.026455775,0.002157342,0.0011972112,0.9670388
7874,0.039416388,0.100524865,0.002673006,0.00026530237,0.9793935
7875,0.29502675,0.009936419,0.002472623,0.0012545944,0.97754294
7876,0.068288535,0.0131212715,0.003707253,0.00050137425,0.98445636
7877,0.38844404,0.021948254,0.005448068,0.00017952797,0.97482115
7878,0.016340127,0.05572029,0.0041179177,0.0005953407,0.9459013
7879,0.011115014,0.006241259,0.00081355654,0.0003799845,0.9302051
7880,0.013902059,0.046551272,0.0042646346,0.0003077431,0.019794779
7881,0.010288301,0.018089995,0.002387409,0.00045121065,0.005060332
7882,0.027169233,0.048948623,0.0044337655,0.00032503586,0.0107767265
7883,0.014785407,0.023689471,0.000981172,0.0003473453,0.013171949
7884,0.011331754,0.0119150225,0.0063143647,4.908662e-05,0.008985429
7885,0.008187911,0.032405518,0.0018031665,0.00019411318,0.022074388
7886,0.015906392,0.039195135,0.0019955386,0.00020342697,0.008478402
7887,0.02665774,0.07382971,0.0066411127,0.0003077431,0.02220123
7888,0.022457052,0.099820666,0.009898064,0.00026323833,0.008511303
7889,0.01450358,0.09186979,0.002693914,0.0002216781,0.0019117695
7890,0.0689125,0.010130412,0.0025909794,0.0001313518,0.027014792
7891,0.0065897717,0.005040703,0.0020427648,0.0015731122,0.0065897717
7892,0.015543648,0.028114058,0.0073743653,0.00037702857,0.0054905633
7893,0.0121471705,0.01798621,0.0025016968,0.00021995338,0.0028783479
7894,0.006241259,0.0031115087,0.004150081,0.00026947918,0.0063635735
7895,0.040162586,0.090253234,0.007204769,0.00026323833,0.05023736
7896,0.029535338,0.009898064,0.0004156895,0.00044595622,0.029873092
7897,0.016914913,0.15316878,0.00085924764,0.001477943,0.03378023
7898,0.017309096,0.0068771075,0.0021997981,0.0011786721,0.0017961492
7899,0.006289902,0.009559399,0.0045384318,0.0010362669,0.008219693
7900,0.0018748617,0.026455775,0.004166256,0.0011604197,0.0036358088
7901,0.009746104,0.022759154,0.0008693674,0.00023597175,0.06301947
7902,0.020293485,0.008315778,0.0024822769,3.591301e-05,0.03429395
7903,0.012053779,0.047869004,0.0035106493,0.00052542303,0.013222822
7904,0.009055264,0.0069576087,0.0036642202,0.0002824081,0.0121471705
7905,0.045183755,0.013376604,0.03296124,0.00046552691,0.004736749
7906,0.09619517,0.0031480708,0.029035643,0.00076729245,0.15482272
7907,0.059210252,0.020177318,0.0036642202,0.0004424873,0.2216875
7908,0.009559399,0.03581319,0.006241259,0.00085924764,0.13454832
7909,0.0119150225,0.008380453,0.008644178,0.0006142272,0.24454336
7910,0.035012625,0.051749542,0.0013406203,0.0006166297,0.20055768
7911,0.00498227,0.0610871,0.0013045066,0.0011972112,0.46693674
7912,0.04885778,0.015784562,0.0013617034,0.00060471025,0.029929748
7913,0.005448068,0.0434469,0.000117744596,9.83812e-05,0.1805397
7914,0.008985429,0.020924192,0.0006436856,0.0012545944,0.068662286
7915,0.008511303,0.009783876,0.0014437558,0.000621463,0.50903225
7916,0.023021257,0.15856485,0.00045121065,0.00011147904,0.5070529
7917,0.008124708,0.035477504,0.00037850367,0.003678509,0.14426938
7918,0.004054334,0.00026119032,0.0015427324,0.0004994205,0.28032076
7919,0.00031999825,0.00013873412,0.00010071401,0.00015720345,0.2645483
7920,0.0001896174,0.00021824206,0.00027159214,0.0008360903,0.4521428
7921,0.0003935756,9.4612624e-05,0.00019563535,0.00018093576,0.68162084
7922,0.00023597175,0.00014883849,4.2315594e-05,0.00050333556,0.48032632
7923,0.0015367271,0.00044076296,0.00071802974,0.002631674,0.12765263
7924,0.00061183405,0.00025915826,0.0011116682,8.092757e-05,0.13811268
7925,0.00044076296,0.0001673405,0.0007793661,5.874842e-05,0.1775255
7926,0.00042058743,0.00020662983,0.00061183405,0.0018458483,0.34953272
7927,0.0010649627,9.09884e-05,0.00017813111,0.0004859561,0.254787
7928,0.00012243443,0.0012207952,0.00017400544,0.00042223287,0.48026538
7929,0.00016603847,0.00041406954,0.002387409,0.00037702857,0.042642392
7930,0.0015608892,0.00047285444,0.0003029734,0.0004691764,0.3548801
7931,0.0006190417,0.000493605,0.000621463,0.00081355654,0.06669065
7932,0.0025114634,0.0006615174,0.00023231418,0.000310156,0.2220247
7933,0.0005463421,0.00016997529,0.0004691764,0.0007350449,0.18227991
7934,0.00071244594,0.00022341637,0.0002824081,0.010652511,0.36477757
7935,0.0017073674,0.00023968685,7.967301e-05,0.003976228,0.11516222
7936,0.00024729347,0.00039051395,6.976471e-05,0.005099818,0.5661385
7937,0.0003982131,0.0001535624,0.0003935756,0.019568674,0.5151397
7938,0.0008899655,9.09884e-05,4.64744e-05,0.0038543637,0.08137364
7939,0.0027149853,7.4846226e-05,0.00041406954,0.0074030147,0.11992252
7940,0.0007408056,0.00023968685,0.00046552691,0.0017073674,0.36003888
7941,0.00044421837,0.00026119032,0.000310156,0.016340127,0.2649285
7942,0.00036543285,0.00028685408,0.00037850367,0.0040072887,0.23039988
7943,0.0006959537,0.00020184422,0.00023782204,0.0027255826,0.22884515
7944,5.5189234e-05,0.00013552078,0.0001465313,0.0063143647,0.45238474
7945,6.0141516e-05,0.000104725565,0.00032250723,0.007093862,0.17469168
7946,0.00048785712,0.00074953143,0.00058155763,0.0024438868,0.12495856
7947,0.0012255674,0.0008525666,0.00049553596,0.009670992,0.45177996
7948,0.00081355654,0.00020027377,0.0009547317,0.019681409,0.22067817
7949,0.0010083435,3.2444816e-05,0.0011160142,0.008445627,0.5727825
7950,0.00043733438,0.00012436225,0.00016603847,0.0059340666,0.32723817
7951,0.00087276706,0.00032503586,0.00035836728,0.011201214,0.661267
7952,0.0023051251,0.0004156895,0.00037118542,0.002621441,0.7140302
7953,0.0015854308,9.6856085e-05,4.4694072e-05,0.0073173973,0.1562336
7954,0.00026947918,0.00043055712,0.087252244,0.008677716,0.12907304
7955,0.0005463421,0.00022516825,0.036562506,0.0055333884,0.12506539
7956,7.368593e-05,0.0002098831,0.06500873,0.0011424496,0.04751419
7957,6.5028165e-05,0.00033015272,0.14829372,0.0027044292,0.21125406
7958,0.0005378764,0.00017400544,0.057918087,0.024145423,0.10230471
7959,0.00025118678,0.0029235429,0.22988081,0.015663648,0.14069006
7960,0.0003393018,0.00014883849,0.023962023,0.006666932,0.08882029
7961,0.0004691764,0.00012533752,0.0038996208,0.017110888,0.26855758
7962,0.0002824081,0.000117744596,0.07906799,0.010408314,0.60387343
7963,0.0011247575,6.0141516e-05,0.011508149,0.0018895386,0.13614832
7964,0.00035419365,0.00056588,0.007489625,0.02136889,0.2501793
7965,0.00046190585,0.00035281325,0.0140636265,0.0015978456,0.63793355
7966,0.0005420927,0.00031999825,0.020884218,0.0043994132,0.4055076
7967,0.0006436856,0.0005976694,0.011158031,0.0021657674,0.50640833
7968,0.00010975091,0.000493605,0.0570714,0.0006641048,0.16304526
7969,0.0001344663,0.0006615174,0.021125194,0.0001634647,0.50892544
7970,0.0002824081,0.00015720345,0.020332353,0.0005378764,0.15127839
7971,0.00044421837,0.00016865275,0.084341794,0.0007408056,0.36217928
7972,0.0015011822,0.00011235328,0.08137364,0.0006070756,0.2441827
7973,0.0010005044,9.4612624e-05,0.08464396,0.00072365726,0.23651622
7974,0.00016603847,0.0003150387,0.02120612,9.993032e-05,0.2220247
7975,0.0011116682,0.00048029725,0.10539454,0.00027803096,0.2881683
7976,6.976471e-05,5.2252268e-05,0.12776141,0.0006959537,0.1534223
7977,0.0007643033,0.00042388475,0.18624303,0.00016093082,0.7244806
7978,0.0005274784,0.0011291547,0.063714996,0.0003799845,0.2776688
7979,0.0003487043,0.0003029734,0.05165378,0.00024923251,0.1765296
7980,0.0011786721,0.00011147904,0.12819736,0.0014381354,0.29604334
7981,0.001264422,0.0001168284,0.021864556,0.00014539114,0.045015533
7982,0.00021485926,0.00024156629,0.008124708,0.0004565269,0.01784874
7983,8.7503e-05,0.0002846224,0.26702574,0.000559291,0.006241259
7984,0.00028685408,0.00023597175,0.17924304,9.83812e-05,0.039268754
7985,0.00050333556,0.00021654405,0.13273923,0.0017342081,0.027169233
7986,0.00062389387,0.00039977103,0.2516477,0.00028685408,0.009196552
7987,0.0008899655,8.957789e-05,0.017917344,0.0011116682,0.023870835
7988,0.0007408056,0.00013765463,0.013584392,6.302759e-05,0.017576884
7989,9.915273e-05,0.0001072088,0.20450072,0.00015967865,0.04922211
7990,0.0003889921,0.00044421837,0.042166542,0.0011380006,0.016340127
7991,0.00048785712,0.00025714198,0.0040860027,0.0006615174,0.006289902
7992,0.0003740956,0.00023050673,0.03890198,0.0003799845,0.04232459
7993,0.00018522576,0.00015236755,0.09451043,0.0006462033,0.0047737225
7994,0.00042058743,7.311254e-05,0.057599206,0.00015720345,0.047958102
7995,0.00015720345,6.761842e-05,0.07906799,0.00012436225,0.0493136
7996,7.0863265e-05,3.194182e-05,0.07504072,0.00044421837,0.027169233
7997,0.00039977103,5.9209164e-05,0.18817474,0.00056588,0.02211659
7998,0.0004897656,3.2699274e-05,0.018089995,0.00035557945,0.01685008
7999,0.00021654405,0.014172367,0.03574581,0.00069054146,0.013325147
8000,0.00022516825,0.013689478,0.038683496,5.874842e-05,0.012576348
8001,0.0005378764,0.0020587533,0.039490405,0.0002098831,0.0075187176
8002,0.0005703157,0.0063635735,0.043609526,0.0049245106,0.014172367
8003,0.0139557095,0.00619299,0.020449394,0.00054847926,0.008511303
8004,0.016152835,0.0044337655,0.058131598,0.00035143827,0.14010079
8005,0.0035106493,0.011823394,0.9470882,0.0004424873,0.009340025
8006,0.0021489493,0.011732464,0.97662467,0.00021995338,0.029035643
8007,0.014447852,0.0079997545,0.94468933,0.00039511538,0.00402291
8008,0.021044567,0.008511303,0.97085404,0.00026323833,0.0033897832
8009,0.0018315102,0.01433703,0.93108755,5.104191e-05,0.007606672
8010,0.0030396497,0.0074030147,0.9755769,0.0013831174,0.007093862
8011,0.0026112476,0.01784874,0.9566342,0.00040606395,0.007968815
8012,0.0038543637,0.012673736,0.99040353,0.00092178053,0.012053779
8013,0.008610767,0.06779314,0.79581684,0.0003668626,0.02072506
8014,0.0018602987,0.0021997981,0.7272012,0.00013873412,0.016152835
8015,0.007846239,0.0045738644,0.937669,0.023419945,0.009522486
8016,0.004736749,0.021165619,0.80730873,0.14235108,0.013902059
8017,0.004150081,0.0017007225,0.92956835,0.013171949,0.017576884
8018,0.0016356753,0.00519988,0.9314625,0.13488984,0.0075479234
8019,0.01461567,0.0087791085,0.9686196,0.15215817,0.010408314
8020,0.011029471,0.020488555,0.91212356,0.07821887,0.14163722
8021,0.01685008,0.0047737225,0.980053,0.11716747,0.1066906
8022,0.018511046,0.0029235429,0.9666631,0.012053779,0.003976228
8023,0.008711385,0.019794779,0.95783347,0.054802597,0.022672439
8024,0.0027900378,0.00047470425,0.95735765,0.042802144,0.017375665
8025,0.0014437558,0.0066411127,0.84645087,0.092359796,0.020567095
8026,0.0017007225,0.022629201,0.97023994,0.004166256,0.012673736
8027,0.0013250224,0.0279544,0.975249,0.07263671,0.00039666123
8028,0.009268014,0.0053018946,0.9614615,0.037750274,0.00025315638
8029,0.0039148238,0.03216145,0.954393,0.109134786,0.00017813111
8030,0.0070664007,0.0036076165,0.96472245,0.0527164,0.00012533752
8031,0.0036642202,0.004792317,0.9650533,0.039564554,0.00025714198
8032,0.0037654135,0.013636836,0.7424217,0.034164816,0.0006641048
8033,0.0107767265,0.0046818224,0.8818186,0.14523655,0.0011469158
8034,0.018194368,0.022414217,0.9064877,0.2564594,0.0002959571
8035,0.01685008,0.007846239,0.96891505,0.02120612,0.00023968685
8036,0.0028338498,0.007665875,0.8255897,0.09807933,0.00029137006
8037,0.020685459,0.000865981,0.9783433,0.034036152,0.000310156
8038,0.0057525453,0.00698465,0.9695556,0.031261913,0.00023231418
8039,0.013376604,0.00026119032,0.9181873,0.15456733,0.0002098831
8040,0.00930395,0.00017400544,0.9542227,0.039121646,0.00032250723
8041,0.03461884,0.0005976694,0.94218844,0.007695647,0.0005233757
8042,0.0035796429,0.0010044164,0.971779,0.031678624,0.00011591935
8043,0.0034970103,0.0003668626,0.950411,0.025035424,0.000117744596
8044,0.0017546144,0.0002959571,0.93581736,0.043123372,0.0010083435
8045,0.0056638657,0.00019716943,0.52825963,0.003649987,7.782753e-05
8046,0.021409769,0.0008525666,0.9828892,0.007968815,0.00014202365
8047,0.002521268,5.967352e-05,0.76960015,0.022286186,0.00013342
8048,0.0079997545,7.602479e-05,0.8794577,0.059101548,0.0003935756
8049,0.00305151,9.761566e-05,0.9012275,0.07682221,0.0006000072
8050,0.0021405893,9.3145936e-05,0.94355595,0.105948284,4.4001186e-05
8051,0.007176882,0.0012793075,0.92879725,0.036838703,0.0022694687
8052,0.0011247575,0.00056588,0.8873999,0.13072868,7.543321e-05
8053,0.00059071044,0.0011203773,0.88100195,0.005060332,0.0003433
8054,0.00029137006,0.00010637458,0.9694401,0.30002728,0.0007069056
8055,0.0005420927,0.00041245588,0.94957596,0.03197956,0.00016474655
8056,0.0017477857,0.00046190585,0.909907,0.052037824,0.0001823546
8057,0.00049747445,6.761842e-05,0.8401279,0.018299332,0.00022516825
8058,0.0006538155,9.83812e-05,0.6448963,0.13330235,0.00012830943
8059,0.0003473453,7.197912e-05,0.93379396,0.063134894,0.00026738262
8060,0.00072932884,0.000981172,0.9540518,0.07250525,0.00066670234
8061,0.00058840885,0.0003799845,0.8749346,0.03061778,0.0006190417
8062,0.0008864989,0.001867566,0.9395816,0.9688562,0.0001313518
8063,0.00059302105,0.0003029734,0.95606345,0.93991333,0.00012243443
8064,0.0014664583,9.1701964e-05,0.8494724,0.98475236,8.888085e-05
8065,0.0019646613,0.00012339458,0.8440237,0.9882676,0.00012243443
8066,0.00084924564,0.00024156629,0.85415626,0.8687154,0.00037118542
8067,0.00025315638,0.0004156895,0.7310586,0.9432431,7.782753e-05
8068,0.00024729347,0.00062633416,0.9408984,0.8866169,0.00096975197
8069,0.00071802974,0.00024923251,0.8193158,0.97334224,0.0001673405
8070,0.00015843622,0.00046734812,0.9480585,0.90105337,0.00023413582
8071,0.0005295418,7.843789e-05,0.9407897,0.93071055,0.00037118542
8072,0.00035557945,0.00012533752,0.8938666,0.966028,0.00033535014
8073,0.0037362205,0.00010804956,0.9533619,0.8286616,0.0003459916
8074,0.0015487612,0.00015236755,0.9378969,0.9392481,0.00019260288
8075,0.0004897656,6.868318e-05,0.9587699,0.8872046,0.00014768039
8076,0.0011116682,0.00034196206,0.8940517,0.84834504,0.0002824081
8077,0.00019871553,0.00014091856,0.94815457,0.9158089,0.00011591935
8078,9.761566e-05,0.0006719278,0.8768455,0.9329437,0.0006166297
8079,9.6856085e-05,0.0018386652,0.9224824,0.8933094,0.00029137006
8080,0.00024729347,0.00019871553,0.6572085,0.7300975,0.00078547397
8081,0.0004029052,0.00010229985,0.56949353,0.96879715,3.0006622e-05
8082,0.0002846224,3.2444816e-05,0.8632764,0.9335521,0.00021654405
8083,0.00052133633,0.0010944522,0.89423656,0.7403621,0.00031999825
8084,0.00018522576,0.00020184422,0.8492225,0.8465777,6.868318e-05
8085,5.0250615e-05,0.00044945232,0.8929365,0.9300781,0.0001673405
8086,0.00039051395,0.0003150387,0.7106283,0.9812029,0.00268344
8087,8.029784e-05,0.00027159214,0.89478946,0.86431044,0.015247591
8088,0.00029365462,8.156225e-05,0.9716717,0.9437636,0.007093862
8089,0.0008830458,0.00035697065,0.8784186,0.8472108,0.013273886
8090,9.3145936e-05,0.00028910325,0.9723622,0.6693127,0.0033634927
8091,0.00094361923,0.00049553596,0.9293122,0.94891727,0.0032224844
8092,0.00022693386,0.05592617,0.8734309,0.9184803,0.009268014
8093,8.092757e-05,0.1284158,0.94757545,0.7699463,0.00041406954
8094,0.00038147115,0.021656677,0.9032942,0.92775697,0.0031115087
8095,5.433365e-05,0.008251599,0.9614615,0.54592127,0.004054334
8096,0.00010804956,0.06979492,0.9164094,0.8795612,0.002074867
8097,6.868318e-05,0.14755519,0.9803562,0.96641046,0.012722708
8098,0.00078241405,0.025809623,0.9032942,0.9431384,0.008219693
8099,0.00051728135,0.15571934,0.9764905,0.92775697,0.007937994
8100,0.0003275843,0.12389466,0.89218736,0.9273633,0.017110888
8101,0.0010083435,0.1425897,0.95719784,0.89368117,0.02145073
8102,0.0001823546,0.28806815,0.9238675,0.9314625,0.003324437
8103,0.03061778,0.01627746,0.86431044,0.90414387,0.01678549
8104,0.12678517,0.090735495,0.90000373,0.9687381,0.014172367
8105,0.021532876,0.017045317,0.93451476,0.8969756,0.0047183693
8106,0.036908064,0.041539967,0.9395816,0.9619649,0.0140636265
8107,0.046205748,0.05281402,0.909907,0.92359227,0.0075772414
8108,0.042642392,0.010091316,0.9334308,0.66508436,0.0042151595
8109,0.043854564,0.06766981,0.91321325,0.91715443,0.0017342081
8110,0.068662286,0.0070117954,0.97118384,0.98378503,0.0011513996
8111,0.026355354,0.14560063,0.888372,0.9641868,0.011419615
8112,0.018869255,0.031618766,0.7490872,0.8490974,0.0011513996
8113,0.06500873,0.016721142,0.9147487,0.9542227,0.005448068
8114,0.0586686,0.030733928,0.9898303,0.97107434,0.0033634927
8115,0.049589027,0.041230027,0.96232057,0.86826926,0.009859855
8116,0.084341794,0.031738594,0.99047756,0.8740772,0.003442981
8117,0.0586686,0.072243005,0.98657167,0.9364014,0.0228462
8118,0.039268754,0.008187911,0.95506835,0.9753431,0.0040072887
8119,0.083740406,0.025908021,0.8893368,0.9657707,0.0054905633
8120,0.03321117,0.007815889,0.9418684,0.83682144,0.0010817152
8121,0.041075893,0.23528406,0.8251675,0.81449586,0.0014437558
8122,0.09825223,0.110855594,0.91550726,0.8967949,0.034358688
8123,0.07572137,0.03061778,0.96518475,0.9312127,0.0031480708
8124,0.07723878,0.02964751,0.950411,0.9034647,0.013480103
8125,0.124319285,0.077937685,0.92523,0.9641868,0.007785655
8126,0.09790669,0.016029147,0.95257413,0.95430803,0.0053640567
8127,0.024376597,0.14187485,0.9432431,0.9308365,0.0022518474
8128,0.041075893,0.03204008,0.87536144,0.95506835,0.019794779
8129,0.21174264,0.012194132,0.93980294,0.89423656,0.00685048
8130,0.13262685,0.2596379,0.3599264,0.896614,0.00020184422
8131,0.34114337,0.064065434,0.917746,0.43116498,0.00019871553
8132,0.08866235,0.8283842,0.6548947,0.9036349,0.0001823546
8133,0.030214587,0.93158704,0.6252093,0.8812066,0.00030534892
8134,0.23651622,0.95869267,0.7789858,0.74706274,0.0008864989
8135,0.034553625,0.96102494,0.27542195,0.8923751,7.905304e-05
8136,0.024099445,0.80084777,0.35532737,0.9405718,0.0007069056
8137,0.026405517,0.52346605,0.69637144,0.9230392,0.0006436856
8138,0.13240233,0.91102153,0.39653543,0.9716717,0.00053578056
8139,0.10320506,0.9621787,0.5856937,0.98235554,0.0014895174
8140,0.032836955,0.84504944,0.76629364,0.75868946,0.0001313518
8141,0.20930801,0.5341265,0.8636218,0.9034647,0.00063124346
8142,0.0066411127,0.9593071,0.63431686,0.97204566,0.00081355654
8143,0.12168575,0.9523088,0.32391453,0.9273633,7.197912e-05
8144,0.18579942,0.8897206,0.5089483,0.9621787,0.00039204178
8145,0.046119746,0.54295415,0.39542598,0.91398406,0.0001344663
8146,0.0567569,0.7300975,0.19314739,0.76960015,0.0004029052
8147,0.007907292,0.83508044,0.76383626,0.86960393,0.00019871553
8148,0.21617697,0.9187722,0.557755,0.9574373,0.00056588
8149,0.17023194,0.7856377,0.3625177,0.7981868,0.0013993983
8150,0.2809122,0.95379424,0.1504028,0.7934263,5.967352e-05
8151,0.026205415,0.9360516,0.54791766,0.7839885,0.00032503586
8152,0.009161027,0.81960475,0.64556694,0.7348813,0.00023231418
8153,0.012241275,0.85342485,0.42059958,0.69357675,9.09884e-05
8154,0.03216145,0.79581684,0.42518753,0.9635062,0.0042151595
8155,0.8838389,0.9097468,0.26208568,0.8773718,0.0003740956
8156,0.96210754,0.84234506,0.12506539,0.7189892,0.00092900335
8157,0.9568766,0.9174507,0.23231015,0.97608364,0.00014883849
8158,0.87386215,0.5527208,0.21601155,0.94994867,0.00075835997
8159,0.9518632,0.8657925,0.3575675,0.9014011,0.0004691764
8160,0.9797453,0.90105337,0.6960617,0.9868281,0.00029137006
8161,0.9342753,0.7394224,0.78099674,0.9822196,0.000621463
8162,0.91949815,0.8881781,0.5822535,0.9720986,0.00029827765
8163,0.9142907,0.84645087,0.5794004,0.93593454,6.5028165e-05
8164,0.8665848,0.70548075,0.55932015,0.98365986,0.00019110432
8165,0.92905515,0.84117436,0.60743034,0.89199936,0.00059071044
8166,0.79438496,0.5183176,0.46778756,0.96102494,0.00024346048
8167,0.89218736,0.91920847,0.5649387,0.937669,0.0003275843
8168,0.8916225,0.85729086,0.6962682,0.94610083,6.402006e-05
8169,0.9032942,0.79645085,0.6052742,0.7159208,0.00019563535
8170,0.8204695,0.8373541,0.17967445,0.9046505,0.00036259004
8171,0.8624676,0.6398486,0.77475387,0.84606963,0.05520869
8172,0.96050966,0.94728357,0.54049945,0.9510514,0.42895088
8173,0.8183016,0.76454014,0.51626015,0.692226,0.16277891
8174,0.5895392,0.67415774,0.4124118,0.8050198,0.02665774
8175,0.9207897,0.68763,0.4325427,0.90000373,0.29431638
8176,0.9614615,0.84619683,0.34048516,0.46135044,0.36139008
8177,0.91978675,0.6437773,0.58219415,0.89143354,0.05033063
8178,0.90448195,0.798344,0.317109,0.93593454,0.023825368
8179,0.8480936,0.9427181,0.21304953,0.88038635,0.03027187
8180,0.9187722,0.83346015,0.5290049,0.7595823,0.015072629
8181,0.80942667,0.7523766,0.14057204,0.7212526,0.07723878
8182,0.8407826,0.8987666,0.17023194,0.9566342,0.029816542
8183,0.86048645,0.8794577,0.43704247,0.84453726,0.018833129
8184,0.8505928,0.93463415,0.6803479,0.9003547,0.034229323
8185,0.9167081,0.48983142,0.67661995,0.91700584,0.005708034
8186,0.95473194,0.928668,0.38277572,0.7268136,0.11476479
8187,0.8978745,0.50806355,0.49014407,0.92709976,0.2507293
8188,0.71273226,0.91212356,0.30054024,0.9819447,0.1229438
8189,0.8091252,0.90000373,0.21783626,0.94910634,0.122838534
8190,0.9145963,0.6995624,0.7068991,0.9631613,0.22135067
8191,0.9739932,0.6761924,0.63329685,0.9124362,0.1161611
8192,0.9401336,0.82976806,0.44326904,0.9816304,0.016090874
8193,0.9753431,0.9718326,0.88543355,0.9694401,0.14247034
8194,0.9514138,0.7992857,0.3697701,0.9723622,0.011961099
8195,0.9601375,0.950503,0.66974485,0.93698055,0.037538007
8196,0.94068086,0.8697146,0.48105764,0.92359227,0.06052939
8197,0.81815636,0.87652874,0.2166738,0.9005298,0.03963884
8198,0.8533026,0.8113773,0.35175627,0.5319085,0.037047166
8199,0.9486325,0.7373473,0.3413629,0.91700584,0.02865267
8200,0.93451476,0.74632394,0.32917604,0.94208187,0.004810983
8201,0.62646705,0.8679338,0.47831565,0.54295415,0.08035747
8202,0.96309197,0.8543993,0.42441198,0.97204566,0.02220123
8203,0.8726732,0.799129,0.33873305,0.90632194,0.289874
8204,0.9507779,0.5211056,0.6688803,0.96378,0.105948284
8205,0.8842393,0.85145944,0.32928386,0.9542227,0.037892427
8206,0.93451476,0.8958876,0.28397992,0.9596866,0.03378023
8207,0.746139,0.8045595,0.6779006,0.9817007,0.11636177
8208,0.9383503,0.87310666,0.8451773,0.95735765,0.07030385
8209,0.9562273,0.7193836,0.5468289,0.97161794,0.029035643
8210,0.8005361,0.7895584,0.43428135,0.9488225,0.055515114
8211,0.9678993,0.8067004,0.3484234,0.9019207,0.84038997
8212,0.8600169,0.47858974,0.68899184,0.92683524,0.8830344
8213,0.9439706,0.98803884,0.25851312,0.96653706,0.83801806
8214,0.97931457,0.9242787,0.17370832,0.87652874,0.9906961
8215,0.97414124,0.80639565,0.6423203,0.9046505,0.8895288
8216,0.8872046,0.8265718,0.4269188,0.88543355,0.82741016
8217,0.67800725,0.66562796,0.44951347,0.93674946,0.86408126
8218,0.92827886,0.78464925,0.8311431,0.9081302,0.79549927
8219,0.83318895,0.7558173,0.4442634,0.84530497,0.876423
8220,0.9533619,0.55880857,0.45504722,0.8500957,0.87589324
8221,0.9032942,0.89533985,0.73392886,0.96021223,0.9628831
8222,0.84872156,0.44676623,0.4885808,0.9824905,0.9314625
8223,0.86350673,0.41762772,0.605799,0.93439513,0.6633419
8224,0.7318259,0.6658453,0.4214923,0.82417905,0.9685601
8225,0.9712929,0.51949084,0.41555095,0.9474783,0.86153823
8226,0.9655115,0.8631611,0.3407045,0.95814794,0.94844174
8227,0.891055,0.45202187,0.32831404,0.9312127,0.9263037
8228,0.9763557,0.8578872,0.651133,0.9320833,0.9267028
8229,0.8562122,0.86815757,0.53236437,0.9403531,0.91022676
8230,0.938576,0.84117436,0.31027624,0.8233284,0.9231778
8231,0.90582335,0.8576489,0.3047654,0.86083776,0.8949732
8232,0.88161486,0.85512674,0.8899121,0.89552265,0.70740473
8233,0.96210754,0.6583077,0.5661984,0.92290026,0.96697646
8234,0.9554855,0.82233185,0.526921,0.9656413,0.92762595
8235,0.879043,0.97140163,0.39951876,0.91228,0.6831025
8236,0.9783433,0.6681228,0.42835295,0.880797,0.8951567
8237,0.86815757,0.9324533,0.49194404,0.8470844,0.86916035
8238,0.8472108,0.7210562,0.69388795,0.7892337,0.80700475
8239,0.9300781,0.6827853,0.662469,0.5410451,0.73163426
8240,0.91117966,0.33220208,0.15354916,0.94844174,0.8077641
8241,0.9186264,0.66519314,0.4585002,0.89423656,0.67362124
8242,0.7876047,0.69688743,0.39513415,0.27688602,0.9688562
8243,0.8098782,0.54945934,0.5669778,0.39595136,0.9103862
8244,0.90582335,0.83508044,0.15882562,0.68299675,0.76977324
8245,0.7801604,0.9567152,0.0005193049,0.4390858,0.8290773
8246,0.70456684,0.84479356,0.0016293088,0.6797104,0.8418256
8247,0.47288126,0.86476797,0.00085924764,0.47405285,0.8409133
8248,0.86601925,0.9142907,0.0003029734,0.53127015,0.93306583
8249,0.79692537,0.49169996,5.2662068e-05,0.615839,0.97107434
8250,0.9064877,0.82949203,0.0012594986,0.10800066,0.9749169
8251,0.831006,0.81420064,0.00022516825,0.7412996,0.94165415
8252,0.85729086,0.7659437,0.00045474793,0.33796784,0.5670977
8253,0.8645393,0.84169555,9.993032e-05,0.4164406,0.94844174
8254,0.8713654,0.6918097,0.0014493985,0.2856708,0.9619649
8255,0.81655276,0.9012275,0.00010391067,0.4315842,0.96309197
8256,0.9554855,0.39053392,0.00015236755,0.4063907,0.8822251
8257,0.9513234,0.8812066,0.0002846224,0.467271,0.979354
8258,0.8499712,0.91655886,0.00078547397,0.69699055,0.9145963
8259,0.9634375,0.8812066,0.0006462033,0.5813625,0.9105454
8260,0.82032555,0.63815904,0.00028685408,0.16224726,0.7611836
8261,0.98481095,0.6008912,4.365878e-05,0.09687654,0.9462997
8262,0.8113773,0.98445636,0.0007702932,0.6163587,0.88363826
8263,0.87234735,0.8552477,0.00307537,0.65665823,0.80193585
8264,0.7816641,0.8056322,0.00054847926,0.76977324,0.93033177
8265,0.8568123,0.5360093,0.0030994155,0.6962682,0.86703575
8266,0.83575183,0.71721,0.0013250224,0.58699644,0.93195957
8267,0.8301815,0.48604944,0.00058155763,0.49263814,0.906156
8268,0.9724148,0.25349122,0.00041084853,0.6894102,0.96309197
8269,0.95150405,0.9396923,0.004886375,0.35142234,0.6999727
8270,0.95735765,0.76559335,0.0012545944,0.3715926,0.9549844
8271,0.9712385,0.55525434,0.0007613258,0.66508436,0.9758085
8272,0.9468921,0.8881781,0.00022693386,0.54876417,0.9129032
8273,0.82824534,0.37011155,0.00071244594,0.38624245,0.9329437
8274,0.9119669,0.93367314,0.0006411777,0.3900692,0.87610537
8275,0.90582335,0.89312315,0.00071244594,0.3377494,0.8897206
8276,0.9551521,0.91550726,0.00026947918,0.6318215,0.89312315
8277,0.9518632,0.8267118,0.0019418169,0.49596035,0.7905303
8278,0.98235554,0.9019207,0.0005378764,0.38966265,0.95775455
8279,0.9664738,0.9014011,0.00013342,0.49124238,0.9592307
8280,0.8659059,0.4861943,0.0002551414,0.3213535,0.8727817
8281,0.90829307,0.64052343,0.0005112579,0.28358296,0.93651766
8282,0.9103862,0.3474264,0.0007069056,0.25367606,0.9549844
8283,0.928668,0.7801604,0.00061183405,0.31289464,0.9263037
8284,0.717408,0.41572884,0.00012148176,0.6305712,0.8893368
8285,0.9007046,0.3709087,7.197912e-05,0.60556585,0.8873999
8286,0.93108755,0.88856554,0.00029365462,0.44212458,0.96189344
8287,0.84504944,0.572663,0.00012931564,0.51465946,0.9589241
8288,0.93913656,0.5273013,0.01621503,0.12808825,0.8286616
8289,0.9222025,0.28368217,0.03601607,0.22000709,0.9535353
8290,0.8465777,0.46517485,0.018725162,0.61173,0.8677098
8291,0.96095175,0.33796784,0.007093862,0.29900283,0.9014011
8292,0.92121595,0.5493989,0.005060332,0.7972413,0.86188734
8293,0.9565531,0.49414852,0.014227047,0.2441827,0.93257624
8294,0.79198194,0.18388654,0.0026419468,0.17681369,0.98228765
8295,0.84453726,0.72311395,0.008950711,0.5027389,0.9703525
8296,0.567637,0.22185606,0.0068771075,0.22000709,0.8454327
8297,0.8678218,0.6570985,0.007907292,0.8040984,0.73163426
8298,0.9751545,0.43266258,0.0017821963,0.36037648,0.8337311
8299,0.9353465,0.24454336,0.0038096302,0.5699125,0.9860443
8300,0.7604728,0.4929051,0.02076474,0.83196384,0.87396973
8301,0.9144437,0.5926077,0.009936419,0.6271523,0.8763172
8302,0.8873999,0.6932653,0.0022783307,0.5067097,0.53518957
8303,0.8581252,0.60515755,0.006073934,0.2982869,0.7543726
8304,0.96050966,0.49935198,0.016340127,0.18742996,0.80730873
8305,0.9071478,0.28957254,0.004792317,0.12485182,0.7507356
8306,0.91102153,0.5983122,0.013795364,0.24926445,0.9034647
8307,0.8958876,0.5095966,0.0056638657,0.18817474,0.883236
8308,0.61981654,0.67854,0.009936419,0.15002882,0.79486305
8309,0.81479084,0.16981852,0.005685907,0.41040182,0.6775807
8310,0.59690315,0.49912545,0.0017477857,0.43488124,0.55823666
8311,0.7720154,0.647241,0.0006719278,0.39443418,0.6932653
8312,0.15316878,0.44028872,0.006463138,0.44031885,0.91891783
8313,0.4139509,0.5551338,0.003524341,0.42268336,0.49117368
8314,0.32177958,0.70161086,0.0015129384,0.38121954,0.84645087
8315,0.5555558,0.46629873,0.00020027377,0.18728128,0.8365546
8316,0.46956584,0.14010079,0.0013670257,0.46447644,0.7942254
8317,0.6629056,0.6361271,0.0020348171,0.7879312,0.7767923
8318,0.64567864,0.682891,0.002800927,0.6222872,0.78874594
8319,0.5816002,0.70354944,0.0012693645,0.5366772,0.93171144
8320,0.44489637,0.5374663,0.0047737225,0.1999321,0.95775455
8321,0.6784335,0.7498207,0.009783876,0.2630311,0.8513358
8322,0.8548847,0.7507356,0.004736749,0.4358415,0.9670388
8323,0.53825516,0.5750511,0.0063635735,0.5533243,0.98302
8324,0.52643406,0.43464127,0.0051196762,0.6841585,0.9670388
8325,0.42721745,0.4664203,0.0031236487,0.50363153,0.9216402
8326,0.4312848,0.47195333,0.00081355654,0.071981624,0.840259
8327,0.6598436,0.42196864,0.0017614696,0.5696133,0.90414387
8328,0.29543313,0.44074005,0.0013045066,0.5591998,0.87557435
8329,0.61566573,0.7472472,0.000865981,0.100172214,0.8662457
8330,0.6253237,0.2812082,0.003235056,0.71582144,0.9250947
8331,0.35857764,0.4287715,0.0013511209,0.7411123,0.89858866
8332,0.516443,0.43638182,0.00042058743,0.5615755,0.9563089
8333,0.53282017,0.55564624,0.033844035,0.39770445,0.86223567
8334,0.6719013,0.15316878,0.0006851713,0.71869314,0.95068645
8335,0.5618159,0.27279878,0.0012448432,0.29118237,0.8440237
8336,0.4304466,0.7520126,0.007846239,0.22422527,0.51894236
8337,0.6803479,0.35298198,0.00089344557,0.58456767,0.6124835
8338,0.66551924,0.40957496,0.0028671585,0.24346252,0.77881753
8339,0.59960234,0.5542895,0.0010987311,0.3970029,0.58154076
8340,0.35745537,0.36670312,0.0022430879,0.38572168,0.97046465
8341,0.32146,0.30435172,0.0053640567,0.5507282,0.78825736
8342,0.71711093,0.39338502,0.0030873695,0.6633419,0.94994867
8343,0.26265267,0.38676342,0.004198795,0.32637876,0.7567173
8344,0.30850264,0.23144047,0.00024346048,0.27717942,0.9049869
8345,0.21917035,0.24472383,0.0020587533,0.20545557,0.59684443
8346,0.5646987,0.4523545,0.0063143647,0.6220577,0.6646491
8347,0.6837363,0.49870116,0.0019955386,0.77475387,0.90894175
8348,0.5125325,0.3774259,0.0007916296,0.52331376,0.8912444
8349,0.27299255,0.60112536,0.5758266,0.73335636,0.9904406
8350,0.35521552,0.32359383,0.7134316,0.7929457,0.87966454
8351,0.4908,0.7073036,0.9404625,0.24238491,0.9168571
8352,0.7364006,0.25275275,0.6567684,0.34820172,0.93891287
8353,0.9043131,0.30218512,0.2874677,0.28487435,0.8322367
8354,0.49920797,0.39495912,0.817283,0.08787644,0.89912134
8355,0.09285216,0.5134931,0.6729768,0.4535946,0.7405498
8356,0.45005724,0.27855107,0.5941392,0.07423137,0.93033177
8357,0.12273334,0.22405544,0.58456767,0.1425897,0.9817707
8358,0.13511792,0.43182373,0.7754348,0.47565103,0.97090924
8359,0.2867681,0.6190684,0.21272224,0.11736965,0.67017674
8360,0.51590955,0.38983688,0.55486244,0.5567611,0.96909106
8361,0.33654907,0.71472764,0.19421494,0.6374823,0.5563996
8362,0.33111975,0.4549867,0.60235405,0.381738,0.82147413
8363,0.46839544,0.5477362,0.317109,0.00083935994,0.7699463
8364,0.80837,0.6295469,0.76171577,0.0003982131,0.9022657
8365,0.66366893,0.8097278,0.84117436,0.0010484692,0.56115466
8366,0.7132319,0.43998796,0.4834655,0.0002082501,0.80942667
8367,0.46717983,0.45665208,0.6378207,0.0017821963,0.93991333
8368,0.8286616,0.12973315,0.72282064,0.0009927262,0.8828326
8369,0.7512834,0.88875884,0.73885757,0.00044076296,0.90878
8370,0.4689122,0.4201832,0.55410856,0.0013198634,0.81757444
8371,0.276007,0.5053938,0.8558512,0.0014837189,0.8206132
8372,0.48178902,0.4291901,0.37307605,0.0010242064,0.91625965
8373,0.5343392,0.84872156,0.32831404,0.0021742254,0.85512674
8374,0.4282334,0.5642185,0.53731453,0.00022693386,0.7052778
8375,0.28776783,0.50949746,0.51522356,0.0010566838,0.46177518
8376,0.68489665,0.24926445,0.5634981,0.0027044292,0.8596637
8377,0.4451677,0.46304968,0.6831025,0.0009735438,0.7192851
8378,0.335242,0.33535084,0.626924,0.0020348171,0.42214724
8379,0.40533105,0.4128852,0.8528129,0.0005442133,0.72845864
8380,0.32060856,0.30125925,0.54192406,0.00462753,0.56559867
8381,0.4046839,0.2165081,0.5979014,0.00189692,0.55419904
8382,0.46553937,0.46177518,0.79787195,0.0013511209,0.44010827
8383,0.37926343,0.5621164,0.84428066,0.00059071044,0.7505527
8384,0.3298233,0.38300648,0.67896587,0.00017400544,0.45450243
8385,0.58308464,0.20753574,0.33818638,0.00013342,0.7631309
8386,0.6225741,0.00092538487,0.5743351,0.00012731104,0.3599264
8387,0.4601979,0.0020667946,0.43374163,0.00039204178,0.7314424
8388,0.7442848,0.00021485926,0.30321574,0.001133569,0.5744545
8389,0.4735659,0.0010362669,0.33971807,0.003235056,0.41436553
8390,0.7000752,0.0003275843,0.38093165,0.002570868,0.7403621
8391,0.58498263,9.6856085e-05,0.5115031,0.00011412239,0.3978799
8392,0.3644382,0.0015129384,0.6218854,0.00072932884,0.5909563
8393,0.4446853,8.8189234e-05,0.7442848,0.0008459375,0.77662295
8394,0.42250463,0.00040606395,0.27512974,7.141902e-05,0.4325427
8395,0.71839684,0.00020027377,0.92879725,0.00045121065,0.7559974
8396,0.48203287,0.0008295892,0.9032942,0.00018814208,0.54870373
8397,0.000493605,0.000932636,0.84556025,0.0006851713,0.65665823
8398,0.0016356753,0.0006411777,0.479656,0.00044076296,0.52597755
8399,0.0005976694,0.0014664583,0.74186105,0.038683496,0.78365755
8400,0.0011160142,0.00014091856,0.4972115,0.0021912407,0.29533154
8401,0.00094730896,0.0013564017,0.6453435,0.004886375,0.21983956
8402,0.0011786721,0.00010391067,0.47764555,0.00044945232,0.68846846
8403,0.00035143827,0.0004322415,0.5684158,0.0052608517,0.3869372
8404,0.00060945016,0.00015000567,0.575588,0.009859855,0.06656919
8405,0.00041406954,0.0019267347,0.23899394,0.009055264,0.347205
8406,0.00083935994,0.00041406954,0.6543428,0.0053849383,0.31226513
8407,0.0006166297,0.0003406293,0.2766905,0.03711691,0.45504722
8408,6.253713e-05,0.00048217614,0.20260091,0.005060332,0.79246426
8409,0.00049168157,0.00049747445,0.5809465,0.0059803305,0.8406518
8410,0.00015476662,0.00030061635,0.89423656,0.0039148238,0.70740473
8411,0.00030061635,0.00016093082,0.9019207,0.00519988,0.7552762
8412,0.0016875096,0.00020184422,0.8250265,0.008985429,0.52965873
8413,0.001044386,0.0031603526,0.409634,0.034553625,0.24256428
8414,0.001044386,0.0005378764,0.6703925,0.0039300853,0.74148685
8415,0.00028021098,0.00024729347,0.5373752,0.011642224,0.5025387
8416,0.00057929166,0.00189692,0.40344933,0.010169658,0.6220577
8417,0.00014202365,0.0009927262,0.79182106,0.014957086,0.26095408
8418,0.0003597694,0.00046552691,0.603114,0.0009850083,0.19452077
8419,0.00040924744,0.00019871553,0.73753643,0.0014158707,0.39408436
8420,0.00016474655,0.0005527786,0.8864204,0.0113756005,0.4009839
8421,0.0004076526,0.0010987311,0.39729518,0.0038996208,0.6798167
8422,0.00010229985,0.0004691764,0.57397693,0.02220123,0.7967673
8423,0.0019955386,9.1701964e-05,0.7636601,0.0037362205,0.58883005
8424,0.00041245588,0.00044770088,0.7214489,0.0011786721,0.79613405
8425,0.00189692,0.0002846224,0.62566686,0.00498227,0.83467656
8426,0.0025016968,0.0005132579,0.6663882,0.0015367271,0.6676896
8427,0.00072365726,0.0027149853,0.77713084,0.003649987,0.20785716
8428,0.0012594986,0.014281933,0.73772544,0.0022083889,0.16708273
8429,0.0003935756,0.0043994132,0.43122488,0.00305151,0.05572029
8430,0.0007152324,0.0070117954,0.7003827,0.009670992,0.3981139
8431,0.00037118542,0.010693758,0.19713514,0.0024154831,0.20561503
8432,0.00033015272,0.015072629,0.7942254,0.013428255,0.33731267
8433,0.0010566838,0.012920474,0.15482272,0.0073743653,0.36636302
8434,0.0005976694,0.0029926654,0.64567864,0.0033897832,0.67114735
8435,0.0025909794,0.07068779,0.45746994,0.0012793075,0.75219464
8436,0.0042315875,0.0017546144,0.71412987,0.00024729347,0.85705173
8437,0.016090874,0.002889581,0.08006927,0.001507049,0.34521562
8438,0.011158031,0.013428255,0.27904198,0.002463007,0.40139446
8439,0.010052369,0.004468384,0.5313918,0.002673006,0.2104416
8440,0.0068239546,0.004297939,0.09186979,0.0035657366,0.43506128
8441,0.009559399,0.0067975316,0.11221036,0.0024154831,0.76803803
8442,0.0075479234,0.0012303583,0.32788345,0.0012018913,0.50806355
8443,0.0026112476,0.033652965,0.2590751,0.0017546144,0.71780384
8444,0.0032858334,0.0009362828,0.31048527,0.0025311112,0.65423226
8445,0.0028118587,0.0022606407,0.23057307,0.00519988,0.5043143
8446,0.0053018946,0.010328152,0.039862495,0.00044076296,0.6435533
8447,0.004054334,0.003442981,0.2617081,0.001455063,0.3828911
8448,0.007232764,0.0032099616,0.18922126,0.0020829707,0.24166831
8449,0.006241259,0.00015967865,0.06394842,0.0011740822,0.55075836
8450,0.010860331,0.0026626128,0.03197956,0.004848533,0.49944642
8451,0.048948623,0.0047737225,0.15065254,0.0011559009,0.43404144
8452,0.010860331,0.0029121784,0.10320506,0.003692853,0.8769509
8453,0.008445627,0.00030061635,0.26095408,0.0022083889,0.8478418
8454,0.017442483,0.0027900378,0.049681153,0.00026947918,0.6130049
8455,0.0019955386,0.004054334,0.34753713,0.002800927,0.7602949
8456,0.0037362205,0.0065642493,0.019643761,0.0019877742,0.5449225
8457,0.0019418169,0.0014721896,0.17881244,0.002434382,0.3685193
8458,0.00032503586,0.0064381026,0.077937685,0.47874203,0.55805606
8459,0.0036642202,0.001133569,0.084191084,0.54386276,0.21255878
8460,0.001264422,0.0025311112,0.05997644,0.44438395,0.00027803096
8461,0.006265534,0.0012399962,0.121372975,0.40709767,0.0011160142
8462,0.003324437,0.003991728,0.060640547,0.8039445,0.0008328334
8463,0.007785655,0.0011469158,0.16118816,0.83815056,0.0006719278
8464,0.006338922,0.0024822769,0.08993301,0.49542245,0.0007643033
8465,0.00049553596,0.002673006,0.17738296,0.5204202,0.00026738262
8466,0.00502115,0.0011469158,0.5186376,0.5420755,0.0003150387
8467,0.0032224844,0.0015011822,0.10818896,0.58622676,0.00018522576
8468,0.0030278352,0.0005378764,0.026861202,0.76942694,0.0017409837
8469,0.0018458483,0.00092900335,0.0689125,0.7111301,0.0013096057
8470,0.0009110512,0.0064381026,0.0992954,0.41976687,0.00038296366
8471,0.0009735438,0.007176882,0.12147716,0.58699644,0.0005463421
8472,0.004848533,0.0042646346,0.040464837,0.84504944,0.00034196206
8473,0.01461567,0.004198795,0.1210609,0.7204666,0.0017961492
8474,0.0018895386,0.0085443305,0.11716747,0.6734064,0.002074867
8475,0.0014953384,0.0031850608,0.04232459,0.5855752,0.0006487308
8476,0.008380453,0.0014493985,0.06278921,0.6437773,0.0002216781
8477,0.0028560124,0.006289902,0.29685807,0.2600135,0.00018093576
8478,0.0021239663,0.0021742254,0.14342749,0.4321832,0.00021654405
8479,0.0017409837,0.0040701376,0.25054586,0.8337311,0.000981172
8480,0.009340025,0.002157342,0.28917092,0.39338502,0.0007321813
8481,0.0016040892,0.0014607495,0.079495706,0.5909563,0.002157342
8482,0.0023413408,0.0067712096,0.0570714,0.55844736,0.0002551414
8483,0.0005092657,0.4890383,0.21321331,0.5317869,0.00084924564
8484,0.0029926654,0.6858443,0.2939109,0.5802926,0.00024346048
8485,0.00305151,0.5727228,0.06841291,0.7272981,0.00024156629
8486,0.0014103585,0.7348813,0.05291181,0.52844214,0.00041245588
8487,0.0006878511,0.6581979,0.061875988,0.7198762,0.00014768039
8488,0.002570868,0.6281794,0.09687654,0.76646847,0.00062633416
8489,0.0014837189,0.36681652,0.052424565,0.5898936,0.0012448432
8490,0.0021912407,0.57642275,0.15165494,0.7814974,0.0003799845
8491,0.004810983,0.31447142,0.12002562,0.7900447,0.00038446192
8492,0.0015669889,0.77881753,0.091220066,0.6684475,3.676463e-05
8493,0.00071802974,0.7360213,0.15090263,0.36432514,0.00018667821
8494,0.003235056,0.19057335,0.13352817,0.7356416,0.00037702857
8495,0.00402291,0.37341872,0.12929276,0.64880025,0.000101503836
8496,0.0006745559,0.33906123,0.10320506,0.41715273,0.0004390453
8497,0.6955449,0.6451199,0.0019342611,0.53000844,0.00023231418
8498,0.9528382,0.22067817,0.0049436893,0.7308665,0.00023231418
8499,0.5103821,0.43596154,0.0036216856,0.3719347,0.00025315638
8500,0.87191176,0.5010147,0.004962942,0.4704325,0.00039511538
8501,0.78032786,0.75976056,0.0032858334,0.7505527,0.00091819005
8502,0.83318895,0.63352364,0.0011604197,0.6715783,0.00024536948
8503,0.6322757,0.56463873,0.008847355,0.49094486,0.00012830943
8504,0.7322091,0.80654806,0.001882186,0.29088014,0.01374232
8505,0.93071055,0.2856708,0.0026010936,0.7629543,0.006241259
8506,0.84195566,0.22884515,0.0048674177,0.5178452,0.016593177
8507,0.6796041,0.77063745,0.0010484692,0.41046086,0.004905406
8508,0.7988153,0.5222174,0.002521268,0.83775276,0.0015129384
8509,0.56166565,0.5119835,0.015424552,0.5383462,0.0032224844
8510,0.9217811,0.87779135,0.005598249,0.87831426,0.035211135
8511,0.4466154,0.32188618,0.00057929166,0.6239499,0.026205415
8512,0.5843898,0.6928498,0.0011832798,0.6475754,0.024469668
8513,0.7043636,0.50458896,0.0027149853,0.50201225,0.0190509
8514,0.48558444,0.79085356,0.00035697065,0.62509483,0.01784874
8515,0.36613634,0.66104823,0.001867566,0.3909408,0.024376597
8516,0.54743385,0.38931432,0.00046734812,0.7676898,0.0026112476
8517,0.70942193,0.20850106,0.0018748617,0.80147004,0.003260346
8518,0.5777932,0.49179152,0.0014381354,0.76646847,0.0053018946
8519,0.7352616,0.7685595,0.000865981,0.39280254,0.00043733438
8520,0.60293865,0.5173118,0.010368157,0.65301627,0.01717671
8521,0.7300975,0.6371437,0.003197487,0.74502754,0.022032265
8522,0.63329685,0.81946033,0.002491968,0.4854015,0.004962942
8523,0.45650062,0.7392342,0.0070117954,0.51391244,0.018511046
8524,0.6298884,0.14596547,0.0040701376,0.48233765,0.005576545
8525,0.55697197,0.67200893,0.0018315102,0.7744129,0.039121646
8526,0.70304,0.79198194,0.0008167381,0.5428936,0.015365342
8527,0.52955234,0.43758315,0.0012994275,0.68951476,0.0020829707
8528,0.2718312,0.6617043,0.001648483,0.6548947,0.0034162789
8529,0.5657786,0.3682921,0.0012160416,0.90397453,0.0063635735
8530,0.8392076,0.36060163,0.017712299,0.761893,0.0009773504
8531,0.8595459,0.5397111,0.0020033333,0.661595,0.0005442133
8532,0.6548947,0.320077,0.0051196762,0.58326274,0.0011786721
8533,0.8492225,0.44930202,0.0012065897,0.7162186,0.0020111583
8534,0.69688743,0.73753643,0.005576545,0.4137732,0.0034564096
8535,0.77881753,0.6031724,0.0018530593,0.1522842,0.0012793075
8536,0.74576885,0.45280817,0.002631674,0.42638132,0.0073173973
8537,0.66082937,0.8394709,0.001294368,0.32241932,0.008380453
8538,0.783823,0.8366881,0.0035106493,0.36772424,0.0024060889
8539,0.7629543,0.8868131,0.0013617034,0.359589,0.00034196206
8540,0.7350715,0.4523545,0.00502115,0.5254449,0.003839395
8541,0.5203745,0.6279512,0.0012303583,0.79865825,0.0018243829
8542,0.68215036,0.26999876,0.0006825019,0.8204695,0.0048674177
8543,0.6770471,0.4833436,0.0032986512,0.65885663,0.0001896174
8544,0.43536133,0.48603418,0.002387409,0.54056007,0.0065897717
8545,0.7070003,0.6288634,0.0049436893,0.7390459,0.0017274586
8546,0.4763361,0.73848045,0.41164294,0.81873685,0.009125637
8547,0.7699463,0.4240542,0.06348236,0.5870556,0.0023504829
8548,0.7324005,0.54440784,0.12570795,0.928668,0.0038543637
8549,0.9012275,0.33928013,0.040769268,0.63476974,0.0015608892
8550,0.54474086,0.38387224,0.021246698,0.3451053,0.0017140384
8551,0.62658125,0.71092945,0.01584536,0.6252093,0.0018315102
8552,0.86130506,0.74558365,0.102844074,0.57684,0.0009622126
8553,0.5782696,0.56985265,0.05330468,0.6402986,0.0010403185
8554,0.69678426,0.8707073,0.03461884,0.86748546,0.0153063545
8555,0.6702846,0.73545164,0.04822634,0.82375413,0.002019014
8556,0.563438,0.75725627,0.027585283,0.42518753,0.00019260288
8557,0.72845864,0.38728473,0.063366346,0.58332205,0.0003393018
8558,0.42620215,0.4252472,0.056236345,0.31216028,0.0017007225
8559,0.5677569,0.67168593,0.019756919,0.60859406,0.0010817152
8560,0.63996106,0.304145,0.04543722,0.7851439,0.00038446192
8561,0.6096985,0.8174288,0.03803509,0.65555656,0.0029235429
8562,0.7227227,0.621828,0.039121646,0.32723817,0.0013511209
8563,0.39059204,0.76559335,0.23335676,0.40656742,0.0006932423
8564,0.47266826,0.5103211,0.05155819,0.7050748,0.0019877742
8565,0.41774645,0.558327,0.036769465,0.6710396,0.0015487612
8566,0.4272772,0.70089483,0.018761083,0.31700322,0.00020027377
8567,0.5994851,0.5678168,0.026205415,0.50170517,0.00039204178
8568,0.2193375,0.49902058,0.11656274,0.08555635,0.0068771075
8569,0.124319285,0.79581684,0.04751419,0.25701845,0.0068771075
8570,0.31415576,0.53567535,0.25757828,0.33426335,0.0027900378
8571,0.2216875,0.55892897,0.43869498,0.11516222,0.00047842565
8572,0.69097626,0.49089912,0.063366346,0.07626997,0.0014048677
8573,0.6234915,0.75689703,0.046724956,0.11736965,0.0018895386
8574,0.70801073,0.45804566,0.02964751,0.07276838,0.0002758679
8575,0.5919591,0.3934433,0.050611433,0.16708273,0.00036117696
8576,0.74632394,0.53085977,0.054298937,0.23988314,0.00307537
8577,0.906156,0.51318055,0.07409726,0.041307304,0.5818378
8578,0.6033477,0.5468289,0.02120612,0.29502675,0.7778066
8579,0.90665317,0.38972074,0.254787,0.28716773,0.4924551
8580,0.82573026,0.74576885,0.051367506,0.13330235,0.69802076
8581,0.8508408,0.9015746,0.037397135,0.1561049,0.26626188
8582,0.42811382,0.82573026,0.12951279,0.042245496,0.8502201
8583,0.8413048,0.11221036,0.03890198,0.18683577,0.3421318
8584,0.5368593,0.28646857,0.06656919,0.3693151,0.54186344
8585,0.77167153,0.4642639,0.044847902,0.07303239,0.6108598
8586,0.6007155,0.65190905,0.04256273,0.14535783,0.54958016
8587,0.72845864,0.3930355,0.039121646,0.0996453,0.30819026
8588,0.7527403,0.50937545,0.0130707845,0.13927926,0.85729086
8589,0.78099674,0.7364006,0.024469668,0.2104416,0.36749724
8590,0.5772571,0.5249427,0.038394015,0.17231108,0.16899405
8591,0.63635314,0.4631407,0.062331032,0.033844035,0.2842779
8592,0.6702846,0.6237207,0.014728614,0.0992954,0.8844391
8593,0.5233899,0.48613334,0.024563087,0.100524865,0.4707366
8594,0.63973606,0.7725307,0.028816197,0.022243667,0.7962924
8595,0.7405498,0.48451725,0.05561761,0.15895613,0.46742296
8596,0.45371565,0.4764883,0.012821214,0.29380956,0.82893884
8597,0.73753643,0.64735246,0.2656899,0.048948623,0.7552762
8598,0.3555511,0.40438986,0.039787807,0.13307686,0.3811044
8599,0.91413754,0.10989668,0.022802636,0.23213604,0.5523888
8600,0.7394224,0.10932483,0.023286305,0.24744146,0.7122322
8601,0.8552477,0.074500255,0.047691282,0.09203286,0.56175584
8602,0.26114246,0.059210252,0.061424043,0.13788036,0.83534926
8603,0.6151457,0.04320404,0.0228462,0.4183404,0.7199747
8604,0.6826795,0.07850098,0.03327394,0.03594832,0.7806625
8605,0.616705,0.27923846,0.0065388246,0.07369627,0.8774768
8606,0.67437226,0.33144426,0.08647765,0.03882902,0.72990495
8607,0.5424997,0.073430054,0.07737811,0.10875559,0.690872
8608,0.5951397,0.16981852,0.026759284,0.10248422,0.80332816
8609,0.6063819,0.014957086,0.053899154,0.05531065,0.45519865
8610,0.11104825,0.3053865,0.0067975316,0.03085051,0.68394744
8611,0.16817279,0.20040116,0.0011972112,0.18892181,0.7728737
8612,0.11797801,0.31837916,0.001455063,0.056236345,0.8535469
8613,0.30663085,0.17938675,0.00042058743,0.073963374,0.50915426
8614,0.3203959,0.27454585,0.0014269596,0.23022674,0.679923
8615,0.2600135,0.10194652,0.0006190417,0.1266771,0.37319025
8616,0.51029825,0.208018,0.0006589401,0.30621576,0.6658453
8617,0.098772585,0.19620942,0.00022693386,0.18155324,0.7972413
8618,0.17314835,0.5612148,0.0009927262,0.5452555,0.7804952
8619,0.034164816,0.3879222,0.0037654135,0.17681369,0.6238353
8620,0.16830945,0.30507588,0.0060503976,0.03429395,0.7111301
8621,0.11797801,0.0721122,0.0003175088,0.49229872,0.67608553
8622,0.12474516,0.1422319,0.0001344663,0.30074558,0.7858021
8623,0.2429233,0.38346815,0.0003935756,0.048767094,0.18227991
8624,0.23265864,0.07490528,7.967301e-05,0.13534632,0.84208554
8625,0.10212548,0.17795369,0.00035697065,0.09585608,0.6402986
8626,0.1317307,0.26779094,0.00023782204,0.2516477,0.43674216
8627,0.021864556,0.2809122,0.002396731,0.11047116,0.82782817
8628,0.08993301,0.42101613,0.0003597694,0.09170697,0.7411123
8629,0.1510278,0.24131057,7.4846226e-05,0.0030994155,0.655336
8630,0.18609506,0.6005398,0.00017952797,0.0063883206,0.6688803
8631,0.0721122,0.46711904,0.0029121784,0.0113756005,0.57290196
8632,0.15241033,0.69471705,0.0005399804,0.02013874,0.67490816
8633,0.14633106,0.1899715,0.00023413582,0.0017342081,0.6296607
8634,0.37536293,0.274157,8.029784e-05,0.0071491017,0.76171577
8635,0.46584308,0.016593177,0.0006538155,0.0023141264,0.6906634
8636,0.014957086,0.027014792,0.0036076165,0.0042151595,0.8716935
8637,0.07356305,0.078359805,0.004962942,0.005099818,0.79613405
8638,0.024609929,0.03371654,0.000720838,0.008610767,0.84594244
8639,0.08269734,0.14804721,0.00092900335,0.0011291547,0.44495666
8640,0.107250325,0.15354916,0.0057525453,0.0028671585,0.52829003
8641,0.12378869,0.087563835,0.0021742254,0.0017409837,0.6425446
8642,0.22236224,0.15546273,0.0009622126,0.0069576087,0.5712285
8643,0.2596379,0.48349598,0.0009966077,0.002673006,0.71203196
8644,0.4630193,0.20833994,8.092757e-05,0.0007069056,0.78282857
8645,0.34931073,0.21584621,0.0006959537,0.005099818,0.85776806
8646,0.3192275,0.510649,0.0006337125,0.002491968,0.9530133
8647,0.16940588,0.14366761,0.0015367271,0.0012399962,0.56703776
8648,0.19178137,0.4906017,0.0041824942,0.011777843,0.6058573
8649,0.4257246,0.1161611,0.0022606407,0.0028783479,0.14163722
8650,0.27717942,0.08509905,0.00029137006,0.002225671,0.4027444
8651,0.23988314,0.49586496,0.0013939502,0.0032099616,0.22236224
8652,0.032713123,0.10800066,0.00051728135,0.005001672,0.5919591
8653,0.22678363,0.057705317,0.004848533,0.0018458483,0.4137732
8654,0.24454336,0.100172214,0.0020992735,0.0039300853,0.695338
8655,0.47242483,0.20545557,0.002296159,0.0020911063,0.46016756
8656,0.11417085,0.34875605,0.0013831174,0.00039977103,0.80685264
8657,0.12389466,0.052230857,0.00047285444,0.010052369,0.692642
8658,0.18907149,0.000932636,0.0006190417,0.08897849,0.7823301
8659,0.09285216,0.0020992735,0.00085924764,0.044597577,0.6346565
8660,0.0015367271,0.0035518846,0.005708034,0.20481864,0.4494228
8661,0.0033504236,0.0042812545,0.00023782204,0.12273334,0.3465413
8662,0.0060269516,0.005060332,0.0008459375,0.02947941,0.5800547
8663,0.002332234,0.0009966077,0.00059302105,0.07369627,0.75868946
8664,0.002491968,0.009376237,0.00029827765,0.045777272,0.29583988
8665,0.011777843,0.0053225355,0.00085924764,0.05738754,0.76559335
8666,0.007907292,0.0017546144,0.0063883206,0.015784562,0.8697146
8667,0.0014895174,0.002434382,0.0025311112,0.29930994,0.8583628
8668,0.003707253,0.0036642202,0.013636836,0.13117322,0.48127097
8669,0.007289077,0.0027255826,0.009783876,0.026355354,0.7774689
8670,0.00074953143,0.0057525453,0.00046734812,0.11899801,0.36421204
8671,0.0019342611,0.003324437,0.0010484692,0.18653922,0.7134316
8672,0.0020348171,0.00081993215,0.00029137006,0.15947905,0.5824317
8673,0.0045208177,0.0032730652,0.0006166297,0.02870708,0.7567173
8674,0.0030396497,0.012053779,0.00044770088,0.08050192,0.8996516
8675,0.007876706,0.0043653264,0.0007069056,0.023464657,0.8190264
8676,0.0048297215,0.00072648755,0.000932636,0.041773878,0.62314755
8677,0.0012018913,0.010986943,0.003750789,0.03114383,0.470174
8678,0.0013147246,0.0054059005,0.0038543637,0.028220989,0.7390459
8679,0.006666932,0.0062170783,0.0009547317,0.12506539,0.7902067
8680,0.023825368,0.002387409,0.0016420668,0.015072629,0.5253536
8681,0.0016293088,0.00021485926,0.00044076296,0.04813677,0.92093205
8682,0.0011972112,0.0032986512,0.00090750254,0.014728614,0.93195957
8683,0.0027362213,0.00035143827,0.0017007225,0.023375316,0.90829307
8684,0.00059071044,0.0018530593,0.003260346,0.031084951,0.2724115
8685,0.0016941031,0.0021239663,0.0012693645,0.02355433,0.6317079
8686,0.0012399962,0.0025608707,0.0014048677,0.13454832,0.557755
8687,0.008283626,0.00047101185,0.00040606395,0.1991522,0.7981868
8688,0.0015669889,0.0006538155,0.010570489,0.16344544,0.65808797
8689,0.010611421,0.027795624,0.00930395,0.17709816,0.72632855
8690,0.00084924564,0.022457052,0.00030534892,0.028925717,0.75976056
8691,0.0063143647,0.0004691764,0.000104725565,0.045777272,0.30777398
8692,0.0033766122,0.0030278352,0.0020992735,0.09484524,0.60603225
8693,0.00588816,0.0013354007,0.00089344557,0.072243005,0.108566426
8694,0.0027900378,0.030100338,0.0007916296,0.10631887,0.45743966
8695,0.005343256,0.16411418,0.0035518846,0.017242778,0.7889086
8696,0.004331502,0.04681203,0.0061212815,0.06620602,0.08449275
8697,0.016466174,0.07558479,0.0063143647,0.029816542,0.07821887
8698,0.0017073674,0.03296124,0.005598249,0.068288535,0.20291664
8699,0.0033897832,0.012479699,0.005240449,0.08195955,0.10411242
8700,0.008745182,0.018617803,0.0014048677,0.11476479,0.24689633
8701,0.00519988,0.20609398,0.022457052,0.09790669,0.34301156
8702,0.003649987,0.04569203,0.0018243829,0.025371311,0.09434342
8703,0.0003175088,0.03861093,0.0034030052,0.032466814,0.078925885
8704,0.052424565,0.0033766122,0.002019014,0.07978202,0.05340333
8705,0.104294725,0.056029383,0.0034834242,0.02964751,0.1884733
8706,0.047869004,0.09170697,0.0034970103,0.12721828,0.32928386
8707,0.17272931,0.03442355,0.01584536,0.026810195,0.2562732
8708,0.0493136,0.06681232,0.009596455,0.069668226,0.40916175
8709,0.06301947,0.0551069,0.018055335,0.14187485,0.20721471
8710,0.07477004,0.28517285,0.004150081,0.08464396,0.2359876
8711,0.17258982,0.04248321,0.08678673,0.011288074,0.3477586
8712,0.090735495,0.11899801,0.0107767265,0.010489091,0.27435136
8713,0.06632687,0.04369106,0.009821793,0.046551272,0.17300858
8714,0.03061778,0.074500255,0.003707253,0.019271137,0.091220066
8715,0.01450358,0.13195427,0.0003597694,0.018194368,0.07463504
8716,0.025858775,0.07382971,0.0008167381,0.03314852,0.27561688
8717,0.032466814,0.13741668,0.0027576224,0.06841291,0.109705776
8718,0.05281402,0.014447852,0.0015978456,0.0610871,0.0121471705
8719,0.17553808,0.05439932,0.01665704,0.22988081,0.19868536
8720,0.093678005,0.074365705,0.0039148238,0.02215887,0.10338596
8721,0.12984344,0.10230471,0.004054334,0.04681203,0.011823394
8722,0.039268754,0.029090757,0.0071214284,0.15934819,0.3485343
8723,0.15974101,0.13523208,0.007937994,0.066934206,0.4758945
8724,0.006289902,0.067546695,0.014009566,0.023825368,0.2939109
8725,0.15908672,0.1991522,0.004905406,0.063366346,0.12538631
8726,0.027117657,0.079638734,0.005040703,0.0002551414,0.09534947
8727,0.0824015,0.025468083,0.0073173973,0.0017961492,0.07935289
8728,0.089136936,0.07043161,0.014728614,0.00091819005,0.02732453
8729,0.11417085,0.1183851,0.010091316,0.0017207355,0.3684057
8730,0.15215817,0.045777272,0.016340127,9.83812e-05,0.35936412
8731,0.38879207,0.018334452,0.034880888,0.0016549242,0.08210663
8732,0.2641685,0.0946777,0.08678673,0.001032231,0.13443464
8733,0.01778039,0.02072506,0.03594832,0.00046371284,0.08866235
8734,0.14438997,0.099120855,0.07544843,0.0016941031,0.12754393
8735,0.14535783,0.052037824,0.028870907,0.00016474655,0.087720014
8736,0.045015533,0.2779627,0.041307304,0.00028685408,0.09704756
8737,0.052618954,0.020371294,0.044847902,0.0004076526,0.028870907
8738,0.055412795,0.013273886,0.10320506,0.00013658353,0.11576065
8739,0.08166611,0.1991522,0.0070390454,0.0006462033,0.471786
8740,0.06489012,0.19574778,0.002521268,0.0002824081,0.1732882
8741,0.034036152,0.19102567,0.019382192,0.00024156629,0.1169656
8742,0.057918087,0.199308,0.047958102,0.0007096704,0.24006125
8743,0.18257122,0.023689471,0.054298937,0.00046552691,0.3695426
8744,0.109705776,0.055823144,0.07544843,0.0001535624,0.034100424
8745,0.050893717,0.031738594,0.006265534,0.00010310212,0.23126681
8746,0.06418265,0.20833994,0.01778039,0.003135836,0.09653532
8747,0.03302355,0.012576348,0.019794779,0.0010817152,0.21354114
8748,0.041230027,0.06766981,0.10894504,5.7837664e-05,0.12074952
8749,0.034880888,0.029873092,0.026810195,0.0007643033,0.48552343
8750,0.06548521,0.12581532,0.0067188703,0.0015487612,0.033972
8751,0.01627746,0.035012625,0.03044435,0.0046095722,0.008156248
8752,0.049497053,0.055412795,0.111627996,0.0017546144,0.007846239
8753,0.024237635,0.0434469,0.069921836,0.0010733063,0.0051196762
8754,0.014957086,0.049589027,0.019531239,0.0022694687,0.019531239
8755,0.023375316,0.062904246,0.08359067,0.0043994132,0.0030634168
8756,0.08961382,0.055823144,0.020177318,0.0006932423,0.00074370287
8757,0.006666932,0.12710987,0.01685008,0.0045032725,0.007606672
8758,0.17161581,0.035012625,0.053700306,0.0022694687,0.0003175088
8759,0.01621503,0.09434342,0.015663648,0.001957017,0.0025016968
8760,0.111821815,0.022759154,0.057176597,0.00078547397,0.0036216856
8761,0.06430005,0.009161027,0.009746104,0.0011291547,0.0037654135
8762,0.03234433,0.112405084,0.025565214,0.00189692,0.008124708
8763,0.0262553,0.012624949,0.0087791085,0.0012448432,0.0017007225
8764,0.110855594,0.062103126,0.002822833,0.003324437,0.0021157034
8765,0.01778039,0.033462934,0.091058284,0.0030634168,0.00062389387
8766,0.019643761,0.044680867,0.010944578,0.0018172832,0.0049245106
8767,0.04369106,0.055823144,0.10141133,0.009090384,0.005708034
8768,0.015784562,0.062103126,0.0128707485,0.00066670234,0.0015307452
8769,0.039862495,0.06359858,0.0036358088,0.00084924564,0.0012303583
8770,0.041384716,0.037397135,0.032466814,0.0006693099,0.0022430879
8771,0.19223589,0.10800066,0.029256709,0.0012018913,0.004962942
8772,0.18506189,0.010130412,0.035078675,0.002822833,0.00060471025
8773,0.021532876,0.043854564,0.082549304,0.0010242064,0.0065897717
8774,0.0128707485,0.02237146,0.05005131,0.0012399962,0.0006436856
8775,0.08166611,0.07779745,0.0021742254,0.002332234,0.0011380006
8776,0.02655657,0.02297737,0.0008626078,0.005641909,0.0030278352
8777,0.008219693,0.021864556,0.0011247575,0.0012351678,0.0012545944
8778,0.030214587,0.008030813,0.00029365462,0.00031999825,0.002472623
8779,0.008478402,0.03061778,0.0003889921,0.00012148176,0.00189692
8780,0.13488984,0.047074176,0.0015487612,0.00018667821,0.0044337655
8781,0.003235056,0.0006023541,0.00047470425,0.00089693937,0.011732464
8782,0.00037702857,0.0007613258,0.00047285444,0.0019955386,0.0035657366
8783,0.00022693386,0.00050137425,0.0007321813,0.0023413408,0.036083944
8784,0.00021995338,0.001032231,0.0025608707,0.00685048,0.0020111583
8785,0.00023597175,0.000110611596,0.0010775026,0.011777843,0.0013564017
8786,0.0005378764,0.00016219282,0.00062633416,0.0054059005,0.00065126823
8787,0.0010817152,9.1701964e-05,0.0023504829,0.0073743653,0.0010484692
8788,0.001264422,0.00046734812,9.028039e-05,0.009559399,0.00023782204
8789,0.0016613906,0.004468384,0.00055062474,0.009859855,0.0024249144
8790,0.00019260288,0.00044770088,0.0019877742,0.00498227,0.002074867
8791,0.0011604197,5.967352e-05,0.0021239663,0.004556114,0.08225395
8792,0.00027372167,0.00018093576,0.00036543285,0.0119150225,0.18330106
8793,0.0010484692,4.4694072e-05,0.00055062474,0.003960788,0.023870835
8794,0.00039204178,0.0008040859,0.0005274784,0.0030634168,0.0527164
8795,0.00026738262,0.0003459916,0.0039300853,0.009125637,0.007489625
8796,0.00036543285,0.0006337125,0.00030061635,0.0026419468,0.038538497
8797,0.00020662983,0.00012243443,0.00071802974,0.011029471,0.098772585
8798,0.00012632043,0.015014749,0.0011832798,0.009268014,0.227641
8799,0.0014607495,0.00069867563,0.001477943,0.001957017,0.04543722
8800,0.0008693674,0.0017140384,4.0063693e-05,0.0015011822,0.20102783
8801,0.00078854576,0.0011116682,0.00032250723,0.028816197,0.15533456
8802,0.0006386796,0.0020111583,0.00019260288,0.011201214,0.044931643
8803,0.0024534282,0.00024346048,0.0001673405,0.002225671,0.09351231
8804,0.0011559009,0.0012693645,8.7503e-05,0.013636836,0.21518578
8805,0.0023051251,0.0002551414,0.00027159214,0.006666932,0.012007351
8806,0.0014325366,0.0012255674,0.00046734812,0.0013617034,0.05340333
8807,0.00063124346,0.012194132,0.0003406293,0.021822825,0.042642392
8808,0.0013302015,0.00050333556,0.0008559007,0.0009146137,0.15520647
8809,0.002217013,0.008985429,0.00041406954,0.009522486,0.2588877
8810,0.0023413408,0.00041894842,0.00072648755,0.0054905633,0.10613344
8811,0.0003799845,0.0013723687,0.00017130819,0.013428255,0.29992476
8812,0.00021824206,0.0014493985,0.000720838,0.005641909,0.06267437
8813,0.002387409,0.0010733063,7.905304e-05,0.03971326,0.17938675
8814,0.0007152324,0.0012113064,0.00020027377,0.0023413408,0.16371268
8815,0.0019418169,0.00074661145,0.034815196,0.0022606407,0.09484524
8816,0.005240449,0.00059302105,0.0139557095,0.007876706,0.07030385
8817,0.001648483,0.0014895174,0.03635666,0.0063883206,0.1210609
8818,0.0022518474,0.0023413408,0.016914913,0.002217013,0.13006426
8819,0.0013250224,0.0020033333,0.0037217087,0.01374232,0.0498659
8820,0.00029137006,0.0021489493,0.008677716,0.004297939,0.29695997
8821,0.007489625,0.00054847926,0.006413164,0.012722708,0.04410091
8822,0.0012793075,0.0012351678,0.0051396107,0.055005286,0.070176296
8823,0.0046095722,0.00025118678,0.0123361,0.0016613906,0.10158945
8824,0.0013198634,0.000117744596,0.0027149853,0.0038096302,0.015543648
8825,0.00078547397,0.0021074724,0.008950711,0.0012545944,0.012053779
8826,0.00078854576,0.001133569,0.012821214,0.0040072887,0.01919745
8827,0.0009773504,0.0030873695,0.010818449,0.018159512,0.05975658
8828,0.0005953407,0.008412978,0.011508149,0.001648483,0.14584377
8829,0.00075835997,0.0008263576,0.0074317735,0.22867285,0.020884218
8830,0.0017409837,0.0014325366,0.010529712,0.016721142,0.15700756
8831,0.009376237,0.0011879054,0.012920474,0.011508149,0.0610871
8832,0.0012303583,0.0008559007,0.011732464,0.02865267,0.06097518
8833,0.002217013,0.0009927262,0.017242778,0.04569203,0.014447852
8834,0.0002959571,0.0010362669,0.015247591,0.009232215,0.053601142
8835,0.0075479234,0.0001168284,0.004556114,0.010328152,0.0930168
8836,0.0028671585,0.00087276706,0.0154839875,0.017242778,0.04248321
8837,0.0001535624,0.0018458483,0.017110888,0.102844074,0.02920129
8838,0.0008360903,0.0005274784,0.014672035,0.019160708,0.028167473
8839,0.0014721896,0.0013723687,0.018546565,0.007725534,0.17370832
8840,0.0028560124,0.02428387,0.0053849383,0.061875988,0.014672035
8841,0.0017007225,0.0079997545,0.031084951,0.019419348,0.035477504
8842,0.00016997529,0.001455063,0.006265534,0.04023794,0.1193055
8843,0.0027044292,0.0013511209,0.024892801,0.0073173973,0.08299415
8844,0.0006693099,0.0025409926,0.014009566,0.086632065,0.101767845
8845,0.0262553,0.0014048677,0.0075187176,0.025908021,0.31027624
8846,0.008412978,0.018546565,0.010693758,0.068537496,0.25312182
8847,0.05051767,0.025711587,0.027480694,0.02132808,0.059646938
8848,0.0014381354,0.007606672,0.040464837,0.052521676,0.008644178
8849,0.0008040859,0.011642224,0.017712299,0.025468083,0.02854415
8850,0.009090384,0.0034162789,0.007665875,0.22118242,0.007204769
8851,0.0022783307,0.01812472,0.0035518846,0.00698465,0.11777492
8852,0.0014837189,0.009161027,0.014957086,0.08819004,0.12095703
8853,0.0059803305,0.0042151595,0.0058653383,0.022933565,0.08977328
8854,0.0077555366,0.003869391,0.0033504236,0.035078675,0.062904246
8855,0.0027900378,0.0057302467,0.0010733063,0.0362883,0.17272931
8856,0.005598249,0.034488525,0.034358688,0.025908021,0.08961382
8857,0.0059571536,0.02970375,0.004848533,0.021532876,0.019568674
8858,0.0012693645,0.016593177,0.007665875,0.11576065,0.079638734
8859,0.0044857943,0.0055119344,0.01990879,0.018089995,0.13788036
8860,0.0022694687,0.0041019293,0.018194368,0.02145073,0.23633993
8861,0.0010484692,0.0010775026,0.012722708,0.028925717,0.039416388
8862,0.0040701376,0.004468384,0.0087791085,0.013689478,0.22936256
8863,0.021948254,0.01685008,0.008644178,0.004848533,0.0070390454
8864,0.010209055,0.0063635735,0.013273886,0.041695766,0.0087791085
8865,0.051082738,0.0035657366,0.00619299,0.037467506,0.19651763
8866,0.008813166,0.015906392,0.029986508,0.009268014,0.18155324
8867,0.009898064,0.0038244836,0.0027149853,0.14547919,0.004054334
8868,0.0075479234,0.0060269516,0.014672035,0.021822825,0.031858854
8869,0.00096975197,0.003960788,0.0067188703,0.03567855,0.024656856
8870,0.01155267,0.07779745,0.0057974015,0.040769268,0.0119150225
8871,0.014281933,0.010489091,0.92892635,0.003991728,0.18271701
8872,0.007093862,0.0045032725,0.79036856,0.0362883,0.017644463
8873,0.003991728,0.00588816,0.91398406,0.11496336,0.0040701376
8874,0.009268014,0.0034970103,0.9505947,0.15882562,0.0022694687
8875,0.0041019293,0.026205415,0.9802808,0.03711691,0.00048217614
8876,0.013584392,0.021125194,0.56202626,0.060418423,0.00027372167
8877,0.010328152,0.016340127,0.91949815,0.26095408,0.000104725565
8878,0.02806074,0.02145073,0.959001,0.042642392,0.0007152324
8879,0.063714996,0.11476479,0.8505928,0.037186775,0.0003740956
8880,0.048948623,0.041230027,0.93698055,0.029256709,0.00032250723
8881,0.02970375,0.036631364,0.8441522,0.083142914,0.00018814208
8882,0.079210326,0.15090263,0.91730267,0.004297939,0.00075540564
8883,0.019870713,0.003976228,0.83318895,0.00036973887,0.00059071044
8884,0.05051767,0.053700306,0.86060363,0.00042554305,0.0012793075
8885,0.082549304,0.111627996,0.95861524,0.0006023541,0.0006000072
8886,0.014117893,0.0036642202,0.93318766,0.00042223287,0.00017265156
8887,0.041930523,0.0362883,0.88700897,0.0011160142,0.001284308
8888,0.041307304,0.0992954,0.9020933,0.00015598028,0.010169658
8889,0.068537496,0.033336826,0.9456007,0.00050137425,0.0053849383
8890,0.04594821,0.12808825,0.8718026,0.00048785712,0.0014837189
8891,0.020100236,0.0145595195,0.81946033,0.000981172,0.0013777326
8892,0.047161866,0.023509452,0.92944044,0.0014721896,0.010408314
8893,0.05165378,0.11143445,0.8525676,0.0011879054,0.003678509
8894,0.032466814,0.10123348,0.9650533,0.0017961492,0.0054692747
8895,0.03574581,0.037047166,0.6950276,0.0010775026,0.0007041516
8896,0.085251234,0.011508149,0.9467938,0.00016865275,0.003692853
8897,0.019419348,0.046724956,0.6756576,0.00023782204,0.0014048677
8898,0.10989668,0.1943678,0.91383046,0.0012448432,0.0018172832
8899,0.1665398,0.033462934,0.79036856,0.0010484692,0.003004343
8900,0.008380453,0.014117893,0.96814114,0.00029365462,0.0021827165
8901,0.10194652,0.1362632,0.9651191,9.761566e-05,0.0005527786
8902,0.029035643,0.027066175,0.9078038,0.0005442133,0.00074370287
8903,0.023825368,0.084795415,0.7844842,0.0005463421,0.0006693099
8904,0.037256766,0.15291561,0.87125593,0.00024156629,0.0029926654
8905,0.03289904,0.053107902,0.56184596,0.0006411777,0.0007793661
8906,0.009898064,0.015072629,0.5811842,0.00012533752,0.00047470425
8907,0.017712299,0.029535338,0.9566342,0.0016809418,0.00053369283
8908,0.02870708,0.2165081,0.77848095,0.00028021098,0.0007014083
8909,0.053700306,0.05613278,0.9524858,0.0007350449,0.0006719278
8910,0.09825223,0.05439932,0.9526623,0.0006641048,0.0008040859
8911,0.049405243,0.0362883,0.9408984,0.0044337655,0.000310156
8912,0.093678005,0.0057302467,0.8269914,0.00071802974,0.0007321813
8913,0.11992252,0.04038907,0.84453726,0.0010649627,0.00053369283
8914,0.05520869,0.032836955,0.7682119,8.156225e-05,0.00034464317
8915,0.006289902,0.010693758,0.96080494,0.0013885233,0.00039666123
8916,0.022672439,0.014842416,0.7004852,0.00023597175,0.00091819005
8917,0.030559862,0.006145092,0.83801806,0.002434382,0.0026419468
8918,0.05834584,0.009376237,0.6858443,0.00012533752,0.001044386
8919,0.025858775,0.083142914,0.8844391,0.0012448432,0.0003125878
8920,0.009821793,0.19961986,0.98378503,0.00012148176,0.00028685408
8921,0.008478402,0.03289904,0.9622497,0.0010242064,0.0014493985
8922,0.058238626,0.03861093,0.8372211,0.0003393018,0.0032858334
8923,0.023689471,0.017442483,0.7927853,0.00080095365,0.0008830458
8924,0.009821793,0.24382246,0.93158704,0.00081355654,0.008380453
8925,0.00090044667,0.19375686,0.7937462,0.00092900335,0.01919745
8926,0.00024536948,0.21419789,0.9091032,8.957789e-05,0.041307304
8927,0.0011116682,0.052521676,0.73848045,0.00026738262,0.011201214
8928,0.0001823546,0.09825223,0.9768024,0.0006538155,0.005598249
8929,0.00024729347,0.026205415,0.90448195,0.0072608665,0.011244561
8930,0.0001823546,0.02211659,0.96131647,0.011777843,0.0037217087
8931,0.00065126823,0.011823394,0.87125593,0.020804489,0.007815889
8932,0.0011649561,0.009232215,0.9747251,0.021656677,0.021165619
8933,0.0010083435,0.0005399804,0.8523219,0.0044337655,0.013584392
8934,0.00074370287,0.0054269433,0.8510886,0.030100338,0.0038096302
8935,0.0009146137,0.001591626,0.88602656,0.011244561,0.006265534
8936,0.0015608892,0.0024060889,0.9861514,0.010408314,0.0069576087
8937,0.00038446192,0.0002959571,0.94901186,0.040922303,0.0045208177
8938,0.0002758679,0.00081993215,0.83318895,0.007695647,0.007695647
8939,0.00012053649,0.00017400544,0.64052343,0.0019043302,0.04320404
8940,0.0008693674,0.0005132579,0.9763105,0.0044165556,0.013222822
8941,0.0034030052,0.00026119032,0.9623913,0.041539967,0.0034564096
8942,0.000559291,0.0021405893,0.8392076,0.009161027,0.0067188703
8943,0.00041406954,0.00075540564,0.7268136,0.002521268,0.027480694
8944,0.00042223287,0.003649987,0.80115914,0.004736749,0.009859855
8945,0.00307537,0.00042058743,0.88363826,0.0279544,0.0030396497
8946,0.0015247863,0.00018522576,0.9390248,0.05051767,0.01155267
8947,0.0013723687,0.0007350449,0.9431384,0.025226826,0.018978037
8948,0.000981172,0.00083935994,0.85669243,0.03371654,0.003429604
8949,0.00031999825,0.0046818224,0.08509905,0.014728614,0.005159623
8950,0.00038446192,0.000310156,0.14175598,0.08021325,0.0054692747
8951,0.0021074724,0.00084924564,0.16344544,0.14390805,0.010529712
8952,0.00040606395,0.000115017356,0.052134257,0.005099818,0.004133968
8953,0.00055494095,0.0022343625,0.045862664,0.008156248,0.0021657674
8954,8.4811036e-05,0.00037555923,0.208018,0.007606672,0.023464657
8955,0.00092538487,0.00019411318,0.08021325,0.01384861,0.010248602
8956,0.00044076296,0.0038244836,0.3156305,0.0047000605,0.0007379196
8957,0.00019260288,0.00015720345,0.20071429,0.0035796429,0.008156248
8958,0.0010242064,0.00021824206,0.19544049,0.012920474,0.37022537
8959,0.00075540564,0.00015236755,0.1943678,0.027428543,0.11143445
8960,0.00029137006,0.00033797944,0.016979992,0.08079154,0.04248321
8961,0.0008626078,0.00030061635,0.06348236,0.036425155,0.0349467
8962,0.00045297583,0.00033015272,0.19042274,0.046724956,0.060086653
8963,0.0008072305,0.0008459375,0.12474516,0.0128707485,0.039862495
8964,0.0019267347,0.014447852,0.13857833,0.07504072,0.062904246
8965,0.00033535014,0.007665875,0.1504028,0.00809329,0.024892801
8966,0.0007096704,0.028598359,0.20450072,0.01384861,0.045015533
8967,0.0006959537,0.024007747,0.091220066,0.033907957,0.0048297215
8968,0.0012994275,0.051749542,0.2180027,0.014728614,0.07146149
8969,0.00025118678,0.008124708,0.2795334,0.005001672,0.1187934
8970,0.004054334,0.0055549247,0.21717146,0.027480694,0.15354916
8971,0.00047470425,0.060197048,0.38225675,0.019719128,0.09203286
8972,0.0021074724,0.020215968,0.59036595,0.979784,0.09252366
8973,0.001044386,0.0037362205,0.114566505,0.97313875,0.06301947
8974,0.008610767,0.012722708,0.1465752,0.81640637,0.009783876
8975,0.049130786,0.01919745,0.12095703,0.82417905,0.058560826
8976,0.015424552,0.05997644,0.36409897,0.92441523,0.014172367
8977,0.045862664,0.0045208177,0.1468197,0.7718435,0.16735472
8978,0.0031726826,0.04885778,0.100348406,0.60609055,0.04410091
8979,0.010288301,0.002434382,0.1317307,0.81815636,0.11417085
8980,0.02076474,0.03890198,0.16981852,0.68215036,0.015130728
8981,0.008251599,0.026861202,0.083890386,0.5774358,0.09790669
8982,0.010693758,0.017309096,0.2939109,0.65013415,0.047337715
8983,0.03963884,0.0034970103,0.20228557,0.6724393,0.039564554
8984,0.019946935,0.010652511,0.20593424,0.2959416,0.096705794
8985,0.0029008575,0.0085443305,0.16291204,0.82204634,0.019681409
8986,0.012241275,0.03601607,0.41709343,0.88018054,0.031321116
8987,0.019643761,0.012479699,0.07572137,0.89478946,0.11797801
8988,0.01665704,0.013222822,0.0973904,0.91565824,0.009161027
8989,0.0038096302,0.00305151,0.08122776,0.8264319,0.019794779
8990,0.016914913,0.012771867,0.017045317,0.9352283,0.0062170783
8991,0.02970375,0.0038244836,0.10212548,0.86960393,0.034036152
8992,0.018334452,0.009449081,0.26057756,0.9020933,0.0040701376
8993,0.0074030147,0.019568674,0.06903793,0.89982784,0.02076474
8994,0.06500873,0.024940254,0.15215817,0.882022,0.024892801
8995,0.008985429,0.10230471,0.1484171,0.89982784,0.0053018946
8996,0.0094125895,0.10302442,0.19253936,0.87125593,0.036493767
8997,0.005598249,0.009559399,0.08866235,0.8296301,0.08210663
8998,0.009449081,0.03461884,0.069541745,0.9293122,0.21535076
8999,0.01107216,0.012100386,0.056236345,0.7241881,0.009268014
9000,0.007289077,0.02199022,0.022074388,0.7804952,0.03204008
9001,0.012100386,0.017576884,0.16803622,0.8749346,0.068537496
9002,0.006097562,0.0028560124,0.053899154,0.9396923,0.29067874
9003,0.01433703,0.038106617,0.16158466,0.9719925,0.0068771075
9004,0.010209055,0.006097562,0.31090358,0.9598375,0.11797801
9005,0.0058199596,0.009898064,0.8101787,0.6928498,0.009376237
9006,0.018055335,0.0018315102,0.84530497,0.86408126,0.07356305
9007,0.0034564096,0.8385476,0.98803884,0.75346667,0.0014607495
9008,0.03085051,0.6288634,0.82261705,0.8987666,0.00019871553
9009,0.010570489,0.94386727,0.88263035,0.9411153,0.00024346048
9010,0.004314688,0.84038997,0.82204634,0.9795114,0.00015236755
9011,0.03442355,0.7552762,0.9518632,0.9627432,0.0001634647
9012,0.011687257,0.8774768,0.9857729,0.91550726,0.0020348171
9013,0.0026626128,0.85452086,0.8322367,0.80363655,3.9751925e-05
9014,0.013325147,0.8054792,0.95719784,0.96891505,0.00071244594
9015,0.006265534,0.88563144,0.9092645,0.91367656,0.00044770088
9016,0.013171949,0.9237301,0.9069832,0.4377634,0.0023504829
9017,0.021044567,0.8834373,0.8286616,0.62852144,0.00057254656
9018,0.0089161275,0.79597545,0.64478445,0.41436553,0.0014953384
9019,0.01990879,0.9452985,0.64968973,0.23633993,0.00072365726
9020,0.98771137,0.93663365,0.7940658,0.59343255,0.00014202365
9021,0.9007046,0.8891444,0.7718435,0.7890712,0.00056588
9022,0.99333304,0.6854233,0.9003547,0.5208162,0.0006771943
9023,0.9401336,0.8590736,0.86060363,0.34964374,0.0005636751
9024,0.9395816,0.89715594,0.938124,0.8039445,0.0003150387
9025,0.8153795,0.94639885,0.936285,0.8933094,0.00022341637
9026,0.9224824,0.91655886,0.6461254,0.91212356,0.00062389387
9027,0.91117966,0.9636434,0.54243916,0.9329437,0.0004859561
9028,0.97788346,0.8221891,0.87621135,0.9181873,0.00046190585
9029,0.95565146,0.8449215,0.39059204,0.8929365,0.0006538155
9030,0.9064877,0.8655654,0.94757545,0.33796784,0.00020027377
9031,0.9548163,0.87997437,0.8879841,0.4724705,0.00052542303
9032,0.8818186,0.7140302,0.8413048,0.76611876,0.00024729347
9033,0.94458723,0.86860406,0.89733595,0.8146434,0.0005747862
9034,0.9333094,0.761893,0.7498207,0.12168575,0.0017207355
9035,0.97986126,0.7545535,0.69802076,0.24400254,0.0012793075
9036,0.90958625,0.8260112,0.9456007,0.14990433,0.0013096057
9037,0.91086304,0.7854732,0.9634375,0.14366761,0.00519988
9038,0.950503,0.6045157,0.8967949,0.2831863,0.00081993215
9039,0.78133065,0.8054792,0.9549844,0.20134172,0.0012065897
9040,0.97369474,0.7977145,0.9223426,0.10320506,0.00035697065
9041,0.9240048,0.65522575,0.91891783,0.04698664,0.009746104
9042,0.9467938,0.65665823,0.8958876,0.13318956,0.0069576087
9043,0.9703525,0.8663589,0.92617035,0.039937314,0.0027362213
9044,0.96653706,0.9664738,0.94407386,0.078359805,0.008711385
9045,0.9103862,0.96309197,0.9313377,0.347205,0.0094125895
9046,0.90829307,0.94154674,0.93403506,0.052134257,0.01243165
9047,0.9664738,0.7884203,0.68257374,0.13857833,0.0038996208
9048,0.98871195,0.96405166,0.6820445,0.03015741,0.0043994132
9049,0.99090964,0.9455002,0.70089483,0.12678517,0.0033897832
9050,0.9164094,0.9227612,0.8828326,0.032836955,0.012722708
9051,0.97529614,0.8042522,0.9329437,0.19208428,0.006145092
9052,0.96544635,0.42620215,0.90448195,0.053601142,0.020488555
9053,0.9467938,0.90295243,0.9119669,0.1666754,0.0015487612
9054,0.9092645,0.85705173,0.7704648,0.124638565,0.0040860027
9055,0.95945925,0.87514824,0.44025868,0.37840167,0.04248321
9056,0.91398406,0.7027341,0.5917232,0.15482272,0.008610767
9057,0.9184803,0.88363826,0.9351099,0.07906799,0.071202725
9058,0.9727791,0.9635062,0.8513358,0.17217185,0.008881675
9059,0.9413314,0.88100195,0.8493474,0.11516222,0.038756195
9060,0.97510713,0.81873685,0.93558234,0.22867285,0.024892801
9061,0.9908035,0.92290026,0.7728737,0.2758119,0.011419615
9062,0.9309621,0.5683559,0.5078271,0.21436232,0.04200906
9063,0.9812749,0.48943487,0.6668223,0.17412923,0.012194132
9064,0.9832145,0.915356,0.5474641,0.03234433,0.025178842
9065,0.9725715,0.7166154,0.891811,0.32348695,0.0121471705
9066,0.9893063,0.86522406,0.97313875,0.090735495,0.008847355
9067,0.9533619,0.7631309,0.86476797,0.11536139,0.0079997545
9068,0.9456007,0.1187934,0.8862236,0.071073666,0.036631364
9069,0.9574373,0.08284563,0.77063745,0.055823144,0.00502115
9070,0.9007046,0.25870037,0.83682144,0.05300977,0.004905406
9071,0.9517737,0.07369627,0.8106289,0.04681203,0.0022872277
9072,0.992597,0.34345183,0.87125593,0.20817892,0.0025809042
9073,0.98475236,0.43320197,0.695338,0.10393038,0.03615194
9074,0.9015746,0.11221036,0.7599387,0.10576342,0.047602657
9075,0.92007446,0.13296424,0.7047701,0.087720014,0.03534408
9076,0.96909106,0.19360435,0.6563279,0.34864512,0.0066411127
9077,0.9400236,0.41756833,0.7783125,0.082549304,0.03114383
9078,0.29330325,0.5511812,0.84632385,0.27474037,0.009783876
9079,0.1187934,0.06052939,0.7194822,0.09285216,0.017045317
9080,0.17356819,0.18609506,0.33982763,0.05975658,0.017917344
9081,0.035211135,0.061199225,0.9326989,0.04320404,0.020567095
9082,0.19528697,0.36772424,0.9273633,0.112015955,0.028382124
9083,0.1183851,0.27425417,0.96378,0.12485182,0.015072629
9084,0.18271701,0.078078166,0.83141696,0.020804489,0.009633652
9085,0.39233685,0.06301947,0.9628831,0.028436033,0.091544405
9086,0.15115306,0.22135067,0.6589664,0.12797922,0.0070117954
9087,0.1260303,0.10557884,0.86165464,0.0493136,0.0063143647
9088,0.08021325,0.10194652,0.9116528,0.056652427,0.017242778
9089,0.16371268,0.31237,0.8290773,0.12085322,0.0054059005
9090,0.4300875,0.056236345,0.36602303,0.14817041,0.020293485
9091,0.18967113,0.02942358,0.8562122,0.016090874,0.0055119344
9092,0.25608712,0.05531065,0.7749242,0.13811268,0.014899643
9093,0.23057307,0.3361131,0.4656001,0.12220858,0.020371294
9094,0.28917092,0.046638038,0.7318259,0.14128143,0.0037800956
9095,0.27963173,0.13432106,0.51507115,0.2221934,0.0045208177
9096,0.19253936,0.18922126,0.84389514,0.024469668,0.9001793
9097,0.069921836,0.1532955,0.6502452,0.22388572,0.91321325
9098,0.36127737,0.10338596,0.90414387,0.13927926,0.9375548
9099,0.11377637,0.12830654,0.7401744,0.24059612,0.94699025
9100,0.14965561,0.32071492,0.46544823,0.26817408,0.9517737
9101,0.17036992,0.078925885,0.6266955,0.45217305,0.71967924
9102,0.057918087,0.43182373,0.5272709,0.13330235,0.7337381
9103,0.19728975,0.051462766,0.891055,0.087096825,0.7090191
9104,0.037892427,0.07654563,0.37045312,0.10932483,0.89715594
9105,0.031261913,0.14187485,0.88161486,0.03027187,0.8342719
9106,0.17286891,0.27221796,0.86669767,0.33187717,0.6910806
9107,0.3004376,0.28947213,0.684053,0.1724504,0.9474783
9108,0.14596547,0.3197583,0.88463867,0.077099696,0.7540105
9109,0.095518075,0.10248422,0.9411153,0.16968088,0.51141924
9110,0.30002728,0.14402843,0.8565725,0.90397453,0.9722571
9111,0.061199225,0.6995624,0.8025555,0.8115267,0.87191176
9112,0.18967113,0.07751766,0.8091252,0.9457011,0.9145963
9113,0.1769559,0.24364243,0.7799929,0.93403506,0.8698252
9114,0.16465074,0.06348236,0.4608348,0.9666631,0.91086304
9115,0.44673607,0.009020279,0.7272012,0.913368,0.8146434
9116,0.5365861,0.083890386,0.85848147,0.83031917,0.9180404
9117,0.14080817,0.07992552,0.9494823,0.8576489,0.55600786
9118,0.027532939,0.053206205,0.9222025,0.77321637,0.86726075
9119,0.08122776,0.029591374,0.9591543,0.8734309,0.8740772
9120,0.12929276,0.051367506,0.7356416,0.8740772,0.88263035
9121,0.2863688,0.066934206,0.8646537,0.7831604,0.5920771
9122,0.09401018,0.0527164,0.85633236,0.8152325,0.8862236
9123,0.12147716,0.18432662,0.87599933,0.8431217,0.6420959
9124,0.10070161,0.26759952,0.87568074,0.86165464,0.9020933
9125,0.26511872,0.12410682,0.84479356,0.64523166,0.617282
9126,0.33720353,0.15316878,0.7325918,0.93306583,0.71611935
9127,0.13409412,0.031084951,0.9312127,0.8564525,0.9312127
9128,0.112600096,0.18039525,0.9853279,0.7407374,0.7690802
9129,0.10123348,0.06669065,0.82104415,0.93593454,0.8498466
9130,0.059866417,0.03204008,0.5711687,0.47583362,0.93033177
9131,0.15636235,0.49647722,0.8272706,0.8268516,0.83508044
9132,0.036838703,0.13150747,0.9250947,0.8409133,0.7900447
9133,0.03327394,0.10411242,0.8938666,0.8814109,0.6641048
9134,0.17147702,0.68479127,0.9749169,0.7192851,0.7565375
9135,0.08993301,0.736211,0.9566342,0.5047301,0.57493186
9136,0.15443976,0.65168744,0.55380696,0.8089744,0.5245621
9137,0.16885695,0.7720154,0.8824279,0.92892635,0.9224824
9138,0.090735495,0.7243831,0.6931614,0.9378969,0.9564718
9139,0.26626188,0.7221353,0.8750414,0.88463867,0.90174776
9140,0.046033904,0.79597545,0.8311431,0.91891783,0.7834919
9141,0.14767806,0.7119319,0.80821866,0.89368117,0.9562273
9142,0.4758184,0.84479356,0.7151257,0.9645224,0.7112304
9143,0.12984344,0.69471705,0.6791787,0.7037531,0.59508085
9144,0.8824279,0.93220687,0.7916601,0.82161736,0.49328655
9145,0.9071478,0.55959094,0.61647415,0.853669,0.648355
9146,0.7634837,0.41324034,0.8470844,0.86849254,0.7778066
9147,0.9598375,0.77304506,0.8774768,0.84234506,0.82587075
9148,0.92107415,0.74706274,0.8260112,0.7749242,0.7479843
9149,0.84959716,0.49535763,0.5492478,0.9036349,0.83004373
9150,0.72903776,0.7379143,0.8830344,0.80084777,0.86350673
9151,0.8866169,0.5184243,0.87925047,0.69378424,0.6190684
9152,0.93569994,0.7913377,0.828523,0.8957053,0.92956835
9153,0.92879725,0.87234735,0.93991333,0.82949203,0.9257686
9154,0.91367656,0.46614686,0.9492005,0.78613067,0.9113377
9155,0.6563279,0.89199936,0.82768893,0.90515476,0.9167081
9156,0.91789335,0.86545163,0.6758716,0.71183175,0.9073123
9157,0.6724393,0.8076124,0.98378503,0.88875884,0.90295243
9158,0.75617754,0.70161086,0.98752034,0.64768684,0.91505283
9159,0.8866169,0.5829066,0.9972531,0.87599933,0.75110084
9160,0.8782099,0.87800074,0.9963924,0.84594244,0.91383046
9161,0.77509457,0.73696893,0.99749833,0.92788786,0.79565805
9162,0.95013416,0.49480072,0.9965436,0.8733229,0.8031738
9163,0.74576885,0.61259943,0.98975134,0.70629174,0.4956971
9164,0.7399865,0.75036985,0.9761746,0.8795612,0.89912134
9165,0.76559335,0.2809122,0.9890554,0.9199307,0.64097303
9166,0.86838096,0.65235215,0.98955137,0.88759494,0.6234915
9167,0.94834626,0.8086723,0.9962346,0.8951567,0.968441
9168,0.8967949,0.9038049,0.9959771,0.7977145,0.86165464
9169,0.8304567,0.5915463,0.99279517,0.9193534,0.92563426
9170,0.9124362,0.6808786,0.98065484,0.8197491,0.9466954
9171,0.69884354,0.43674216,0.98651993,0.7050748,0.8702668
9172,0.8934954,0.49985376,0.9791557,0.8265718,0.76454014
9173,0.8632764,0.8348113,0.9930153,0.92093205,0.89312315
9174,0.86177105,0.94024336,0.9917163,0.7442848,0.90878
9175,0.83237296,0.80363655,0.99190676,0.9181873,0.78613067
9176,0.88582915,0.93071055,0.9554855,0.86669767,0.74706274
9177,0.8429925,0.9535353,0.9405718,0.6328432,0.5811248
9178,0.94610083,0.8929365,0.9769348,0.6981237,0.53555393
9179,0.9678993,0.74298155,0.9890131,0.82544905,0.29573816
9180,0.77424216,0.7648916,0.99368566,0.49109742,0.38572168
9181,0.8850366,0.9144437,0.94776917,0.90878,0.36421204
9182,0.95938325,0.77475387,0.9745319,0.9803562,0.11318691
9183,0.84169555,0.55871826,0.93913656,0.86759764,0.23109324
9184,0.89823216,0.8356178,0.9571178,0.8969756,0.18300885
9185,0.8818186,0.8478418,0.989791,0.50219536,0.052134257
9186,0.7867867,0.5574238,0.9913892,0.5644586,0.04401865
9187,0.6632328,0.70598775,0.97344345,0.82544905,0.048767094
9188,0.8118252,0.90681833,0.98134655,0.68573904,0.16092426
9189,0.8688268,0.89218736,0.985663,0.8372211,0.31943974
9190,0.93108755,0.8005361,0.9911868,0.8076124,0.1491592
9191,0.96080494,0.817283,0.98403233,0.40069073,0.15115306
9192,0.6887825,0.68647516,0.98722816,0.6664968,0.18344729
9193,0.89423656,0.8707073,0.9776285,0.6841585,0.36761075
9194,0.66006285,0.7281688,0.9877587,0.586286,0.09687654
9195,0.84834504,0.9695556,0.99373454,0.62165576,0.13443464
9196,0.8010035,0.73354733,0.99686414,0.68700033,0.42602307
9197,0.9168571,0.86960393,0.99596137,0.6676896,0.4210756
9198,0.93721074,0.81640637,0.99683964,0.8321002,0.24472383
9199,0.9081302,0.7356416,0.9933072,0.79549927,0.39805537
9200,0.78596646,0.56139517,0.97334224,0.6852127,0.15830442
9201,0.6008326,0.4247102,0.92905515,0.7397986,0.5120064
9202,0.7348813,0.7864589,0.9942697,0.86223567,0.1437878
9203,0.66562796,0.62909126,0.9953904,0.86916035,0.13128456
9204,0.93403506,0.7256486,0.99209267,0.8906752,0.3055937
9205,0.90665317,0.8535469,0.9928231,0.86960393,0.18565173
9206,0.6775807,0.8895288,0.98421544,0.7601169,0.23510839
9207,0.79975533,0.9567152,0.97622,0.9073123,0.12220858
9208,0.8830344,0.91505283,0.99196917,0.74706274,0.3477586
9209,0.8044059,0.53518957,0.9662198,0.8969756,0.34037554
9210,0.71243227,0.59449244,0.99497885,0.81271875,0.04885778
9211,0.7980295,0.8269914,0.97334224,0.90174776,0.14829372
9212,0.9015746,0.7390459,0.94901186,0.8092759,0.0498659
9213,0.9700135,0.7804952,0.98215127,0.9601375,0.22712629
9214,0.78099674,0.47463113,0.9883128,0.9601375,0.22388572
9215,0.7779754,0.5240598,0.99174845,0.80639565,0.038683496
9216,0.921499,0.5368593,0.94649786,0.8307315,0.09268778
9217,0.89805347,0.57290196,0.9959299,0.7929457,0.025516603
9218,0.97394365,0.92944044,0.9896718,0.48060057,0.13511792
9219,0.8233284,0.2914848,0.98549646,0.81844676,0.14235108
9220,0.8118252,0.562537,0.99448806,0.7442848,0.263789
9221,0.8537909,0.3636469,0.971564,0.6658453,0.32594952
9222,0.8680457,0.7407374,0.967225,0.86916035,0.05379964
9223,0.8352149,0.90087914,0.9859904,0.615319,0.170508
9224,0.97706646,0.8834373,0.98803884,0.9076402,0.0946777
9225,0.8409133,0.79454446,0.99343574,0.94757545,0.12147716
9226,0.692122,0.5914873,0.983597,0.8269914,0.18388654
9227,0.9296961,0.69097626,0.966156,0.96182173,0.41412857
9228,0.7604728,0.6263527,0.9548163,0.7783125,0.44456476
9229,0.7401744,0.7892337,0.9956346,0.4397173,0.4208971
9230,0.4799759,0.708616,0.9973061,0.9113377,0.29543313
9231,0.81815636,0.9015746,0.98799264,0.5988402,0.041930523
9232,0.87546796,0.7636601,0.9913892,0.82090056,0.2617081
9233,0.82233185,0.27212125,0.96628344,0.85633236,0.17497347
9234,0.8115267,0.5801737,0.9881765,0.8679338,0.25349122
9235,0.71173155,0.8687154,0.9932025,0.8106289,0.31510335
9236,0.7767923,0.7498207,0.9662198,0.7130322,0.052230857
9237,0.57415605,0.97369474,0.9774571,0.86960393,0.08616956
9238,0.7592254,0.40668526,0.98024315,0.83801806,0.3006429
9239,0.8498466,0.5967269,0.99242276,0.5566707,0.041773878
9240,0.7699463,0.91891783,0.99611557,0.97923523,0.099820666
9241,0.888372,0.8071568,0.99317604,0.9700135,0.24148938
9242,0.7849791,0.692226,0.9987207,0.98365986,0.27503237
9243,0.7512834,0.6334103,0.9980957,0.99187535,0.19406214
9244,0.7829945,0.84645087,0.9951137,0.9811307,0.14282866
9245,0.6928498,0.8916225,0.9567152,0.9777139,0.22422527
9246,0.8224745,0.8299059,0.994089,0.97204566,0.37949336
9247,0.94844174,0.86350673,0.9893885,0.98866826,0.82161736
9248,0.80022407,0.70992494,0.98942953,0.9158089,0.9267028
9249,0.96961325,0.6313671,0.9812029,0.9859904,0.92064714
9250,0.9522199,0.2607658,0.98677725,0.96210754,0.72594017
9251,0.82275945,0.7345006,0.9905874,0.9877587,0.9559813
9252,0.4461327,0.4378235,0.97204566,0.97640073,0.85195273
9253,0.9493885,0.9813107,0.9940659,0.967101,0.8850366
9254,0.5975492,0.9876639,0.9904406,0.96557647,0.74539834
9255,0.51247144,0.97482115,0.9856076,0.9881309,0.8197491
9256,0.9091032,0.98609793,0.9930962,0.9777564,0.80147004
9257,0.94966936,0.9534488,0.98771137,0.9551521,0.9351099
9258,0.8268516,0.9685006,0.97394365,0.99509466,0.4449265
9259,0.83775276,0.9853279,0.98588216,0.99390244,0.67928505
9260,0.7412996,0.9977482,0.947381,0.98662347,0.52278084
9261,0.8143483,0.99025387,0.9845754,0.93732566,0.94479126
9262,0.8840393,0.9937588,0.9905874,0.9871293,0.95540243
9263,0.9036349,0.9700703,0.975249,0.9273633,0.32659352
9264,0.7545535,0.88875884,0.99178034,0.97313875,0.83237296
9265,0.5630176,0.92892635,0.98527133,0.98080254,0.7201715
9266,0.57343954,0.96926606,0.9893063,0.9928231,0.7352616
9267,0.86601925,0.97539,0.9971551,0.9667888,0.87557435
9268,0.9390248,0.9431384,0.9657061,0.9175984,0.5338836
9269,0.46733177,0.9797065,0.98242307,0.9789956,0.6584175
9270,0.8773718,0.9260366,0.9859364,0.98986953,0.87418467
9271,0.61068565,0.94767237,0.99356186,0.98340684,0.94218844
9272,0.75219464,0.9651191,0.9874236,0.961171,0.8768455
9273,0.7107287,0.9339146,0.96753323,0.98862445,0.8806945
9274,0.91086304,0.9405718,0.9457011,0.97684664,0.70028025
9275,0.8828326,0.9825575,0.9674718,0.9497627,0.817283
9276,0.9883128,0.9207897,0.97923523,0.97966766,0.9219218
9277,0.99209267,0.96378,0.9875683,0.99544394,0.72594017
9278,0.9871788,0.9737447,0.98998636,0.99047756,0.8178656
9279,0.98955137,0.9879462,0.98771137,0.9925103,0.9492005
9280,0.9837225,0.9187722,0.8975158,0.9370958,0.91490096
9281,0.99899167,0.98761624,0.98242307,0.9878528,0.84834504
9282,0.99190676,0.9877587,0.9809856,0.9672869,0.654674
9283,0.9905143,0.88100195,0.9233162,0.9653158,0.92495924
9284,0.9973374,0.98228765,0.9174507,0.9961306,0.9326989
9285,0.98955137,0.9870297,0.9888419,0.9943581,0.80639565
9286,0.99317604,0.9793935,0.9765801,0.9718859,0.8713654
9287,0.998147,0.9771538,0.99040353,0.9348725,0.4990554
9288,0.97879386,0.9921841,0.9238675,0.99097973,0.80821866
9289,0.9891816,0.99193794,0.99453074,0.95846003,0.9433476
9290,0.9931496,0.98123896,0.9959299,0.9785493,0.9223426
9291,0.9772842,0.9721515,0.9952077,0.9636434,0.9147487
9292,0.98722816,0.9946359,0.9983059,0.94796216,0.7916601
9293,0.9701835,0.9790758,0.9967013,0.99111825,0.9107044
9294,0.98582757,0.9888849,0.9957188,0.87234735,0.77218723
9295,0.9829547,0.85403454,0.98803884,0.799129,0.818011
9296,0.96518475,0.9516839,0.98228765,0.9701269,0.8079157
9297,0.99178034,0.98803884,0.98475236,0.985663,0.8590736
9298,0.9901782,0.9706322,0.99657035,0.9555686,0.80193585
9299,0.9161096,0.9815244,0.99101454,0.98445636,0.906156
9300,0.9964064,0.96765566,0.99002504,0.98498523,0.7804952
9301,0.97923523,0.9739932,0.99698395,0.9224824,0.81757444
9302,0.979784,0.98020524,0.9948001,0.97754294,0.92892635
9303,0.98439646,0.98926485,0.9840936,0.8275496,0.78116375
9304,0.94796216,0.8267118,0.9882676,0.9657061,0.8782099
9305,0.94261247,0.9474783,0.9971771,0.9952632,0.67168593
9306,0.9975751,0.9853843,0.89368117,0.99477994,0.9434519
9307,0.9877587,0.94122344,0.9207897,0.9944666,0.8230441
9308,0.99097973,0.9825575,0.99486035,0.9428234,0.91212356
9309,0.99411184,0.98365986,0.97409195,0.980053,0.9430336
9310,0.99740905,0.9879462,0.98771137,0.9129032,0.68151486
9311,0.9964064,0.9725715,0.99591404,0.9863105,0.7668179
9312,0.99094474,0.9917163,0.95159405,0.90894175,0.8498466
9313,0.992961,0.9600627,0.9944666,0.9186264,0.5329721
9314,0.9658352,0.99491996,0.9813107,0.988085,0.8441522
9315,0.9988575,0.8624676,0.9939964,0.94417685,0.9263037
9316,0.99594563,0.99343574,0.97923523,0.976038,0.91625965
9317,0.9603612,0.979784,0.990732,0.97879386,0.7689067
9318,0.9943581,0.9817007,0.9871293,0.99256825,0.9474783
9319,0.97052056,0.9928786,0.9937588,0.9809491,0.6378207
9320,0.9841546,0.9639839,0.98197925,0.97151,0.8830344
9321,0.9916842,0.9518632,0.98934746,0.96498734,0.6916015
9322,0.9783019,0.93721074,0.98588216,0.9631613,0.8337311
9323,0.9975656,0.9928231,0.99021614,0.95275027,0.84733725
9324,0.9961903,0.9795114,0.9912548,0.9635748,0.8722386
9325,0.94901186,0.9900636,0.9759006,0.9744348,0.83575183
9326,0.9950563,0.9890131,0.979784,0.8702668,0.7711549
9327,0.997459,0.97719735,0.98609793,0.9643886,0.72301626
9328,0.9873262,0.97246706,0.99823856,0.98141783,0.73392886
9329,0.9876639,0.98445636,0.9898303,0.82796735,0.80609053
9330,0.99371004,0.9401336,0.9341553,0.97389406,0.94796216
9331,0.99209267,0.9451974,0.8702668,0.9900636,0.9459013
9332,0.9893885,0.9905874,0.92441523,0.9764905,0.7142296
9333,0.9890554,0.9889705,0.94853723,0.9889705,0.7025301
9334,0.9959771,0.8697146,0.9803186,0.996557,0.9174507
9335,0.99701905,0.9605836,0.99596137,0.96485513,0.75219464
9336,0.9946774,0.99482024,0.99361163,0.9871293,0.5849233
9337,0.994615,0.9898303,0.9879462,0.99683964,0.50312227
9338,0.98866826,0.99469805,0.9076402,0.9840936,0.46736214
9339,0.95976204,0.9630224,0.99253935,0.985663,0.46323174
9340,0.98228765,0.9548163,0.99066,0.98039377,0.24059612
9341,0.99851626,0.98427594,0.9859904,0.9973786,0.6918097
9342,0.98469365,0.9693822,0.9795114,0.9757161,0.6817268
9343,0.9933072,0.99047756,0.9871293,0.96926606,0.7501869
9344,0.9680205,0.9680205,0.9091032,0.86993575,0.57636315
9345,0.9970765,0.9900636,0.009708476,0.9803186,0.61860764
9346,0.99686414,0.983597,0.009090384,0.9175984,0.7200731
9347,0.9883128,0.98571813,0.00698465,0.95589906,0.60492414
9348,0.9978173,0.9313377,0.013376604,0.98228765,0.9203613
9349,0.97923523,0.95589906,0.025711587,0.96518475,0.7540105
9350,0.97879386,0.90515476,0.005708034,0.90087914,0.7399865
9351,0.99262565,0.8967949,0.012383785,0.966156,0.68215036
9352,0.99482024,0.9459013,0.008156248,0.9785903,0.9164094
9353,0.9941347,0.98228765,0.0023051251,0.818011,0.5777932
9354,0.98481095,0.882022,0.012771867,0.9314625,0.92683524
9355,0.97684664,0.92563426,0.039787807,0.94261247,0.96538115
9356,0.99722075,0.971564,0.0107767265,0.92563426,0.90000373
9357,0.9893063,0.941007,0.00809329,0.9914225,0.9265699
9358,0.97640073,0.7744129,0.007968815,0.98481095,0.9599126
9359,0.9893885,0.9230392,0.07030385,0.8500957,0.65201986
9360,0.9859904,0.83907574,0.0024154831,0.97298527,0.96691406
9361,0.99900347,0.9532751,0.0046095722,0.9825575,0.9328214
9362,0.99759394,0.9795114,0.0030873695,0.98722816,0.8275496
9363,0.99928755,0.96425414,0.009522486,0.9723097,0.9240048
9364,0.99621993,0.9333094,0.008124708,0.9960699,0.93593454
9365,0.9820826,0.93318766,0.0028560124,0.9722571,0.83788544
9366,0.97529614,0.9890131,0.00044770088,0.99317604,0.8500957
9367,0.98780584,0.9911527,0.0001072088,0.993807,0.83999664
9368,0.96879715,0.91102153,0.0011513996,0.9622497,0.34875605
9369,0.9722044,0.99635005,0.0016941031,0.98651993,0.8824279
9370,0.990732,0.9528382,0.00014539114,0.97272736,0.45147765
9371,0.9960083,0.9857729,0.0047552,0.9820826,0.89912134
9372,0.9535353,0.9719925,0.004331502,0.9932288,0.93183565
9373,0.90878,0.9864157,0.0040701376,0.9822196,0.9103862
9374,0.98378503,0.97792566,0.0045208177,0.9780936,0.8330532
9375,0.9851003,0.93991333,0.004314688,0.9658996,0.7280721
9376,0.9539661,0.97313875,0.00109019,0.88563144,0.79645085
9377,0.9834705,0.96080494,0.00462753,0.9793935,0.8597815
9378,0.99021614,0.96961325,0.0018031665,0.8564525,0.8951567
9379,0.98975134,0.9183339,0.18447348,0.9591543,0.5597413
9380,0.987375,0.9832145,0.24780536,0.98986953,0.7352616
9381,0.97826034,0.7833262,0.22832851,0.9899476,0.7690802
9382,0.9680205,0.9320833,0.24472383,0.9583822,0.8322367
9383,0.9598375,0.9400236,0.42984816,0.9822196,0.84273374
9384,0.99187535,0.94122344,0.25146383,0.9964619,0.91920847
9385,0.98657167,0.9352283,0.19314739,0.97850823,0.82615143
9386,0.9839091,0.9725715,0.309128,0.99158704,0.9723622
9387,0.9868787,0.9744834,0.33654907,0.9781772,0.915356
9388,0.990732,0.9608783,0.3463202,0.9851576,0.8564525
9389,0.98065484,0.9776285,0.32939172,0.96131647,0.87514824
9390,0.9940659,0.9884919,0.18417984,0.92905515,0.67329913
9391,0.97947216,0.9911868,0.21223202,0.9738444,0.89478946
9392,0.9914225,0.97891515,0.09384396,0.9803186,0.7188905
9393,0.9940428,0.9465967,0.25146383,0.97529614,0.48869517
9394,0.9878996,0.9695556,0.5455581,0.9759464,0.90515476
9395,0.99268264,0.9887554,0.099820666,0.99184376,0.544983
9396,0.99566853,0.89218736,0.25757828,0.99090964,0.80730873
9397,0.9945095,0.9680205,0.36082682,0.9810946,0.936285
9398,0.98913974,0.9732915,0.36274344,0.9505947,0.8470844
9399,0.97090924,0.9670388,0.2959416,0.9674718,0.7977145
9400,0.99712163,0.9696707,0.44411266,0.99529994,0.80348235
9401,0.98340684,0.96138906,0.3431216,0.9868281,0.9979572
9402,0.98677725,0.94176143,0.47976267,0.97622,0.99047756
9403,0.99227446,0.98365986,0.4713145,0.91550726,0.9896318
9404,0.98625773,0.97662467,0.18491465,0.9574373,0.9563905
9405,0.9976495,0.9960238,0.114566505,0.9845754,0.99444515
9406,0.9628831,0.99783427,0.43482125,0.96765566,0.97931457
9407,0.9940659,0.98555213,0.52737737,0.80147004,0.9849274
9408,0.99338466,0.8729984,0.30756596,0.9459013,0.992961
9409,0.915356,0.8224745,0.24617071,0.9076402,0.99605453
9410,0.9912548,0.9326989,0.29077944,0.9773276,0.9882676
9411,0.9830851,0.992961,0.33971807,0.97272736,0.98302
9412,0.99390244,0.8365546,0.3015677,0.9869292,0.98215127
9413,0.9502266,0.9604354,0.30033502,0.97052056,0.9750122
9414,0.9966234,0.9775858,0.26473838,0.9817007,0.99333304
9415,0.9809491,0.9079672,0.37593555,0.91086304,0.9763105
9416,0.9939964,0.98866826,0.6091173,0.95159405,0.95606345
9417,0.99630713,0.9555686,0.4712841,0.99368566,0.8348113
9418,0.9986646,0.9069832,0.19961986,0.98799264,0.98190993
9419,0.9941801,0.9791955,0.34400254,0.936285,0.8949732
9420,0.97112906,0.9785493,0.44930202,0.04418332,0.9523088
9421,0.9871788,0.9015746,0.12808825,0.0035936027,0.97622
9422,0.99256825,0.9759006,0.24256428,0.002693914,0.91398406
9423,0.993807,0.9599126,0.5664982,0.0107351625,0.9567152
9424,0.9888849,0.9693822,0.406862,0.00698465,0.99253935
9425,0.993807,0.97482115,0.32562774,0.022715755,0.72193927
9426,0.9839091,0.96095175,0.69637144,0.0045384318,0.9505947
9427,0.99083894,0.98378503,0.21436232,0.071332,0.96879715
9428,0.99368566,0.9874721,0.74186105,0.025711587,0.97543687
9429,0.99611557,0.9861514,0.06979492,0.010860331,0.97354424
9430,0.99373454,0.9719925,0.068537496,0.011244561,0.9898303
9431,0.97068775,0.93569994,0.0996453,0.0065388246,0.9561454
9432,0.99440175,0.015663648,0.09186979,0.0416178,0.9583042
9433,0.99101454,0.021739595,0.21783626,0.0069306716,0.9731898
9434,0.99279517,0.002463007,0.10105592,0.019087434,0.9789554
9435,0.08269734,0.05634009,0.14928317,0.008380453,0.99174845
9436,0.034488525,0.0026626128,0.25701845,0.01572399,0.9079672
9437,0.03289904,0.009670992,0.2914848,0.009485713,0.98197925
9438,0.03378023,0.011463798,0.55223787,0.012624949,0.9921233
9439,0.0045208177,0.011288074,0.40933883,0.010902374,0.96691406
9440,0.011419615,0.021574067,0.66432256,0.0011786721,0.97767127
9441,0.019382192,0.031261913,0.13591877,0.011961099,0.9827572
9442,0.023734685,0.0029694452,0.067546695,0.030329255,0.971779
9443,0.0029810327,0.0019342611,0.12852514,0.023962023,0.9824905
9444,0.035880696,0.026355354,0.32284614,0.013222822,0.99273914
9445,0.008711385,0.019124037,0.27435136,0.007489625,0.9868787
9446,0.010248602,0.0020829707,0.2596379,0.009559399,0.9914225
9447,0.010902374,0.071073666,0.40157047,0.005598249,0.9917163
9448,0.0607519,0.0064882697,0.16858302,0.0054059005,0.9863105
9449,0.013428255,0.011288074,0.6448963,0.02800752,0.9716717
9450,0.009898064,0.002673006,0.7648916,0.031618766,0.9883128
9451,0.023330769,0.015663648,0.6679062,0.016979992,0.98138225
9452,0.031618766,0.02898063,0.06301947,0.0014721896,0.9915216
9453,0.0046636546,0.021739595,0.16224726,0.0006745559,0.9662198
9454,0.012821214,0.011115014,0.44025868,0.0009622126,0.93663365
9455,0.001294368,0.00045121065,0.3094409,0.0028671585,0.9719925
9456,0.0035518846,0.0013723687,0.3811044,0.0023231625,0.990329
9457,0.0020829707,0.00081355654,0.10302442,0.0018530593,0.9839091
9458,0.002157342,0.004198795,0.115960725,0.0010242064,0.961171
9459,0.00016219282,0.0005193049,0.59443355,0.0023141264,0.98582757
9460,0.0010608152,0.00047470425,0.32071492,0.0041824942,0.97369474
9461,0.0023688741,0.0023051251,0.17092276,0.0020111583,0.9916842
9462,0.0049436893,0.0013045066,0.3357863,0.0032099616,0.92262185
9463,0.0026522598,0.0033504236,0.31679183,0.0021997981,0.9736447
9464,0.0004859561,0.0041019293,0.22867285,0.006241259,0.9745319
9465,0.00519988,0.0003029734,0.05975658,0.009340025,0.99047756
9466,0.002157342,0.0024438868,0.09057447,0.00077632995,0.96411926
9467,0.0007524628,0.0018315102,0.14045411,0.0070664007,0.95961094
9468,0.0032224844,0.0029694452,0.2635994,0.00042388475,0.967101
9469,0.00109019,0.0013993983,0.15507847,0.0028118587,0.9691495
9470,0.0006190417,0.0006538155,0.13139597,0.0049436893,0.9439706
9471,0.0017961492,0.0030160663,0.12074952,0.016721142,0.9773276
9472,0.011961099,0.0004897656,0.51401913,0.0034834242,0.9792749
9473,0.0037654135,0.0009966077,0.263789,0.0038244836,0.990732
9474,0.0018458483,0.0052608517,0.14426938,0.001648483,0.95430803
9475,0.0018243829,0.015906392,0.056236345,0.0022872277,0.9462997
9476,0.012383785,0.008847355,0.026912304,0.0020587533,0.96203625
9477,0.007725534,0.001882186,0.0434469,0.15304215,0.9651191
9478,0.22490549,0.0011160142,0.3024941,0.17483252,0.97986126
9479,0.1765296,0.003524341,0.2617081,0.47720397,0.97298527
9480,0.21403356,0.0006825019,0.23423143,0.25571522,0.9510514
9481,0.14390805,0.0011469158,0.016090874,0.27943507,0.97458035
9482,0.7343101,0.00056588,0.039787807,0.314682,0.9780517
9483,0.47645783,0.81077874,0.12273334,0.71203196,0.9904406
9484,0.068662286,0.44338953,0.068040416,0.23300752,0.9822196
9485,0.16331197,0.41460252,0.35566297,0.083890386,0.941007
9486,0.3436721,0.15960999,0.53095096,0.43662205,0.9265699
9487,0.5506074,0.61312073,0.092196204,0.13998318,0.93980294
9488,0.41170207,0.37501955,0.16398026,0.35309353,0.95679593
9489,0.14235108,0.26990253,0.25720495,0.14366761,0.9142907
9490,0.1775255,0.22253112,0.13998318,0.2852724,0.9672869
9491,0.1625129,0.12951279,0.06548521,0.4608348,0.9889705
9492,0.5172661,0.19682622,0.13834533,0.274157,0.9906961
9493,0.33415475,0.0721122,0.155591,0.6401861,0.9795114
9494,0.14033625,0.27308947,0.22661245,0.04410091,0.9824905
9495,0.043772742,0.28388062,0.16013464,0.20995522,0.9158089
9496,0.35209036,0.40151182,0.18184364,0.5898345,0.97161794
9497,0.21386933,0.035611413,0.35432136,0.28071496,0.99608517
9498,0.49152458,0.24944726,0.18257122,0.074365705,0.9744834
9499,0.41994524,0.50376886,0.012053779,0.036838703,0.9615338
9500,0.5102525,0.06548521,0.111821815,0.38035607,0.9700703
9501,0.31997076,0.62016165,0.01717671,0.32487765,0.8037906
9502,0.1187934,0.4020986,0.22303842,0.4607438,0.9222025
9503,0.09384396,0.527925,0.06489012,0.079210326,0.9323302
9504,0.20979328,0.5090551,0.3055937,0.26855758,0.8657925
9505,0.4424257,0.4701588,0.23109324,0.21304953,0.9826909
9506,0.2649285,0.10248422,0.077099696,0.08344117,0.9465967
9507,0.40809983,0.041307304,0.11920292,0.4210756,0.90582335
9508,0.109705776,0.038538497,0.12581532,0.4247102,0.9810946
9509,0.14451066,0.023286305,0.021409769,0.5974318,0.9352283
9510,0.08819004,0.37376153,0.10875559,0.12951279,0.9691495
9511,0.23528406,0.19042274,0.123471275,0.05997644,0.94468933
9512,0.16830945,0.11736965,0.23074637,0.16371268,0.9905143
9513,0.4750117,0.61462533,0.14817041,0.27009502,0.97622
9514,0.5813625,0.06941547,0.09186979,0.27308947,0.99624926
9515,0.5382248,0.3002324,0.20689404,0.026205415,0.9899476
9516,0.76960015,0.5408632,0.011419615,0.39484245,0.9519527
9517,0.6534587,0.5174947,0.13454832,0.28209728,0.9956346
9518,0.4687298,0.23213604,0.14451066,0.15507847,0.9925103
9519,0.109705776,0.0849471,0.21027938,0.55679125,0.987375
9520,0.3821414,0.29746994,0.15546273,0.62852144,0.961171
9521,0.29685807,0.68605465,0.1284158,0.27747297,0.992597
9522,0.24041775,0.15165494,0.1169656,0.046899255,0.8785229
9523,0.464355,0.14057204,0.18624303,0.16762705,0.98201376
9524,0.16357902,0.7090191,0.0705596,0.61508787,0.94154674
9525,0.28967303,0.70801073,0.016914913,0.36387292,0.99271095
9526,0.5115183,0.09057447,0.05834584,0.38751647,0.99341017
9527,0.15817435,0.692122,0.029591374,0.17412923,0.94154674
9528,0.4190535,0.5566707,0.034358688,0.4823072,0.896614
9529,0.10393038,0.04304285,0.024007747,0.1999321,0.9840936
9530,0.4396872,0.5924898,0.030967517,0.10894504,0.9775858
9531,0.19837458,0.22051026,0.023644341,0.3903596,0.8713654
9532,0.79613405,0.1821344,0.02931223,0.0567569,0.98722816
9533,0.18403316,0.36999774,0.021656677,0.2359876,0.9785493
9534,0.23528406,0.11496336,0.006903838,0.26340988,0.99553156
9535,0.3414727,0.4496343,0.0085443305,0.15443976,0.9740426
9536,0.23057307,0.16079243,0.067546695,0.22067817,0.9685006
9537,0.039416388,0.48757428,0.05572029,0.050893717,0.97662467
9538,0.112600096,0.24835184,0.021165619,0.7465088,0.9777564
9539,0.314998,0.3765085,0.016152835,0.21783626,0.9805807
9540,0.14175598,0.3869372,0.039937314,0.18082882,0.99196917
9541,0.47721916,0.500628,0.012576348,0.2737685,0.95783347
9542,0.12368282,0.19868536,0.068662286,0.6327297,0.9859904
9543,0.11736965,0.3720488,0.13683893,0.16626887,0.95589906
9544,0.18506189,0.43542135,0.016979992,0.15533456,0.9513234
9545,0.17455094,0.33818638,0.003524341,0.21917035,0.996557
9546,0.045183755,0.5046996,0.009974921,0.13195427,0.9724148
9547,0.17967445,0.47539225,0.007846239,0.31552503,0.99306935
9548,0.24889915,0.21239533,0.020293485,0.0705596,0.9443824
9549,0.26340988,0.4994235,0.007876706,0.44387162,0.80022407
9550,0.1532955,0.23493282,0.019271137,0.16026603,0.9859364
9551,0.23248434,0.6631238,0.0140636265,0.31027624,0.9791158
9552,0.31090358,0.4066263,0.054298937,0.34125313,0.8830344
9553,0.50023794,0.3539863,0.0019494022,0.1437878,0.9899087
9554,0.15203226,0.44474563,0.037821285,0.14092636,0.9850429
9555,0.2947222,0.16968088,0.029367855,0.098772585,0.9302051
9556,0.17567945,0.16491956,0.007876706,0.26340988,0.9079672
9557,0.20040116,0.5627172,0.006097562,0.14817041,0.9718326
9558,0.16013464,0.13006426,0.013325147,0.2928986,0.99178034
9559,0.3226327,0.047337715,0.115960725,0.20898497,0.9588471
9560,0.5458305,0.08151976,0.057599206,0.258326,0.9502266
9561,0.5484014,0.21304953,0.002225671,0.19102567,0.96432143
9562,0.09334688,0.24454336,0.0013045066,0.21584621,0.98934746
9563,0.33144426,0.16013464,0.00033797944,0.09653532,0.9701269
9564,0.25757828,0.2359876,0.0036642202,0.23405631,0.97112906
9565,0.3900692,0.1899715,0.00040448149,0.10411242,0.90105337
9566,0.23528406,0.42936954,0.0004076526,0.024053553,0.13072868
9567,0.10875559,0.20963143,0.0004076526,0.057599206,0.0052608517
9568,0.16344544,0.019382192,0.0011291547,0.08740792,0.02178117
9569,0.26779094,0.010818449,9.761566e-05,0.06681232,0.014009566
9570,0.22884515,0.32241932,0.0014721896,0.21717146,0.005080037
9571,0.17881244,0.17667161,0.0014269596,0.31216028,0.058024745
9572,0.10837754,0.050705366,0.00039511538,0.1742697,0.031439852
9573,0.065604836,0.3270232,0.0008328334,0.0498659,0.038178273
9574,0.0498659,0.14780103,0.0017207355,0.24580847,0.040162586
9575,0.035477504,0.12700157,0.00018093576,0.18982129,0.0059340666
9576,0.21850258,0.074365705,3.3474687e-05,0.3004376,0.0051196762
9577,0.28051782,0.057176597,0.0011604197,0.037397135,0.015424552
9578,0.256832,0.18832397,0.00035143827,0.5783291,0.008412978
9579,0.055515114,0.16331197,0.00042058743,0.048496,0.011961099
9580,0.1561049,0.026405517,0.00016219282,0.47231835,0.0044337655
9581,0.09384396,0.28348374,0.00014883849,0.03015741,0.024609929
9582,0.3539863,0.54852235,0.0009146137,0.048496,0.0022083889
9583,0.19574778,0.009449081,0.0004859561,0.01990879,0.013376604
9584,0.24490438,0.1495314,7.311254e-05,0.09704756,0.008881675
9585,0.2666436,0.023779983,0.0015367271,0.040464837,0.008219693
9586,0.105948284,0.52800107,0.00061183405,0.01678549,0.030967517
9587,0.06489012,0.15253653,0.00054847926,0.21386933,0.0065388246
9588,0.27096224,0.5079873,0.00019411318,0.40174648,0.06348236
9589,0.20370755,0.3628563,0.0026626128,0.22953519,0.01384861
9590,0.022715755,0.2220247,0.00042223287,0.07276838,0.017509557
9591,0.08678673,0.314998,0.0008761799,0.09501305,0.023419945
9592,0.104294725,0.25720495,0.000720838,0.15495056,0.023916386
9593,0.11008789,0.51324916,0.0003150387,0.282493,0.025858775
9594,0.18184364,0.07572137,9.83812e-05,0.18802562,0.008124708
9595,0.1377643,0.2509128,8.888085e-05,0.39828944,0.0013045066
9596,0.17119971,0.37989587,0.00021654405,0.29685807,0.0009850083
9597,0.4565612,0.03302355,0.0064381026,0.059101548,0.008711385
9598,0.3193336,0.027690258,0.0012065897,0.18624303,0.0131212715
9599,0.10338596,0.16803622,0.0018031665,0.08586246,0.0026010936
9600,0.10338596,0.0586686,0.0006361912,0.05520869,0.0017821963
9601,0.030502053,0.07978202,0.0003487043,0.16913125,0.0033634927
9602,0.42202815,0.055823144,0.0006361912,0.3833527,0.0054692747
9603,0.13150747,0.04813677,0.0015307452,0.07737811,0.007345827
9604,0.11496336,0.011463798,0.0013564017,0.10557884,0.004736749
9605,0.1322902,0.013376604,0.002570868,0.012194132,0.00094361923
9606,0.09687654,0.022414217,0.0018386652,0.083740406,0.0014158707
9607,0.016529556,0.055412795,0.0031236487,0.27009502,0.005220126
9608,0.18892181,0.015967654,0.00084264233,0.009708476,0.0007793661
9609,0.013325147,0.029367855,0.00053161324,0.02931223,0.00047285444
9610,0.070176296,0.009449081,0.001455063,0.018194368,0.005080037
9611,0.10158945,0.009559399,0.0006436856,0.016152835,0.004314688
9612,0.5270122,0.004591684,0.00048785712,0.019160708,0.0012160416
9613,0.48236817,0.015603535,0.0016166499,0.0041824942,0.015247591
9614,0.022328783,0.0042315875,0.004054334,0.009670992,0.0004565269
9615,0.26340988,0.05834584,0.00060945016,0.04069295,0.002296159
9616,0.14270912,0.039490405,0.0006615174,0.0014381354,0.001264422
9617,0.14151853,0.0065897717,0.003707253,0.008610767,0.0015129384
9618,0.10650459,0.046291903,0.012970386,0.023241926,0.3727335
9619,0.010209055,0.0045384318,0.0008559007,0.022759154,0.5800547
9620,0.041384716,0.11417085,0.0016809418,0.0139557095,0.12326006
9621,0.008478402,0.02145073,0.00014883849,0.005598249,0.12940274
9622,0.025226826,0.010693758,0.00036117696,0.03541073,0.44803378
9623,0.01107216,0.0071214284,0.001507049,0.032405518,0.5294459
9624,0.039490405,0.021409769,0.00089344557,0.0145595195,0.35331663
9625,0.04185213,0.0087791085,0.00044770088,0.06267437,0.6786465
9626,0.03615194,0.021698097,0.0051196762,0.0024249144,0.19946389
9627,0.0065642493,0.0107351625,0.0028118587,0.013325147,0.14080817
9628,0.03534408,0.2354598,0.004133968,0.046899255,0.5548022
9629,0.0121471705,0.014728614,0.0002082501,0.07531231,0.07654563
9630,0.022933565,0.002693914,0.00075540564,0.10266401,0.44797343
9631,0.002889581,0.027585283,0.46004632,0.12126888,0.16118816
9632,0.02942358,0.030502053,0.6057407,0.00588816,0.2799269
9633,0.05023736,0.0071491017,0.72749174,0.012527932,0.203866
9634,0.022414217,0.05232763,0.8866169,0.032283258,0.16803622
9635,0.0051196762,0.07263671,0.6803479,0.01784874,0.3195459
9636,0.0042151595,0.048948623,0.29573816,0.020023443,0.4478829
9637,0.012920474,0.02220123,0.4181622,0.008445627,0.14755519
9638,0.013273886,0.026759284,0.35936412,0.0610871,0.094176665
9639,0.0131212715,0.06705629,0.13251455,0.0030994155,0.04426588
9640,0.0062170783,0.010902374,0.29007506,0.0039148238,0.23563564
9641,0.09721884,0.008511303,0.6807725,0.01717671,0.18344729
9642,0.0022430879,0.019234259,0.3361131,0.010570489,0.123365626
9643,0.006265534,0.0032986512,0.6635599,0.0071491017,0.5548926
9644,0.0021827165,0.068288535,0.5208619,0.043854564,0.12830654
9645,0.008711385,0.008745182,0.60480744,0.006289902,0.18447348
9646,0.04418332,0.019643761,0.19961986,0.013171949,0.13963085
9647,0.007968815,0.19132768,0.5477362,0.046724956,0.244363
9648,0.03289904,0.023962023,0.15546273,0.0023231625,0.46839544
9649,0.09602549,0.054903854,0.38248736,0.00027159214,0.117572136
9650,0.016914913,0.007489625,0.44881877,0.00056588,0.10800066
9651,0.007876706,0.03321117,0.5368896,0.0015307452,0.1336412
9652,0.026912304,0.034036152,0.66551924,0.0004897656,0.28557116
9653,0.003678509,0.0021912407,0.14584377,0.0007643033,0.31943974
9654,0.010944578,0.0074030147,0.22151907,0.00033797944,0.2590751
9655,0.016403032,0.0013354007,0.44351003,0.0005399804,0.37685242
9656,0.15778464,0.0011879054,0.7392342,0.0016549242,0.34587815
9657,0.0085443305,5.7387595e-05,0.32071492,0.0007643033,0.7371582
9658,0.024750972,0.0019646613,0.44218478,0.00015598028,0.14669742
9659,0.0031850608,0.00035006859,0.55793566,0.0012207952,0.23881637
9660,0.0349467,0.0007613258,0.42829317,0.0003150387,0.05520869
9661,0.075995214,0.00021318757,0.78596646,0.001264422,0.3806438
9662,0.009974921,7.197912e-05,0.21967213,8.220189e-05,0.22507577
9663,0.010693758,0.00047101185,0.6627965,7.905304e-05,0.4884359
9664,0.003692853,0.00027159214,0.6888872,0.00012148176,0.2232077
9665,0.012241275,0.00012243443,0.72671664,0.0006337125,0.5256732
9666,0.028436033,0.00026947918,0.5155132,0.00028685408,0.22456521
9667,0.006289902,0.0003859661,0.3210341,0.0013564017,0.48438004
9668,0.0005680935,0.00074370287,0.375821,0.00081038737,0.12808825
9669,9.993032e-05,0.00015967865,0.66974485,8.614651e-05,0.40004602
9670,0.0005442133,9.1701964e-05,0.64657176,0.0020111583,0.16817279
9671,0.0003406293,0.00021654405,0.2617081,0.0009362828,0.3116363
9672,0.00026119032,0.00031999825,0.7647159,0.00032503586,0.7246755
9673,0.00022693386,0.000720838,0.40250954,8.092757e-05,0.26246357
9674,0.0007041516,0.0003740956,0.66115755,0.00021995338,0.20737518
9675,0.0014953384,0.00020342697,0.6784335,0.00040606395,0.17638768
9676,0.0016809418,0.0013993983,0.5085975,4.908662e-05,0.031858854
9677,0.0015487612,0.0012018913,0.37307605,0.00046371284,0.18802562
9678,0.0006142272,0.00015720345,0.50381464,0.00014313738,0.3333947
9679,0.00020184422,0.00025714198,0.64243245,0.0007350449,0.21950476
9680,0.00047285444,0.00015598028,0.7890712,0.0003487043,0.514103
9681,0.00040606395,0.00032250723,0.624179,0.0002216781,0.18068421
9682,0.0006878511,0.00012931564,0.82824534,0.00012053649,0.060640547
9683,0.00041894842,0.000104725565,0.77167153,0.00010310212,0.18039525
9684,0.00069867563,0.00017813111,0.36263055,0.0026419468,0.09203286
9685,0.00071244594,0.0005233757,0.9284088,0.00047101185,0.19269122
9686,0.00020342697,0.00043055712,0.46696714,0.00080095365,0.13039611
9687,0.00033535014,1.4285518e-05,0.4557133,0.0011424496,0.060086653
9688,0.0010525686,3.4537254e-05,0.15987214,0.00050137425,0.16411418
9689,0.00030534892,0.00029137006,0.19482698,0.0004859561,0.17272931
9690,0.00045297583,0.00043055712,0.31268474,0.0007793661,0.28002533
9691,0.00039977103,0.0002846224,0.4344013,0.0012994275,0.30735803
9692,0.0026522598,0.00023597175,0.109134786,0.00031999825,0.24490438
9693,0.0004322415,0.00025915826,0.4368022,0.0017821963,0.03191915
9694,0.0004859561,0.015603535,0.34764785,0.00077632995,0.1161611
9695,0.0013045066,0.0015978456,0.35064372,0.0014158707,0.11736965
9696,0.0013993983,0.00078547397,0.2738656,0.0031603526,0.07356305
9697,0.00043733438,0.0019342611,0.23353152,0.0013096057,0.21027938
9698,0.00037702857,0.0005636751,0.35209036,0.0023413408,0.124000706
9699,0.00033797944,0.00013658353,0.68647516,0.0046095722,0.09704756
9700,0.0001344663,0.0013993983,0.51872903,0.002387409,0.026607107
9701,0.0012351678,0.00025315638,0.70232594,0.00065126823,0.02947941
9702,0.0046455576,0.00048029725,0.31584147,0.00048785712,0.051462766
9703,0.0012303583,0.0023596608,0.6924341,0.007606672,0.11920292
9704,0.0053849383,0.0017007225,0.8502201,0.00054847926,0.30694237
9705,0.00020184422,0.0015247863,0.24889915,0.00032503586,0.14596547
9706,0.0014158707,0.0013723687,0.7371582,0.0018530593,0.17497347
9707,0.0013302015,0.0023596608,0.7613611,0.0034834242,0.069921836
9708,0.0012351678,0.000621463,0.29451925,0.0006719278,0.01778039
9709,0.006666932,0.00027803096,0.45459324,0.0010733063,0.052618954
9710,0.002225671,0.002946405,0.90414387,0.00038747612,0.08601588
9711,0.00078854576,0.0049436893,0.42518753,0.00027372167,0.04560694
9712,0.0017821963,0.0010162441,0.39210403,0.00039204178,0.098772585
9713,0.0005636751,0.0017342081,0.2762022,0.0012893283,0.13262685
9714,0.006265534,0.00057254656,0.33709443,0.00059071044,0.12776141
9715,0.0018172832,0.0021489493,0.6722241,0.0007916296,0.0355444
9716,0.0039148238,0.0012693645,0.46932262,0.0014214043,0.046119746
9717,0.0027576224,0.0022430879,0.6200466,0.0015427324,0.31226513
9718,0.0006745559,0.00060471025,0.8244619,0.0042151595,0.28557116
9719,0.0006538155,0.001264422,0.5758862,0.001284308,0.22000709
9720,0.0012351678,0.0017073674,0.49631888,0.0024534282,0.10356715
9721,0.0006436856,0.0022606407,0.63928574,0.00022341637,0.13466208
9722,0.00084264233,0.0020427648,0.17342815,0.0011513996,0.35947657
9723,0.001264422,0.002472623,0.70222384,0.0043483814,0.058131598
9724,0.00074953143,0.003442981,0.56190604,0.0042151595,0.10539454
9725,0.001648483,0.0015427324,0.33241877,0.0015427324,0.102844074
9726,0.004133968,0.0014158707,0.40033904,0.00017813111,0.08050192
9727,0.0017409837,0.00042223287,0.45762148,0.00078241405,0.17203271
9728,0.00075835997,0.0012255674,0.34268153,0.0038844766,0.021532876
9729,0.0009927262,0.00044595622,0.5060231,0.001264422,0.2986959
9730,0.0016743992,0.0002098831,0.4046251,0.0012793075,0.090092994
9731,0.0007643033,0.0006436856,0.42459092,0.31111282,0.155591
9732,0.0007613258,0.0019723359,0.7244806,0.8822251,0.11676402
9733,0.002157342,0.0006538155,0.606615,0.32402146,0.18668745
9734,0.00014202365,0.0037217087,0.44230527,0.73278314,0.26265267
9735,0.0043653264,0.00498227,0.57666117,0.4324828,0.1724504
9736,0.00021995338,0.0014895174,0.8358858,0.35700688,0.17624587
9737,0.0022430879,0.0005976694,0.6535693,0.50955844,0.03371654
9738,0.0010775026,0.0013147246,0.6621414,0.4715274,0.023689471
9739,0.35142234,0.0012793075,0.54543704,0.65401137,0.15152934
9740,0.7796575,0.0002959571,0.6714706,0.5069042,0.03541073
9741,0.4076871,0.0037217087,0.4081588,0.7078088,0.010091316
9742,0.46344426,0.0019267347,0.65599746,0.8000679,0.025130946
9743,0.4368022,0.00044595622,0.6165319,0.5686554,0.019643761
9744,0.42453128,0.0017752605,0.21502088,0.27096224,0.009708476
9745,0.39975303,0.0003473453,0.35868996,0.5132644,0.005159623
9746,0.3368762,0.338405,0.6556668,0.39899173,0.03327394
9747,0.23213604,0.610047,0.2952299,0.4797474,0.047249712
9748,0.4222664,0.26265267,0.74761593,0.47481382,0.0053640567
9749,0.35298198,0.75689703,0.19559409,0.16451646,0.0038244836
9750,0.16344544,0.6293191,0.36681652,0.6738359,0.03963884
9751,0.18982129,0.692538,0.4452883,0.1592174,0.019014435
9752,0.5907202,0.6684475,0.77932185,0.11899801,0.08299415
9753,0.34687307,0.7102265,0.41341794,0.12357699,0.007489625
9754,0.66115755,0.5639784,0.49957275,0.37102267,0.02854415
9755,0.17203271,0.55579686,0.21109138,0.5526,0.017045317
9756,0.48229194,0.4852566,0.6801355,0.26588047,0.025662705
9757,0.5788053,0.21518578,0.8103289,0.6567684,0.015906392
9758,0.36263055,0.7160201,0.5118767,0.67308426,0.019124037
9759,0.34764785,0.30673468,0.9073123,0.506805,0.019419348
9760,0.45559216,0.254787,0.7831604,0.44522798,0.18111832
9761,0.6046908,0.39216223,0.6272665,0.27212125,0.01621503
9762,0.16613355,0.5685356,0.71143085,0.26038948,0.013636836
9763,0.8265718,0.7227227,0.6500231,0.46365675,0.0054692747
9764,0.26020142,0.24635197,0.45550138,0.724578,0.004591684
9765,0.62589556,0.4137732,0.35510373,0.5873515,0.011419615
9766,0.6354487,0.48401427,0.767167,0.20307462,0.010288301
9767,0.54146945,0.33003917,0.62738067,0.27076936,0.009633652
9768,0.586878,0.3909408,0.53114855,0.68363076,0.015189049
9769,0.34897783,0.7195807,0.6169935,0.49278307,0.010052369
9770,0.6681228,0.6683393,0.5235117,0.23248434,0.03429395
9771,0.79518133,0.72661966,0.7343101,0.54210585,0.02763772
9772,0.4113473,0.86188734,0.6974029,0.20785716,0.048948623
9773,0.43758315,0.40069073,0.73866904,0.5114345,0.07490528
9774,0.70426184,0.58195657,0.651133,0.56166565,0.054098696
9775,0.32455644,0.6962682,0.7073036,0.5014658,0.005080037
9776,0.4248892,0.30673468,0.7397986,0.78695047,0.023734685
9777,0.7874412,0.33731267,0.6694208,0.4892366,0.011244561
9778,0.75797355,0.6091173,0.5912513,0.5121893,0.012673736
9779,0.14139993,0.67071617,0.83250916,0.6981237,0.054098696
9780,0.42650077,0.6063819,0.32380763,0.77063745,0.017917344
9781,0.73028994,0.2683658,0.6296607,0.2487166,0.015130728
9782,0.456955,0.5897754,0.27747297,0.53184766,0.02076474
9783,0.725843,0.2498131,0.47554445,0.7397986,0.017110888
9784,0.4011012,0.3842765,0.2712517,0.7929457,0.00014883849
9785,0.27678826,0.18817474,0.6623598,0.5842712,0.0003150387
9786,0.24963011,0.46241236,0.50363344,0.49262676,0.00016603847
9787,0.4869948,0.315947,0.43506128,0.31859115,0.00016093082
9788,0.54425645,0.47231835,0.83615357,0.35824078,0.00020502214
9789,0.17133833,0.4759402,0.87536144,0.40162915,0.0014895174
9790,0.51377517,0.47857454,0.7620701,0.30673468,0.00017400544
9791,0.39647704,0.44800362,0.33960858,0.53816414,0.00012931564
9792,0.5824317,0.34059483,0.6169935,0.20737518,0.00029137006
9793,0.48020446,0.6751224,0.38312188,0.10302442,0.00014091856
9794,0.5100313,0.5280771,0.21634248,0.058238626,0.00041731575
9795,0.5467987,0.4698851,0.4726835,0.4511149,0.00032250723
9796,0.4344013,0.53206044,0.63011605,0.48518804,0.0028118587
9797,0.33567742,0.3348069,0.3338289,0.27551943,0.0014437558
9798,0.37731123,0.43200347,0.1943678,0.26511872,0.00031999825
9799,0.46311036,0.20593424,0.5856937,0.26208568,0.00028910325
9800,0.6046908,0.3801835,0.77713084,0.66985285,9.610242e-05
9801,0.30694237,0.54685915,0.5898345,0.58883005,0.00029137006
9802,0.30259714,0.21419789,0.24562746,0.6826795,0.00028021098
9803,0.55368626,0.6781138,0.6977119,0.29624692,3.3737226e-05
9804,0.24544658,0.43002766,0.5350681,0.4462232,7.602479e-05
9805,0.7337381,0.8733229,0.37296185,0.7003827,0.00041731575
9806,0.38317955,0.21700548,0.48675844,0.30435172,0.00041731575
9807,0.77407146,0.83318895,0.56997234,0.09790669,0.00017265156
9808,0.44764137,0.33589524,0.35420963,0.40409586,4.4001186e-05
9809,0.17133833,0.51821095,0.4088667,0.7360213,0.0012113064
9810,0.4899687,0.8698252,0.42548588,0.63860995,0.0058653383
9811,0.16559312,0.20102783,0.38682136,0.59231293,0.009596455
9812,0.53285056,0.12754393,0.34389237,0.6128891,0.00035281325
9813,0.5961981,0.37353298,0.13998318,0.5986056,0.00078854576
9814,0.41578814,0.26683462,0.430267,0.43464127,0.0021657674
9815,0.47420508,0.102844074,0.7720154,0.10818896,0.0011649561
9816,0.44423324,0.38491213,0.8669231,0.36206648,0.00074661145
9817,0.4776151,0.1201288,0.46544823,0.5521473,0.0018458483
9818,0.5380428,0.1377643,0.6754436,0.27173457,0.0012351678
9819,0.88161486,0.4327225,0.52331376,0.21223202,0.0004583129
9820,0.8224745,0.43230304,0.79581684,0.22456521,0.00040924744
9821,0.84695786,0.1510278,0.55576676,0.8089744,0.0007702932
9822,0.50776994,0.8110782,0.6415346,0.6157235,0.0032099616
9823,0.32402146,0.08108212,0.81405276,0.8470844,0.0015792594
9824,0.16940588,0.6106276,0.82104415,0.5165954,0.0061212815
9825,0.6687721,0.22507577,0.33567742,0.27943507,0.0007350449
9826,0.07303239,0.6076632,0.51848525,0.18111832,0.0011604197
9827,0.31478733,0.320077,0.70679796,0.4768537,0.0011559009
9828,0.38502774,0.7403621,0.7350715,0.24346252,0.00027372167
9829,0.59089726,0.5116937,0.44414282,0.2746431,0.00029827765
9830,0.19132768,0.6754436,0.7348813,0.5687153,0.001284308
9831,0.6438893,0.53892255,0.5586581,0.9147487,0.00075540564
9832,0.50356096,0.5988988,0.38728473,0.47753897,0.0011972112
9833,0.4672102,0.455683,0.19790912,0.61242557,0.00698465
9834,0.29920757,0.8042522,0.7744129,0.33469814,0.00072365726
9835,0.37547746,0.3842765,0.6338636,0.7474317,0.0026419468
9836,0.3211406,0.27717942,0.3879222,0.8891444,0.0020829707
9837,0.65544635,0.57403666,0.52437943,0.38641608,0.00022693386
9838,0.4446552,0.3448846,0.48300824,0.42662016,0.0013096057
9839,0.7401744,0.664758,0.19482698,0.56103444,0.000310156
9840,0.47295734,0.30424836,0.61687815,0.73028994,0.0011925492
9841,0.83548355,0.07490528,0.63000226,0.7337381,0.0016166499
9842,0.48049393,0.64500815,0.614394,0.7762839,0.0014269596
9843,0.9038049,0.5890073,0.76611876,0.50866616,0.001455063
9844,0.47231835,0.7237978,0.7394224,0.53278977,0.00017536995
9845,0.6924341,0.2878679,0.4089257,0.25423113,0.001867566
9846,0.6401861,0.6632328,0.4812405,0.3965939,0.0003029734
9847,0.68573904,0.30580097,0.5961393,0.4809815,0.0008360903
9848,0.397529,0.27221796,0.26189688,0.23423143,0.008711385
9849,0.624637,0.14499426,0.75346667,0.4883825,0.0003327413
9850,0.3244494,0.5779718,0.7851439,0.30445513,0.42889106
9851,0.73392886,0.37897608,0.00027372167,0.4541998,0.8824279
9852,0.7844842,0.3745619,0.00043733438,0.2555294,0.45468402
9853,0.20785716,0.43500128,0.0003366622,0.69368047,0.3181673
9854,0.6303436,0.53585756,0.00021318757,0.61201984,0.5415604
9855,0.48872563,0.17781086,0.00059071044,0.4334418,0.7606507
9856,0.5498219,0.42871165,0.0015792594,0.7466935,0.6797104
9857,0.08359067,0.3654567,4.03779e-05,0.46611643,0.7440989
9858,0.72389543,0.55624896,0.00019110432,0.5056989,0.52570367
9859,0.2744486,0.5018854,0.00027372167,0.7622471,0.52623624
9860,0.3685193,0.80240077,0.0003982131,0.55045635,0.38763237
9861,0.5467079,0.502058,0.0004859561,0.53479475,0.44761118
9862,0.3697701,0.452294,0.0004897656,0.659734,0.31943974
9863,0.5431359,0.43980747,0.0002758679,0.7272981,0.7439129
9864,0.5559476,0.24454336,0.00081993215,0.53142214,0.42936954
9865,0.5798168,0.7871142,0.0011116682,0.6887825,0.48694143
9866,0.6406359,0.5503959,0.00015720345,0.24816957,0.54897577
9867,0.7914989,0.67672676,0.0007793661,0.7558173,0.38473874
9868,0.83815056,0.6295469,0.00039666123,0.33720353,0.52632755
9869,0.6522414,0.254787,0.00095846487,0.5590192,0.57791233
9870,0.74761593,0.7967673,5.104191e-05,0.68794453,0.6050992
9871,0.67308426,0.67006874,0.0006825019,0.5997782,0.5310574
9872,0.64857763,0.48502803,0.0005233757,0.44040912,0.67415774
9873,0.60940796,0.44080022,0.00043055712,0.28170192,0.63204867
9874,0.69945973,0.8247444,0.00042058743,0.7162186,0.6645403
9875,0.31405056,0.5215016,9.993032e-05,0.15960999,0.702428
9876,0.7294234,0.34466398,0.00039051395,0.6006569,0.70911986
9877,0.5468894,0.4952127,0.00015118199,0.4248295,0.594669
9878,0.6000712,0.87037706,0.0002082501,0.32541335,0.44278705
9879,0.2952299,0.5715275,0.00017536995,0.39770445,0.5001608
9880,0.5072779,0.39367637,8.156225e-05,0.54994273,0.53221244
9881,0.3323104,0.48598087,3.400182e-05,0.4911508,0.27845296
9882,0.69678426,0.16626887,0.00047656128,0.4956323,0.43260264
9883,0.5111523,0.52695143,2.3007036e-05,0.61935616,0.20260091
9884,0.5146747,0.45750028,0.00036400868,0.25664565,0.6659539
9885,0.4073334,0.42048058,5.2252268e-05,0.619241,0.64310515
9886,0.6364661,0.37353298,7.368593e-05,0.61941373,0.45665208
9887,0.54797816,0.375821,3.883111e-05,0.8735388,0.44375107
9888,0.798344,0.31510335,0.000118667966,0.22884515,0.586286
9889,0.2952299,0.57128835,0.00033015272,0.5888891,0.649912
9890,0.5176928,0.5185157,7.0863265e-05,0.38786423,0.56100434
9891,0.7004852,0.06669065,0.0003982131,0.23248434,0.70911986
9892,0.24256428,0.7314424,0.000310156,0.6490227,0.17881244
9893,0.5086737,0.61630094,0.0009110512,0.31647488,0.3765085
9894,0.38306415,0.7531037,0.00042554305,0.46113813,0.26057756
9895,0.7356416,0.50055265,0.00081355654,0.45308036,0.32637876
9896,0.63307005,0.8100285,0.000110611596,0.5904841,0.73696893
9897,0.28130686,0.357119,5.5622066e-05,0.43872508,0.66443145
9898,0.82018155,0.5914283,7.0863265e-05,0.19759925,0.5564297
9899,0.5231767,0.7940658,0.00024536948,0.5744545,0.54004467
9900,0.82587075,0.34942174,0.0075772414,0.39495912,0.29736793
9901,0.8470844,0.42113516,0.0034162789,0.583144,0.42423305
9902,0.7967673,0.26607114,0.0054905633,0.24274375,0.4411914
9903,0.4314045,0.69657785,0.0054905633,0.7013041,0.67854
9904,0.2726051,0.47368762,0.0009850083,0.45205212,0.35835305
9905,0.42697853,0.61751264,0.0030278352,0.8468312,0.47671667
9906,0.929951,0.34521562,0.00066670234,0.72661966,0.47453985
9907,0.6383846,0.43278244,0.005911069,0.227641,0.2564594
9908,0.66909647,0.4290107,0.0016293088,0.33917066,0.25219983
9909,0.5291265,0.695338,0.0022606407,0.53476435,0.34059483
9910,0.27202454,0.91006696,0.0023231625,0.46298894,0.3511998
9911,0.50794154,0.72632855,0.002946405,0.7523766,0.12819736
9912,0.24889915,0.43578145,0.0014381354,0.49274877,0.41099265
9913,0.34257153,0.49554837,0.0017891593,0.83615357,0.28397992
9914,0.5345518,0.7177049,0.005240449,0.3310116,0.20291664
9915,0.4181622,0.38248736,0.0044857943,0.4324229,0.35365137
9916,0.73354733,0.4362017,0.0032986512,0.46684557,0.3989332
9917,0.79645085,0.23405631,0.004331502,0.5061757,0.6321622
9918,0.8709269,0.1899715,0.00045474793,0.27855107,0.335242
9919,0.7772999,0.528138,0.0012448432,0.5850419,0.2656899
9920,0.5156961,0.4953843,0.0047737225,0.5109541,0.22051026
9921,0.11299101,0.5230245,0.0030278352,0.66377795,0.648021
9922,0.68489665,0.7221353,0.014447852,0.6964747,0.84389514
9923,0.5516643,0.28517285,0.030559862,0.82741016,0.6675812
9924,0.30424836,0.5183633,0.008610767,0.18097353,0.46818274
9925,0.1462091,0.7890712,0.0032730652,0.43839446,0.3394991
9926,0.34334174,0.6970936,0.0015011822,0.4931187,0.6713628
9927,0.4473999,0.75328517,0.002396731,0.40010458,0.82290184
9928,0.18271701,0.6417592,0.001012286,0.33003917,0.59960234
9929,0.61693585,0.6317079,0.001477943,0.46262476,0.81960475
9930,0.5260232,0.31510335,0.0038996208,0.4368022,0.69637144
9931,0.7531037,0.3394991,0.004886375,0.5990747,0.7472472
9932,0.19102567,0.5434085,0.002332234,0.42304084,0.46001595
9933,0.8710367,0.52182144,0.0034970103,0.17938675,0.39647704
9934,0.61346817,0.44143218,0.020488555,0.00035006859,0.40556642
9935,0.48274913,0.29380956,0.0072608665,0.00044595622,0.49414852
9936,0.51789093,0.5156504,0.0035518846,0.0019646613,0.4294892
9937,0.36421204,0.42847255,0.007968815,0.0005399804,0.52506447
9938,0.35499188,0.8881781,0.0034564096,0.0003982131,0.58936185
9939,0.7210562,0.89533985,0.0048297215,0.0029694452,0.45441166
9940,0.3694288,0.8785229,0.002631674,0.00013342,0.6562178
9941,0.456955,0.81582016,0.0018748617,0.00048029725,0.38989493
9942,0.5557065,0.54933846,0.00059071044,0.0008295892,0.14414886
9943,0.36636302,0.35443306,0.0027044292,0.00017813111,0.155591
9944,0.5057523,0.6365791,0.003991728,0.0014381354,0.1534223
9945,0.57684,0.54540676,0.0028560124,0.00053161324,0.23792988
9946,0.5291417,0.09825223,0.0007702932,0.00084264233,0.7411123
9947,0.4029206,0.6071392,0.01572399,0.001957017,0.59343255
9948,0.5912513,0.0003668626,0.007345827,0.00025315638,0.4673014
9949,0.36455128,0.0032858334,0.0034564096,0.00028685408,0.41306275
9950,0.64790964,5.391084e-05,0.0119150225,0.0014158707,0.54985213
9951,0.51038975,0.0012893283,0.011597362,0.0017891593,0.48020446
9952,0.68479127,0.0003726377,0.009936419,0.00050137425,0.71849567
9953,0.626924,0.0010817152,0.01665704,0.00081038737,0.6992544
9954,0.45980373,2.9773117e-05,0.014117893,0.0003799845,0.77149934
9955,0.0055549247,0.000493605,0.002822833,0.00039051395,0.52800107
9956,0.00059071044,0.00018667821,0.0022606407,0.0003889921,0.32231265
9957,0.0013993983,0.00017674513,0.0043823365,0.00095846487,0.4398977
9958,0.0003668626,0.0004994205,0.011732464,0.00021995338,0.6924341
9959,0.0006932423,0.0003799845,0.0041179177,0.00050333556,0.60754675
9960,0.0017477857,0.0005636751,0.00588816,0.00047101185,0.59819484
9961,9.761566e-05,0.0001535624,0.0035936027,0.00032250723,0.20307462
9962,0.0006538155,0.00020027377,0.013428255,0.0012893283,0.6046324
9963,0.0003935756,0.00015967865,0.0068239546,0.00089693937,0.19117662
9964,0.00065126823,6.156764e-05,0.00198004,8.092757e-05,0.48157573
9965,0.0005378764,0.0002846224,0.004133968,7.311254e-05,0.7804952
9966,0.0008864989,0.0006615174,0.040313438,0.00029827765,0.37022537
9967,0.0009773504,0.0028671585,0.001455063,0.00053369283,0.46645063
9968,0.0011116682,0.00010804956,0.0030160663,0.0026419468,0.09704756
9969,0.00037118542,0.00041406954,0.01001357,0.00090396777,0.2902762
9970,0.0003029734,8.957789e-05,0.040922303,0.00042223287,0.45035937
9971,0.0006190417,4.4694072e-05,0.011029471,0.0007321813,0.5548022
9972,0.00036543285,0.00016997529,0.0040701376,0.0019877742,0.6796041
9973,8.68221e-05,0.00025915826,0.8916225,0.0017752605,0.18082882
9974,0.0004322415,3.8229115e-05,0.9427181,0.00028910325,0.2944178
9975,0.0002846224,0.00018378456,0.87472075,0.00016474655,0.7305783
9976,0.00026119032,0.0006337125,0.9739932,7.141902e-05,0.76153845
9977,0.00042388475,7.368593e-05,0.83004373,0.0035380863,0.5839153
9978,0.0024534282,0.00028910325,0.966156,0.009340025,0.8106289
9979,0.0004994205,0.00012148176,0.9751545,0.004591684,0.6714706
9980,0.00078241405,0.0001465313,0.9024378,0.0032858334,0.14669742
9981,0.00044421837,0.00023597175,0.9233162,0.00041894842,0.33589524
9982,0.00020662983,0.00026119032,0.9430336,0.012100386,0.22017473
9983,0.00072648755,0.006073934,0.9342753,0.011244561,0.43350178
9984,0.00085924764,0.0027044292,0.83960253,0.0022518474,0.35857764
9985,0.007232764,0.011687257,0.9161096,0.0017342081,0.2498131
9986,0.014672035,0.0025509123,0.754915,0.015365342,0.28022227
9987,0.0062170783,0.0008231386,0.8830344,0.008380453,0.5809465
9988,0.0011469158,0.0020829707,0.8785229,0.005576545,0.6500231
9989,0.002074867,0.002889581,0.90295243,0.003524341,0.497284
9990,0.0042812545,0.0063883206,0.7320175,0.002434382,0.7796575
9991,0.0022872277,0.006666932,0.7940658,0.00089344557,0.5417422
9992,0.011244561,0.0046455576,0.97298527,0.0042646346,0.76153845
9993,0.011463798,0.010248602,0.96267307,0.0024060889,0.56184596
9994,0.0055549247,0.0026419468,0.9672869,0.0021074724,0.742048
9995,0.0063883206,0.0016549242,0.8358858,0.00084924564,0.38832805
9996,0.0035518846,0.0038244836,0.8621197,0.0019955386,0.61352605
9997,0.004848533,0.011508149,0.9309621,0.0030278352,0.6434414
9998,0.005099818,0.006097562,0.9145963,0.0016293088,0.8168451
9999,0.0060269516,0.0015247863,0.97079873,0.027795624,0.16626887
10000,0.0028449097,0.0037362205,0.7331653,0.0021657674,0.27454585
10001,0.0016941031,0.0041019293,0.7980295,0.0057749297,0.858244
10002,0.019643761,0.003337405,0.7541916,0.0013250224,0.4959756
10003,0.012673736,0.0018895386,0.8190264,0.007636216,0.49123472
10004,0.002434382,0.0074317735,0.93980294,0.018725162,0.7554566
10005,0.006666932,0.004150081,0.9207897,0.0047552,0.253861
10006,0.0056638657,0.0043653264,0.88875884,0.0123361,0.543772
10007,0.0060503976,0.0035106493,0.88856554,0.0021239663,0.7426084
10008,0.0011786721,0.0008525666,0.97052056,0.0085443305,0.7405498
10009,0.0013458604,0.007176882,0.8899121,0.0029926654,0.42650077
10010,0.0036076165,0.0013939502,0.94509614,0.0021157034,0.3436721
10011,0.0045384318,0.0012160416,0.5749915,0.0014895174,0.7988153
10012,0.0018748617,0.0020992735,0.8344069,0.022629201,0.7150262
10013,0.003839395,0.0056200367,0.9570375,0.008950711,0.8715842
10014,0.0130707845,0.0038996208,0.94468933,0.00046552691,0.8709269
10015,0.0123361,0.0009110512,0.9696707,0.07558479,0.6417592
10016,0.006413164,0.026759284,0.9274948,0.044764314,0.5095356
10017,0.013480103,0.008478402,0.9533619,0.020527788,0.2692295
10018,0.0054905633,0.0069576087,0.6633419,0.0075187176,0.4807224
10019,0.0007379196,0.0051196762,0.8502201,0.019756919,0.7068991
10020,0.0021157034,0.009485713,0.9253649,0.023825368,0.2919893
10021,0.0022606407,0.0055333884,0.9349913,0.0094125895,0.27328336
10022,0.00056588,0.0016103574,0.94901186,0.024237635,0.7047701
10023,0.0017821963,0.0049436893,0.92482364,0.0023413408,0.81508535
10024,0.0051196762,0.0060269516,0.9003547,0.0060503976,0.7246755
10025,0.00089344557,0.014281933,0.5379821,0.04995852,0.5899526
10026,0.0047183693,0.0011247575,0.93980294,0.017509557,0.35153365
10027,0.0046818224,0.07329728,0.9174507,0.00090396777,0.6018861
10028,0.00498227,0.08181271,0.7468782,0.01461567,0.8589554
10029,0.0014437558,0.01627746,0.9175984,0.016979992,0.4764274
10030,0.0012594986,0.0070117954,0.9592307,0.01621503,0.47839177
10031,0.056029383,0.023962023,0.92905515,0.003991728,0.6761924
10032,0.010130412,0.063714996,0.9347534,0.8358858,0.6843695
10033,0.031678624,0.0121471705,0.87472075,0.90894175,0.39840645
10034,0.007176882,0.0029694452,0.74706274,0.8159669,0.11656274
10035,0.004133968,0.0043653264,0.937669,0.87375444,0.7818308
10036,0.0067449897,0.02072506,0.7509182,0.7989722,0.30105373
10037,0.012100386,0.006338922,0.90582335,0.89199936,0.81582016
10038,0.004297939,0.054802597,0.94143915,0.94355595,0.69884354
10039,0.013376604,0.008985429,0.9595352,0.787768,0.5496406
10040,0.02199022,0.0036076165,0.89912134,0.9184803,0.79486305
10041,0.012100386,0.0028118587,0.6802417,0.9789956,0.6727618
10042,0.0074317735,0.008711385,0.7631309,0.8492225,0.47172514
10043,0.0031603526,0.02249997,0.91920847,0.9634375,0.5744545
10044,0.0044857943,0.002946405,0.9662198,0.86036915,0.43686226
10045,0.0029121784,0.0047552,0.8715842,0.9680205,0.56139517
10046,0.03971326,0.0047183693,0.92788786,0.7937462,0.37926343
10047,0.020488555,0.7980295,0.8265718,0.91949815,0.65290564
10048,0.00685048,0.9183339,0.9514138,0.6270382,0.6202767
10049,0.008577486,0.90087914,0.7866228,0.91006696,0.90087914
10050,0.021044567,0.9572778,0.8409133,0.72056496,0.5677569
10051,0.008677716,0.9364014,0.9145963,0.8828326,0.7932662
10052,0.0025509123,0.82741016,0.87610537,0.5941392,0.7241881
10053,0.0040701376,0.9284088,0.9291838,0.8253083,0.53044933
10054,0.0025509123,0.94122344,0.9505947,0.5791624,0.7479843
10055,0.9498557,0.7685595,0.90515476,0.92359227,0.17370832
10056,0.8722386,0.47565103,0.6247515,0.59313804,0.4065085
10057,0.9219218,0.69750595,0.9405718,0.8630457,0.09534947
10058,0.880797,0.9516839,0.9928509,0.547706,0.00022341637
10059,0.9563905,0.7818308,0.94994867,0.8698252,0.00028910325
10060,0.98314995,0.7070003,0.9231778,0.8045595,0.0010608152
10061,0.94407386,0.8701566,0.9408984,0.9024378,0.0003935756
10062,0.89256257,0.86036915,0.7547343,0.95447797,0.00027159214
10063,0.8240375,0.5871148,0.9595352,0.7218412,0.00048217614
10064,0.87450653,0.8774768,0.67082393,0.9390248,0.00046734812
10065,0.9069832,0.4991965,0.8042522,0.96771675,0.0003327413
10066,0.89805347,0.6907677,0.9260366,0.92206234,3.1446623e-05
10067,0.8388118,0.7821637,0.8679338,0.9175984,0.0007408056
10068,0.94776917,0.80700475,0.8003801,0.91789335,7.197912e-05
10069,0.7411123,0.9032942,0.8085212,0.9509604,0.00012931564
10070,0.921499,0.45625833,0.84195566,0.9361684,0.00039204178
10071,0.9534488,0.7994423,0.7348813,0.9103862,0.00035419365
10072,0.73848045,0.91949815,0.8508408,0.880797,0.00022516825
10073,0.88263035,0.9458012,0.8559716,0.9724148,0.00056588
10074,0.80348235,0.9005298,0.8293538,0.8260112,0.0003029734
10075,0.8962514,0.62245935,0.8153795,0.7606507,0.00032503586
10076,0.95447797,0.7757747,0.8441522,0.93913656,0.0008693674
10077,0.8054792,0.50506574,0.8115267,0.70181525,0.00023413582
10078,0.8940517,0.86522406,0.9590777,0.91102153,0.00075540564
10079,0.9561454,0.88263035,0.96189344,0.7988153,0.0003406293
10080,0.87599933,0.93451476,0.93451476,0.937669,6.605215e-05
10081,0.9588471,0.80286485,0.88563144,0.6005984,0.00035143827
10082,0.9545628,0.9407897,0.82090056,0.9451974,0.0014493985
10083,0.89010334,0.624866,0.9600627,0.71412987,0.00017813111
10084,0.906156,0.896614,0.89423656,0.9509604,0.000117744596
10085,0.92064714,0.9333094,0.9250947,0.8866169,0.00083935994
10086,0.8493474,0.70089483,0.9054896,0.75110084,0.0010083435
10087,0.8814109,0.90105337,0.96777767,0.89947516,0.00035697065
10088,0.9601375,0.8688268,0.9670388,0.86188734,0.00014313738
10089,0.8879841,0.9105454,0.9059898,0.9610981,0.00029137006
10090,0.8830344,0.9546474,0.84221536,0.9459013,0.00028910325
10091,0.66377795,0.7055822,0.7759446,0.96753323,0.0018602987
10092,0.941007,0.8080672,0.9517737,0.86916035,0.00028021098
10093,0.87663436,0.61831963,0.90414387,0.8868131,0.00025714198
10094,0.8621197,0.6852127,0.86476797,0.95388025,0.0020269002
10095,0.8477158,0.69118476,0.70058763,0.9159594,0.00041245588
10096,0.8668104,0.9403531,0.9468921,0.9213576,0.00019411318
10097,0.83642095,0.9193534,0.97052056,0.8962514,6.922184e-05
10098,0.9599126,0.72845864,0.84972197,0.9664738,0.00012436225
10099,0.69966495,0.6721165,0.80730873,0.9830851,0.0001673405
10100,0.92290026,0.5068317,0.9180404,0.54613304,0.0002824081
10101,0.7940658,0.805173,0.90295243,0.5897754,0.00024923251
10102,0.9656413,0.5789839,0.8975158,0.534734,0.007345827
10103,0.92121595,0.90312344,0.94479126,0.75617754,0.0023596608
10104,0.95506835,0.70222384,0.80486643,0.63860995,0.0017207355
10105,0.9431384,0.9374402,0.89029425,0.9107044,0.016403032
10106,0.66039145,0.93257624,0.655336,0.96203625,0.008445627
10107,0.7764535,0.72749174,0.88700897,0.89947516,0.0060035964
10108,0.81227237,0.7390459,0.9635748,0.8705973,0.0012693645
10109,0.9552357,0.805173,0.85195273,0.7806625,0.002822833
10110,0.82290184,0.71492666,0.8490974,0.7934263,0.0018172832
10111,0.9071478,0.94994867,0.9361684,0.78199726,0.0055549247
10112,0.7622471,0.96609205,0.7692537,0.82768893,0.019493872
10113,0.9517737,0.7668179,0.76838577,0.8933094,0.0018172832
10114,0.7801604,0.8290773,0.8800775,0.9180404,0.0032224844
10115,0.9216402,0.80271024,0.89460546,0.6078378,0.0040701376
10116,0.48052436,0.78032786,0.9731898,0.8850366,0.0014837189
10117,0.84733725,0.7745834,0.929951,0.92206234,0.002521268
10118,0.9497627,0.36988392,0.9187722,0.77407146,0.0038996208
10119,0.9555686,0.8296301,0.84273374,0.61987406,0.0025608707
10120,0.7889086,0.6417592,0.39490083,0.8446654,0.0027576224
10121,0.8564525,0.58326274,0.9698426,0.94122344,0.0017409837
10122,0.92441523,0.94910634,0.5474641,0.8010035,0.0030160663
10123,0.9799382,0.6073139,0.6176856,0.96405166,0.0025114634
10124,0.967101,0.65201986,0.86385167,0.7733876,0.0019342611
10125,0.9260366,0.8451773,0.9291838,0.69388795,0.002822833
10126,0.89805347,0.8636218,0.9413314,0.8352149,0.0038096302
10127,0.9281487,0.7559974,0.92468774,0.9478657,0.00043055712
10128,0.67640615,0.53291136,0.96189344,0.88582915,0.0014895174
10129,0.8272706,0.734691,0.87726665,0.41691533,0.00050333556
10130,0.8775817,0.7913377,0.91920847,0.59825355,0.00024729347
10131,0.6949242,0.9783019,0.9324533,0.70232594,0.009670992
10132,0.7804952,0.97029626,0.9142907,0.79182106,0.00096975197
10133,0.8178656,0.77475387,0.00044076296,0.54253,0.000720838
10134,0.92590266,0.81405276,0.0012793075,0.7098244,0.008219693
10135,0.80286485,0.81815636,0.002157342,0.89199936,0.060863446
10136,0.8784186,0.7851439,0.0012018913,0.4865984,0.02428387
10137,0.8716935,0.73392886,0.0001896174,0.76242405,0.031321116
10138,0.49746135,0.33600417,0.00013873412,0.9015746,0.026607107
10139,0.51845473,0.8091252,0.0019267347,0.9720986,0.008950711
10140,0.8264319,0.7112304,0.00015118199,0.78199726,0.006241259
10141,0.8951567,0.39140594,0.00038296366,0.9523088,0.0027255826
10142,0.8916225,0.80348235,0.0029579026,0.9769348,0.002225671
10143,0.8976953,0.58587146,0.0013198634,0.91181,0.04232459
10144,0.88778967,0.728362,0.0009110512,0.82032555,0.0070664007
10145,0.76611876,0.4716795,0.0010162441,0.97467697,0.0019646613
10146,0.84645087,0.9216402,0.0017274586,0.8596637,0.022586042
10147,0.7685595,0.7541916,0.0010987311,0.9145963,0.013584392
10148,0.8778961,0.66225064,0.0004322415,0.7498207,0.0075479234
10149,0.84479356,0.91102153,0.0021322616,0.8671483,0.008187911
10150,0.93558234,0.90481883,0.0019877742,0.87450653,0.002673006
10151,0.9652504,0.677474,0.003324437,0.96425414,0.0011424496
10152,0.94610083,0.62440807,0.00075540564,0.8720208,0.005220126
10153,0.961171,0.9688562,6.553816e-05,0.93686515,0.016340127
10154,0.88602656,0.9285385,0.00092178053,0.9403531,0.01374232
10155,0.92206234,0.83413684,0.0016040892,0.9449947,0.989791
10156,0.8456877,0.7320175,0.0006142272,0.9747731,0.8844391
10157,0.93913656,0.9334308,0.0003366622,0.86188734,0.90414387
10158,0.7392342,0.6548947,0.0003473453,0.8838389,0.98651993
10159,0.85931,0.9404625,0.00080095365,0.852199,0.8275496
10160,0.9001793,0.80700475,0.00025915826,0.7858021,0.8782099
10161,0.9360516,0.9314625,0.0008263576,0.9059898,0.9253649
10162,0.61335236,0.84038997,0.0004897656,0.9012275,0.6423203
10163,0.9687381,0.8017807,0.0021322616,0.88856554,0.84286314
10164,0.9300781,0.92775697,0.0020348171,0.87234735,0.920218
10165,0.59036595,0.4225642,0.00030061635,0.8478418,0.91964257
10166,0.78249633,0.8153795,0.00051728135,0.91383046,0.8578872
10167,0.94767237,0.9145963,0.0020829707,0.84972197,0.91730267
10168,0.8992984,0.8407826,0.0009622126,0.9519527,0.8091252
10169,0.9764905,0.6959583,0.0017140384,0.93732566,0.7595823
10170,0.9554855,0.8413048,0.0006693099,0.9404625,0.96741027
10171,0.799129,0.6703925,0.0003459916,0.98314995,0.81479084
10172,0.883236,0.77881753,0.0008231386,0.9758546,0.9508692
10173,0.8862236,0.8250265,0.001477943,0.42590368,0.93195957
10174,0.84530497,0.72671664,0.0060035964,0.59384483,0.7426084
10175,0.8688268,0.8596637,0.00045297583,0.9285385,0.88778967
10176,0.79613405,0.6617043,0.0010202174,0.55760443,0.81271875
10177,0.91625965,0.9129032,0.00040606395,0.94891727,0.9026096
10178,0.56184596,0.46894264,0.0011649561,0.8601343,0.85919183
10179,0.8992984,0.82587075,0.00039977103,0.8669231,0.92441523
10180,0.94776917,0.7177049,0.00069054146,0.9145963,0.8969756
10181,0.9199307,0.9725193,0.00013552078,0.4689274,0.8702668
10182,0.97788346,0.94479126,0.0003175088,0.0013096057,0.93033177
10183,0.8204695,0.88582915,0.0003275843,0.0008525666,0.90174776
10184,0.86669767,0.6979178,0.0004691764,0.00062389387,0.9404625
10185,0.8996516,0.9152046,0.00019110432,0.00035006859,0.91228
10186,0.91505283,0.76100606,0.0011469158,0.0006563728,0.96458924
10187,0.81420064,0.52829003,8.029784e-05,0.004314688,0.98215127
10188,0.6928498,0.67768735,0.00078854576,0.0007733057,0.9583822
10189,0.8789391,0.65379035,0.00078547397,0.0012448432,0.9027811
10190,0.88856554,0.58604914,0.0003175088,0.0010775026,0.8507168
10191,0.91117966,0.84234506,0.0002216781,0.00018814208,0.8722386
10192,0.80286485,0.82147413,0.00018093576,0.0014381354,0.7867867
10193,0.929951,0.6354487,0.00012931564,0.0006411777,0.7435406
10194,0.93913656,0.73659015,9.3145936e-05,0.00040448149,0.9462003
10195,0.86522406,0.7759446,0.00012931564,0.0038996208,0.93257624
10196,0.88100195,0.7079098,0.0023688741,0.0009773504,0.53661644
10197,0.6993571,0.9339146,0.0010817152,0.001012286,0.94767237
10198,0.0006142272,0.8830344,0.0002216781,0.0054692747,0.9250947
10199,0.0012207952,0.7913377,0.0009146137,0.003004343,0.93403506
10200,0.001591626,0.00018093576,0.0003029734,8.4811036e-05,0.90448195
10201,0.0006878511,0.00037555923,0.00084264233,0.0010484692,0.772359
10202,0.0011030267,0.00095846487,8.415109e-05,0.0034162789,0.90515476
10203,0.00023597175,0.0008796062,0.00021485926,0.00022341637,0.89368117
10204,0.0010775026,0.0017274586,0.00018814208,0.002822833,0.85342485
10205,0.0010566838,0.0005132579,0.00040133507,0.002800927,0.8656789
10206,0.003839395,0.0013045066,0.00018093576,0.0016229671,0.95388025
10207,0.0029694452,0.00032250723,0.00019563535,0.0019117695,0.85158294
10208,0.0014837189,0.00045121065,0.00018378456,0.00053369283,0.97891515
10209,0.00078854576,0.0003029734,0.00042720788,0.0011247575,0.9507779
10210,0.0021997981,0.0012743262,0.0001465313,0.00025315638,0.8062431
10211,0.0023051251,0.003004343,6.402006e-05,0.00035281325,0.8978745
10212,0.0006693099,0.002332234,0.0011160142,0.0010649627,0.9644556
10213,0.0010859444,0.0021912407,0.00013982208,0.0021742254,0.8345418
10214,0.0010242064,0.0007069056,0.001032231,0.0005680935,0.9353465
10215,0.0036216856,0.0013777326,0.00072365726,0.00035006859,0.8435088
10216,0.00028685408,0.0010859444,0.00013765463,0.0012018913,0.9026096
10217,0.0019117695,0.001133569,0.3443332,0.00015476662,0.8842393
10218,0.00028910325,0.0006361912,0.3015677,0.00074953143,0.87546796
10219,0.0005680935,0.0015427324,0.10194652,0.0027576224,0.9583042
10220,0.0021074724,0.0008459375,0.70821255,0.0010005044,0.9537082
10221,0.00015236755,0.00078547397,0.27815875,0.0031236487,0.93546456
10222,0.00092178053,0.0008167381,0.24835184,0.0001823546,0.85536855
10223,0.0008899655,0.00053369283,0.25460163,0.00049168157,0.7426084
10224,0.0029926654,0.0003275843,0.45574358,0.000965975,0.7709825
10225,0.0012065897,0.0010005044,0.24617071,0.0012255674,0.89143354
10226,0.0006386796,0.0010525686,0.12830654,0.0015011822,0.761893
10227,0.003524341,0.0020427648,0.07263671,0.0011740822,0.7129322
10228,0.0012399962,0.000865981,0.38751647,0.00061183405,0.95759624
10229,0.007606672,0.00016093082,0.2664527,0.00026119032,0.9049869
10230,0.0031236487,0.0015188508,0.112015955,0.0031236487,0.8793542
10231,0.0018602987,0.0010044164,0.21288584,0.0002098831,0.8465777
10232,0.001957017,0.00017674513,0.058453243,0.00026738262,0.9718326
10233,0.00078547397,0.005641909,0.36455128,0.00042058743,0.9351099
10234,0.0004897656,7.662102e-05,0.25054586,0.00095846487,0.87191176
10235,0.0017477857,0.00046010586,0.22236224,0.0017614696,0.9717254
10236,0.00061183405,0.00078547397,0.06608538,0.00027372167,0.97796774
10237,0.0014381354,0.00026323833,0.11143445,0.00023968685,0.8329173
10238,0.00040924744,0.00017400544,0.18286288,0.00065126823,0.9260366
10239,0.0007408056,0.00024156629,0.073963374,0.0029694452,0.76838577
10240,0.00010554686,9.387641e-05,0.20197058,0.0002551414,0.98469365
10241,0.0010525686,0.00036973887,0.1831549,0.0006771943,0.9224824
10242,0.0005378764,0.0008559007,0.4471283,0.00013342,0.6978149
10243,0.00028910325,0.0005953407,0.06730107,0.00027372167,0.9437636
10244,0.00041406954,0.00040606395,0.11516222,0.00048029725,0.6782204
10245,0.0007916296,6.7092245e-05,0.4488792,0.00032503586,0.86726075
10246,0.00076729245,0.00035557945,0.24526574,0.0004583129,0.7862948
10247,0.00063124346,0.00043055712,0.15908672,0.0005463421,0.5621465
10248,0.0003487043,0.000115017356,0.36988392,0.00010310212,0.9186264
10249,0.00021485926,0.00026738262,0.060086653,0.0004565269,0.8733229
10250,0.000965975,0.00036973887,0.23616375,0.0005378764,0.6568784
10251,0.00024729347,3.5633544e-05,0.1821344,0.00044421837,0.75833166
10252,0.00015476662,0.00036259004,0.41117,0.00046190585,0.69035035
10253,0.0005274784,6.761842e-05,0.11047116,0.0017207355,0.7150262
10254,0.0001344663,0.00053161324,0.074500255,0.00062389387,0.9043131
10255,0.00035557945,0.00027159214,0.31447142,0.00076729245,0.5183481
10256,0.0011247575,0.00048029725,0.43356174,0.00023413582,0.9116528
10257,0.00036259004,0.00016474655,0.040845715,0.0003275843,0.8818186
10258,0.00042554305,0.00039666123,0.16171701,0.00012436225,0.74186105
10259,0.0004076526,0.00026947918,0.36886024,0.00044421837,0.88463867
10260,7.662102e-05,0.00026738262,0.3015677,4.2315594e-05,0.86223567
10261,0.000113234375,0.0012255674,0.56022257,0.00025118678,0.9254997
10262,0.0004565269,5.9209164e-05,0.15869519,7.368593e-05,0.86993575
10263,0.0002216781,0.0006693099,0.2043419,9.915273e-05,0.9785903
10264,0.00023597175,0.00015598028,0.26435837,0.00018093576,0.87256473
10265,0.00010391067,0.00062633416,0.67672676,0.0012160416,0.723993
10266,0.00021995338,0.0029579026,0.45783356,0.0002216781,0.82275945
10267,0.00037702857,0.00010804956,0.23581158,0.0003487043,0.9027811
10268,0.0003366622,2.908344e-05,0.041539967,0.00042223287,0.9668514
10269,0.00078854576,0.00015598028,0.20481864,0.0003433,0.9158089
10270,0.0029349518,8.957789e-05,0.12689333,0.00033535014,0.63329685
10271,0.00041245588,0.00028685408,0.08079154,0.00047101185,0.92482364
10272,0.0001823546,0.00014091856,0.040922303,0.00042223287,0.6435533
10273,0.13799648,0.0010484692,0.20307462,0.00044770088,0.93593454
10274,0.18491465,4.611275e-05,0.14463143,0.09687654,0.82573026
10275,0.29380956,0.00045121065,0.27727723,0.12116485,0.9664738
10276,0.50418085,0.0012255674,0.6746938,0.3727335,0.89256257
10277,0.18330106,0.00027803096,0.37857395,0.1377643,0.86938226
10278,0.22867285,0.00033015272,0.41105178,0.16518871,0.9333094
10279,0.35700688,7.254362e-05,0.14235108,0.056236345,0.8524448
10280,0.16092426,0.7356416,0.07490528,0.23283306,0.88018054
10281,0.6221725,0.49203557,0.3752485,0.124000706,0.5281532
10282,0.2024432,0.109705776,0.13892843,0.18639107,0.8709269
10283,0.32241932,0.692538,0.068040416,0.1603975,0.9124362
10284,0.12797922,0.4776151,0.025858775,0.39805537,0.6875251
10285,0.35577488,0.083142914,0.20673385,0.20593424,0.79549927
10286,0.19590157,0.42895088,0.17909943,0.3063195,0.9843364
10287,0.19223589,0.26588047,0.23074637,0.09585608,0.9761292
10288,0.21190567,0.10141133,0.2985936,0.19713514,0.6493563
10289,0.16599831,0.15354916,0.13881165,0.115560874,0.89460546
10290,0.049589027,0.37926343,0.16694686,0.24617071,0.5333367
10291,0.18565173,0.19559409,0.23775287,0.21617697,0.90829307
10292,0.43710256,0.18242553,0.039121646,0.325735,0.9567152
10293,0.19452077,0.22135067,0.29634872,0.28467542,0.913368
10294,0.034100424,0.33982763,0.13106197,0.30777398,0.9291838
10295,0.35432136,0.21223202,0.04831607,0.17175469,0.8370879
10296,0.15520647,0.46754447,0.124532074,0.24963011,0.8838389
10297,0.40327308,0.27532452,0.12570795,0.20024471,0.8782099
10298,0.1317307,0.32199275,0.07935289,0.15190639,0.92107415
10299,0.058238626,0.24889915,0.21141681,0.2693256,0.9451974
10300,0.35131106,0.14402843,0.34334174,0.17217185,0.90087914
10301,0.51085496,0.09089675,0.34831256,0.43176386,0.82261705
10302,0.061649624,0.32188618,0.2739627,0.606615,0.8224745
10303,0.3193336,0.36908767,0.07779745,0.19620942,0.8601343
10304,0.38832805,0.02532306,0.17681369,0.19698064,0.6855286
10305,0.56184596,0.26265267,0.3671568,0.08632348,0.00036829791
10306,0.051367506,0.23074637,0.073963374,0.08787644,0.003260346
10307,0.19590157,0.37639388,0.258326,0.12819736,0.0007643033
10308,0.39251146,0.18683577,0.110279374,0.13139597,0.0049436893
10309,0.265309,0.16926852,0.5894801,0.5886527,0.00044076296
10310,0.07463504,0.112600096,0.20979328,0.112015955,0.0011424496
10311,0.08210663,0.5126316,0.11899801,0.5348859,0.00052133633
10312,0.26740816,0.13318956,0.13488984,0.58100593,0.0046095722
10313,0.24908175,0.36398596,0.19482698,0.056236345,0.0010044164
10314,0.16817279,0.19744445,0.20561503,0.32018325,0.0027255826
10315,0.09451043,0.07250525,0.021409769,0.030329255,0.0002758679
10316,0.36139008,0.19667186,0.12043882,0.20228557,0.0012255674
10317,0.7265227,0.090253234,0.049405243,0.05749328,0.0007702932
10318,0.34687307,0.3762793,0.26322043,0.17967445,0.0013993983
10319,0.08740792,0.41040182,0.2863688,0.053206205,0.00045297583
10320,0.091220066,0.51889664,0.17078441,0.10743748,0.00035281325
10321,0.23899394,0.18111832,0.48772678,0.061424043,0.0003125878
10322,0.16079243,0.16451646,0.08181271,0.05634009,0.0005420927
10323,0.15495056,0.03149938,0.09602549,0.035144847,0.0010162441
10324,0.21174264,0.2630311,0.35443306,0.023330769,0.0008072305
10325,0.18832397,0.1510278,0.3213535,0.115960725,0.0009110512
10326,0.12210387,0.19806418,0.12158141,0.110855594,0.0008167381
10327,0.5670977,0.32455644,0.4624427,0.09401018,0.00039666123
10328,0.2914848,0.09602549,0.47747803,0.08555635,0.00035836728
10329,0.43917602,0.61149794,0.6274948,0.48034155,0.00074370287
10330,0.20705435,0.123471275,0.11656274,0.2630311,0.00075540564
10331,0.44375107,0.23528406,0.03234433,0.5289745,0.00076729245
10332,0.4256649,0.41495812,0.13695431,0.3330692,0.0003935756
10333,0.29360697,0.449,0.16317856,0.07878401,0.0011559009
10334,0.20040116,0.3413629,0.23651622,0.14755519,0.0027362213
10335,0.23475733,0.3098584,0.27894375,0.07490528,0.0016229671
10336,0.18025091,0.5758266,0.20481864,0.16749083,0.0020269002
10337,0.40503684,0.4508127,0.4814843,0.3454364,7.4846226e-05
10338,0.24490438,0.7181004,0.03015741,0.10212548,0.00016219282
10339,0.4497249,0.29675615,0.032589745,0.08866235,0.0010944522
10340,0.087252244,0.3213535,0.014009566,0.045522004,0.00010554686
10341,0.23126681,0.64131004,0.11636177,0.12570795,0.00094730896
10342,0.20721471,0.6584175,0.115560874,0.16708273,0.0007041516
10343,0.18683577,0.5895392,0.1989965,0.20753574,0.0003125878
10344,0.29067874,0.61952883,0.03615194,0.09451043,0.0002824081
10345,0.13892843,0.046724956,0.0055549247,0.5175709,0.0009850083
10346,0.05520869,0.28150436,0.013222822,0.021948254,0.004150081
10347,0.08678673,0.03149938,0.03179867,0.22507577,0.0007793661
10348,0.036425155,0.44794324,0.02297737,0.30404165,0.0013406203
10349,0.19713514,0.12002562,0.02920129,0.4723944,0.0020587533
10350,0.1490353,0.053107902,0.009670992,0.282493,0.00019110432
10351,0.24184732,0.1831549,0.0140636265,0.13150747,0.0008761799
10352,0.11736965,0.25813895,0.003442981,0.100348406,0.0006745559
10353,0.20418318,0.16776334,0.0018748617,0.09825223,0.0010566838
10354,0.03615194,0.29380956,0.007937994,0.18010667,0.000310156
10355,0.09501305,0.6715783,0.0012303583,0.1592174,6.5028165e-05
10356,0.19057335,0.5940803,0.022715755,0.02865267,0.0012793075
10357,0.14990433,0.21419789,0.028274601,0.41964793,0.000981172
10358,0.2925953,0.16184944,0.0010987311,0.10800066,0.0005072813
10359,0.17398883,0.038394015,0.00058840885,0.24780536,0.00014883849
10360,0.14608724,0.17147702,0.00268344,0.02964751,0.00044595622
10361,0.11899801,0.3296075,0.023509452,0.11066323,5.5189234e-05
10362,0.31341976,0.07992552,0.02199022,0.112600096,0.0011925492
10363,0.4797017,0.03302355,0.002074867,0.32552055,0.0010083435
10364,0.47840697,0.062904246,0.0056638657,0.22832851,0.00018667821
10365,0.12389466,0.39251146,0.0042646346,0.36556992,0.0005152657
10366,0.16803622,0.2822951,0.0033634927,0.31997076,0.00066670234
10367,0.06717858,0.2600135,0.0007069056,0.40397826,0.00081355654
10368,0.19253936,0.3687466,0.011244561,0.31732047,0.00045121065
10369,0.038466193,0.13892843,0.0057749297,0.3539863,0.0002082501
10370,0.10123348,0.27639747,0.0035796429,0.043284845,0.0011116682
10371,0.16968088,0.18609506,0.0007916296,0.11047116,0.00019871553
10372,0.05439932,0.12896329,0.0017409837,0.18388654,0.0008830458
10373,0.09687654,0.19452077,0.0074317735,0.14247034,0.00010637458
10374,0.6564381,0.23651622,0.0028338498,0.2617081,8.957789e-05
10375,0.15152934,0.60929173,0.00519988,0.11899801,0.00020502214
10376,0.06979492,0.43590155,0.009596455,0.30084828,0.00050137425
10377,0.15482272,0.23213604,0.084341794,0.2645483,0.00019260288
10378,0.05561761,0.18653922,0.0065134983,0.1769559,3.426849e-05
10379,0.15974101,0.091220066,0.006413164,0.19132768,5.874842e-05
10380,0.15115306,0.03527755,0.0027791904,0.05127242,0.00014883849
10381,0.071981624,0.067546695,0.0017342081,0.0946777,8.68221e-05
10382,0.30860683,0.3268083,0.0017007225,0.3719347,0.0003982131
10383,0.4599553,0.46991554,0.011158031,0.43296224,4.5397872e-05
10384,0.1328517,0.090253234,0.0065388246,0.325199,0.00034464317
10385,0.099996306,0.035611413,0.00039977103,0.22644134,0.0010083435
10386,0.1504028,0.03861093,0.0002287133,0.16817279,0.0013885233
10387,0.059210252,0.1665398,7.543321e-05,0.45432082,0.0003077431
10388,0.36455128,0.026405517,0.00047842565,0.2588877,0.001867566
10389,0.23005375,0.20275873,0.0003175088,0.21174264,0.00016603847
10390,0.2411318,0.13637818,0.00016865275,0.50101566,0.00019110432
10391,0.13939638,0.17483252,4.03779e-05,0.12732674,0.00023782204
10392,0.092359796,0.18111832,0.00072648755,0.1732882,0.00048029725
10393,0.076132484,0.11797801,0.0002216781,0.0269635,0.00079783343
10394,0.2498131,0.13217813,3.4808123e-05,0.12368282,0.00017536995
10395,0.105948284,0.16572809,0.00036543285,0.24562746,0.00041245588
10396,0.38641608,0.2429233,0.00038446192,0.42966866,0.00041731575
10397,0.16626887,0.25128007,0.0022694687,0.27727723,0.0004565269
10398,0.07779745,0.067423776,0.0011424496,0.44845647,0.17953055
10399,0.069921836,0.101767845,0.0007613258,0.44568035,0.35521552
10400,0.20930801,0.25739157,0.00015118199,0.3094409,0.26779094
10401,0.26894143,0.393152,0.00016219282,0.058238626,0.14780103
10402,0.13050689,0.16158466,0.00014883849,0.12896329,0.049497053
10403,0.109134786,0.24508502,0.0004691764,0.18374003,0.5042609
10404,0.0066411127,0.4315842,0.00011591935,0.36727026,0.24077459
10405,0.025371311,0.1821344,0.00017536995,0.016152835,0.046899255
10406,0.022542967,0.12830654,0.00010975091,0.11576065,0.19163005
10407,0.010944578,0.15674923,0.00032503586,0.07935289,0.11299101
10408,0.030100338,0.04813677,0.0008328334,0.3213535,0.30673468
10409,0.012527932,0.24944726,0.00035419365,0.09568694,0.22815649
10410,0.0053018946,0.68056023,5.7387595e-05,0.33241877,0.39694446
10411,0.003324437,0.5671576,0.00018522576,0.047691282,0.40321434
10412,0.008348054,0.023109278,0.00040133507,0.069921836,0.07765744
10413,0.008577486,0.21883628,0.00015118199,0.078925885,0.09842541
10414,0.0023413408,0.10576342,0.0003935756,0.20307462,0.05749328
10415,0.0034030052,0.007846239,0.0010817152,0.010169658,0.3712506
10416,0.0045384318,0.0031726826,0.0001823546,0.0029008575,0.36060163
10417,0.019719128,0.012007351,0.0006693099,0.0046636546,0.32648614
10418,0.0031115087,0.0019646613,0.00049168157,0.012053779,0.2654994
10419,0.0269635,0.002822833,0.0022606407,0.0021322616,0.078359805
10420,0.0065388246,0.013902059,0.0005838325,0.0027791904,0.08961382
10421,0.003135836,0.009670992,0.0004583129,0.003750789,0.06441767
10422,0.021822825,0.021165619,0.0001344663,0.024656856,0.5664383
10423,0.0036358088,0.014899643,0.00010637458,0.0059803305,0.17217185
10424,0.008745182,0.011687257,0.00041406954,0.013376604,0.18126321
10425,0.0009735438,0.028328313,0.00023413582,0.027742893,0.38133475
10426,0.0027900378,0.031439852,0.0006436856,0.0107767265,0.13649325
10427,0.05592617,0.0036642202,0.00021318757,0.0059803305,0.14235108
10428,0.063366346,0.00075835997,9.761566e-05,0.010652511,0.06717858
10429,0.007489625,0.0071491017,0.00011235328,0.013689478,0.2043419
10430,0.0042646346,0.02136889,0.00012533752,0.013689478,0.2622746
10431,0.0075479234,0.005911069,0.00046734812,0.01107216,0.07682221
10432,0.0016293088,0.068040416,0.00027159214,0.0085443305,0.084191084
10433,0.004198795,0.003869391,0.0014381354,0.0033634927,0.2649285
10434,0.028382124,0.0030278352,0.0013993983,0.008156248,0.12852514
10435,0.02355433,0.0028783479,0.00030534892,0.019870713,0.3424616
10436,0.011642224,0.001284308,0.00062389387,0.019160708,0.07504072
10437,0.009783876,0.006145092,0.00017130819,0.009522486,0.10266401
10438,0.0063143647,0.011732464,0.0003726377,0.0057749297,0.199308
10439,0.00809329,0.05686155,0.00035143827,0.0027900378,0.14608724
10440,0.03155902,0.0087791085,0.00013238186,0.002570868,0.06359858
10441,0.013795364,0.028382124,0.0002959571,0.005448068,0.12689333
10442,0.022074388,0.002396731,0.00042223287,0.005708034,0.03541073
10443,0.009522486,0.02249997,0.00012632043,0.02025469,0.4648105
10444,0.014447852,0.008644178,0.00041731575,0.04560694,0.2630311
10445,0.018725162,0.007725534,0.00017536995,0.01685008,0.042882238
10446,0.00078854576,0.0060269516,0.00084264233,0.0025409926,0.14342749
10447,0.029873092,0.019124037,0.0005274784,0.0355444,0.2487166
10448,0.007725534,0.0705596,7.031184e-05,0.017644463,0.28876963
10449,0.007968815,0.0072608665,0.00018814208,0.0094125895,0.031439852
10450,0.0007014083,0.008412978,0.00036400868,0.0056638657,0.04681203
10451,0.0020033333,0.00024346048,5.2252268e-05,0.0035518846,0.33938956
10452,0.00036543285,0.00024156629,0.00036259004,0.0038096302,0.28776783
10453,0.00038747612,0.0003726377,0.0024438868,0.0139557095,0.015906392
10454,0.00024536948,0.00015118199,0.0010525686,0.0059340666,0.39059204
10455,0.0014325366,8.888085e-05,0.0005420927,0.007725534,0.07544843
10456,0.00013658353,0.00072648755,0.00028021098,0.010986943,0.13788036
10457,0.001032231,0.0001634647,0.00074953143,0.00044421837,0.107812636
10458,0.00027372167,0.00024729347,8.957789e-05,0.0003859661,0.09721884
10459,0.00023050673,3.120191e-05,0.002434382,0.0014269596,0.083740406
10460,0.0001344663,0.00053578056,0.00014202365,0.00081038737,0.44001806
10461,0.000493605,0.00021152887,7.0863265e-05,0.0005399804,0.10743748
10462,0.0004565269,0.00031999825,0.0001535624,0.00013032975,0.109134786
10463,0.00030061635,0.0001896174,0.00021654405,0.0006932423,0.0493136
10464,0.00035006859,0.0006166297,0.0003459916,0.0006693099,0.3211406
10465,0.001294368,3.3737226e-05,0.0009888597,0.00054847926,0.20641373
10466,0.0020348171,0.00072365726,0.0016420668,5.9209164e-05,0.10266401
10467,0.0006337125,9.83812e-05,0.0011203773,0.00027803096,0.12147716
10468,0.0004156895,0.000113234375,0.00013552078,0.00021824206,0.37685242
10469,0.00010554686,0.00014768039,0.00043563012,0.00047656128,0.15482272
10470,0.0003125878,0.00015720345,0.00027803096,0.0020348171,0.15304215
10471,0.00029137006,0.00074370287,0.00027372167,0.00040924744,0.18639107
10472,0.0013302015,0.00021654405,0.00016474655,0.00015598028,0.18892181
10473,0.00022693386,0.00035836728,0.000559291,0.00019563535,0.33731267
10474,0.0011604197,0.00077632995,0.000932636,0.0001896174,0.20354916
10475,0.0017073674,2.5666133e-05,0.00049747445,0.00019260288,0.55730325
10476,5.1442217e-05,0.0003275843,0.00013342,0.00039051395,0.10393038
10477,0.00034464317,0.00074953143,0.00023597175,0.0018315102,0.25795195
10478,0.0006959537,0.00026323833,0.00027159214,0.0001673405,0.078925885
10479,0.00023968685,0.00033015272,0.00043733438,0.0012893283,0.28656837
10480,9.761566e-05,3.7931623e-05,0.0011424496,0.00035419365,0.265309
10481,3.705297e-05,0.00026530237,0.0015188508,0.00032503586,0.19946389
10482,0.0004565269,6.605215e-05,0.00014768039,0.0003077431,0.090253234
10483,0.0001823546,4.832564e-05,0.00037850367,0.00090044667,0.4314045
10484,0.0012207952,0.0003150387,0.0003726377,0.0014214043,0.38450763
10485,0.00038747612,0.00042388475,0.00042223287,0.00048785712,0.03138043
10486,0.00020184422,0.0005233757,0.000621463,0.00028021098,0.27963173
10487,0.00043733438,0.00022341637,0.00016865275,0.0024822769,0.032836955
10488,0.00039977103,0.00092900335,0.0003150387,9.993032e-05,0.046119746
10489,0.0003668626,9.3145936e-05,0.00031999825,0.00021152887,0.08555635
10490,0.00078547397,0.000865981,0.0037654135,0.00028021098,0.11899801
10491,0.0010162441,0.00024156629,0.00069867563,0.001591626,0.100348406
10492,0.00015236755,0.00044076296,0.00031999825,0.00016474655,0.115560874
10493,0.0006361912,0.0010817152,0.00025315638,0.00043733438,0.44080022
10494,0.00021485926,5.694103e-05,0.0007014083,0.00027372167,0.24762337
10495,0.00026530237,5.5189234e-05,0.0013723687,0.00077632995,0.03179867
10496,0.0014103585,0.00029365462,0.00054847926,0.00013873412,0.18967113
10497,0.0003150387,0.0003029734,0.00025118678,0.00033535014,0.03085051
10498,0.000628784,0.0003473453,0.00042720788,0.0003740956,0.024469668
10499,0.00027159214,0.00040606395,0.00046552691,0.0014269596,0.20291664
10500,0.00036543285,0.00026119032,0.00035557945,0.0005399804,0.34202188
10501,0.0005420927,0.00035281325,0.00035143827,0.0017961492,0.05350215
10502,0.00021485926,0.00094730896,0.0003150387,0.0002758679,0.3945508
10503,0.0004565269,0.0009850083,0.0011160142,0.000493605,0.3762793
10504,0.0014953384,0.00074661145,0.00022341637,0.0014437558,0.028114058
10505,0.00081038737,0.00048785712,0.0006361912,0.00035419365,0.03963884
10506,0.00044595622,0.00051728135,0.00023413582,0.0011513996,0.07409726
10507,0.00018667821,0.0009735438,9.83812e-05,0.00021318757,0.13184243
10508,0.0007408056,7.197912e-05,0.00037850367,0.0008295892,0.12776141
10509,0.00047656128,0.00047101185,0.0004076526,0.00047470425,0.13951357
10510,0.00052542303,0.0001072088,0.0003859661,0.0006337125,0.110855594
10511,0.0007643033,0.00042388475,0.00016474655,0.00090396777,0.06656919
10512,0.00019260288,0.000110611596,0.000559291,0.00045297583,0.060197048
10513,0.0002846224,6.156764e-05,0.0011116682,0.0017207355,0.1510278
10514,7.843789e-05,0.00022341637,0.00020502214,0.00053161324,0.5684158
10515,0.00017265156,8.547617e-05,0.00029137006,0.0020507434,0.58894825
10516,0.00024729347,0.00028685408,0.0005442133,0.0010044164,0.48274913
10517,0.0006337125,0.00025714198,0.00028021098,0.00026119032,0.26322043
10518,0.00030061635,6.5028165e-05,0.00014768039,0.0010566838,0.16357902
10519,0.0007643033,9.3145936e-05,0.00039051395,0.00010310212,0.17938675
10520,0.001867566,0.0001344663,0.00022516825,0.00010310212,0.03120282
10521,0.00055062474,0.00024536948,0.00041731575,0.0003726377,0.019234259
10522,8.614651e-05,0.00062389387,0.00016865275,0.001032231,0.041773878
10523,0.00020662983,0.0011380006,0.00028021098,0.0007643033,0.008251599
10524,7.782753e-05,0.0010005044,7.311254e-05,0.001507049,0.016529556
10525,0.000113234375,0.0001168284,0.00028910325,0.00069867563,0.012527932
10526,0.00039977103,0.0005838325,0.0027791904,0.0009399439,0.031678624
10527,0.0008693674,0.0019342611,0.0003175088,0.002491968,0.00588816
10528,0.0002216781,0.00026323833,0.0001344663,0.0006142272,0.031618766
10529,0.00044421837,6.2050494e-05,7.905304e-05,0.0012545944,0.0068239546
10530,0.0005092657,0.00016219282,0.00023782204,0.0006070756,0.0030396497
10531,0.00049168157,0.0001673405,5.7387595e-05,0.00023413582,0.0063883206
10532,0.00032503586,0.0023231625,0.00021318757,0.0004076526,0.0063635735
10533,0.0027791904,0.00031999825,0.00013765463,0.00072648755,0.016340127
10534,0.00025315638,0.00043055712,7.368593e-05,0.000628784,0.014957086
10535,0.0003327413,1.8486755e-05,0.00023968685,0.0016875096,0.00502115
10536,0.0008864989,0.00035143827,0.00049168157,0.0002216781,0.004556114
10537,0.00041084853,0.00024729347,0.0011424496,0.00091819005,0.0044165556
10538,0.00072648755,6.868318e-05,0.0010566838,0.00023968685,0.009125637
10539,0.0014103585,0.00035557945,0.00014539114,0.00090396777,0.019014435
10540,0.00041731575,0.00053161324,0.00015598028,0.00023413582,0.005240449
10541,9.993032e-05,0.00028910325,0.00013238186,0.000115017356,0.00305151
10542,0.00069054146,0.0001535624,0.00038147115,0.00053161324,0.01572399
10543,0.00023231418,0.0008525666,0.000310156,0.00059071044,0.0077555366
10544,0.0013939502,0.0010525686,0.00024536948,0.0006589401,0.06548521
10545,0.00092178053,5.967352e-05,0.0003935756,0.00036543285,0.020100236
10546,0.000310156,0.0005274784,0.00033797944,0.00045297583,0.009055264
10547,0.00059071044,0.00036259004,0.0006462033,0.0006825019,0.003839395
10548,0.0011786721,0.0012893283,0.00058611616,0.00027803096,0.008745182
10549,0.00069867563,5.694103e-05,0.0011291547,0.00035557945,0.007665875
10550,0.00069054146,0.00027372167,0.0006436856,0.0002551414,0.0023688741
10551,0.00042388475,0.00017536995,0.00027372167,0.00081993215,0.002570868
10552,8.7503e-05,0.00056588,6.976471e-05,0.0017961492,0.0019267347
10553,0.0005420927,0.00031999825,0.00019871553,0.0002758679,0.007846239
10554,0.00081355654,0.00094361923,0.00019563535,0.00026323833,0.0658447
10555,0.0006337125,0.00022516825,0.0011925492,0.0015307452,0.01778039
10556,0.000621463,0.00074370287,0.00096975197,0.00027159214,0.0053018946
10557,0.00030534892,0.00011412239,0.00075540564,9.4612624e-05,0.069668226
10558,0.00035557945,0.00038446192,0.0008328334,0.0004390453,0.02120612
10559,0.00036259004,0.00042058743,8.415109e-05,0.00019563535,0.0047183693
10560,0.000113234375,0.0007041516,0.00038296366,0.00010889691,0.007876706
10561,0.00013765463,0.00014768039,0.0005442133,0.00072648755,0.019985152
10562,0.0010859444,0.00011235328,0.0004339325,0.00010975091,0.008511303
10563,7.031184e-05,2.3187478e-05,0.00030534892,0.0011469158,0.0058653383
10564,0.0016678823,0.00022341637,6.5028165e-05,0.00027159214,0.00080095365
10565,0.00081355654,0.0017207355,0.00050137425,0.0004424873,0.00014091856
10566,7.0863265e-05,0.00043563012,0.00023597175,0.0013250224,0.00037555923
10567,0.0018102111,0.0028671585,0.0002216781,0.0010484692,0.0003275843
10568,0.00021995338,0.00027803096,0.00016219282,0.0006142272,0.0001673405
10569,0.0006959537,0.0003029734,0.00016865275,0.001032231,0.00012632043
10570,0.00049747445,0.00014202365,0.00049168157,0.00039204178,0.0010566838
10571,0.00055062474,0.00041084853,0.0021997981,0.00026323833,0.0007096704
10572,9.6856085e-05,0.00022693386,0.0012448432,0.0008761799,0.0005132579
10573,0.00049168157,0.00010804956,0.0009362828,0.00069867563,0.00039204178
10574,0.0003799845,0.00016997529,0.0003327413,0.0012545944,4.870464e-05
10575,0.0007793661,0.00080095365,0.0009622126,6.302759e-05,0.0009146137
10576,0.0001168284,0.00013658353,0.00024536948,0.00017536995,0.00032250723
10577,0.00041084853,0.0018895386,3.619467e-05,0.0003077431,0.00096975197
10578,0.0001823546,0.00015967865,0.0011160142,0.00015598028,0.00010637458
10579,0.00046734812,0.0002846224,0.00020027377,0.00012436225,0.00090396777
10580,0.0008864989,0.00026530237,0.0003125878,0.00041731575,0.000865981
10581,0.0003406293,0.00032503586,4.5397872e-05,8.547617e-05,0.00018093576
10582,0.00024536948,0.00013238186,0.007665875,0.00074661145,0.0001344663
10583,0.0014325366,0.00027159214,0.00462753,4.2315594e-05,0.001867566
10584,0.0004565269,0.00054847926,0.0031850608,0.0004583129,0.0005274784
10585,0.0005420927,0.000310156,0.008577486,0.0005463421,0.00010391067
10586,0.00010554686,0.00042388475,0.021574067,0.0023781238,4.4346274e-05
10587,0.0002846224,0.00035697065,0.003337405,0.00053369283,4.64744e-05
10588,0.000965975,9.3145936e-05,0.025468083,0.00026323833,9.610242e-05
10589,0.002521268,0.00017674513,0.026506126,0.0007947255,0.00011235328
10590,0.00055062474,0.00092900335,0.00305151,0.0007947255,0.0003150387
10591,0.00020184422,3.2699274e-05,0.008030813,7.141902e-05,9.4612624e-05
10592,0.00020662983,0.0005976694,0.009859855,0.00043733438,0.000117744596
10593,6.922184e-05,0.00024156629,0.02865267,0.00027372167,0.0011247575
10594,0.0013302015,0.00024156629,0.0055549247,0.001294368,0.000310156
10595,0.00057703455,6.2050494e-05,0.011158031,0.00081993215,4.720623e-05
10596,0.00046734812,5.694103e-05,0.003707253,0.0006615174,0.0002846224
10597,0.00090396777,0.0002959571,0.009898064,0.0002758679,0.0012793075
10598,0.00036973887,0.00049747445,0.005448068,0.0006851713,7.782753e-05
10599,0.004451041,0.00015598028,0.0020033333,0.000104725565,0.00041245588
10600,0.00016474655,0.00028021098,0.0049245106,0.00081038737,0.00035419365
10601,0.00091819005,0.00053578056,0.0038244836,0.00034196206,0.000932636
10602,0.00059302105,0.00041245588,0.0025909794,0.00010889691,0.00015967865
10603,0.00033535014,0.0007408056,0.0055119344,0.00046190585,0.00022341637
10604,0.0003077431,0.00091819005,0.008315778,0.0010987311,0.00039666123
10605,0.000559291,0.0008899655,0.009596455,0.000720838,0.0013045066
10606,0.0005274784,5.7837664e-05,0.0030278352,0.0006641048,0.0001673405
10607,0.00013342,9.028039e-05,0.012771867,0.0004390453,0.00027372167
10608,0.0016293088,0.0012399962,0.0032099616,0.0014158707,0.00012148176
10609,0.00029827765,0.0025114634,0.0044337655,0.00046371284,0.00030534892
10610,0.00014768039,0.0019043302,0.007876706,0.00075835997,0.0006641048
10611,0.00012632043,0.00019260288,0.0140636265,0.003960788,0.0009547317
10612,0.00036400868,0.0012255674,0.0040072887,0.00024346048,0.0004424873
10613,0.00047285444,0.0013993983,0.050705366,0.00026323833,0.000104725565
10614,0.0011832798,0.00022516825,0.023286305,0.0013564017,0.00046010586
10615,0.0026626128,0.00028910325,0.004314688,0.00084264233,0.0005274784
10616,6.761842e-05,9.028039e-05,0.005159623,0.00017536995,0.0003740956
10617,0.00043733438,2.0145691e-05,0.0057749297,0.0005274784,0.00046371284
10618,0.0006959537,0.00014202365,0.0022083889,0.00020342697,0.00018522576
10619,0.002296159,0.0001673405,0.054499872,0.0012994275,6.605215e-05
10620,0.0007793661,6.868318e-05,0.013532149,0.00035281325,0.00089344557
10621,0.00048029725,0.00017130819,0.003337405,0.00048785712,0.00076729245
10622,0.000559291,0.00025315638,0.016340127,0.0028338498,0.0003726377
10623,7.141902e-05,0.0011380006,0.0025016968,0.00032503586,7.426381e-05
10624,0.00049553596,0.00020184422,0.009670992,0.0004076526,0.00011591935
10625,0.00011235328,2.6897846e-05,0.00189692,0.00041731575,0.00012339458
10626,0.0005976694,0.00010804956,0.011642224,0.00010310212,0.00018814208
10627,0.0004029052,0.0003150387,0.16789974,3.5633544e-05,0.00026323833
10628,0.0006641048,0.00026323833,0.09721884,4.2315594e-05,0.00081993215
10629,0.00022516825,9.535461e-05,0.015663648,6.5028165e-05,0.00045121065
10630,0.00015967865,0.00085924764,0.045352582,7.368593e-05,0.00036259004
10631,0.00065126823,0.00011412239,0.18742996,0.00012731104,7.254362e-05
10632,0.000628784,0.00016865275,0.016029147,0.0003077431,0.00037702857
10633,0.00090044667,0.0011879054,0.076683804,5.3491327e-05,0.00029827765
10634,0.0006462033,0.00016474655,0.08694165,0.00018093576,0.00023782204
10635,0.00058840885,0.0002959571,0.18952109,0.0028560124,0.00010975091
10636,7.311254e-05,0.00016474655,0.22712629,8.092757e-05,0.0026419468
10637,0.00059302105,0.00017130819,0.042802144,0.0004840624,0.0017207355
10638,0.00039666123,6.4522144e-05,0.10393038,0.00046734812,6.922184e-05
10639,0.0010987311,0.00015598028,0.058453243,0.0004424873,0.0006589401
10640,0.00015476662,3.120191e-05,0.05340333,0.00020027377,0.00019563535
10641,0.00030534892,0.00027372167,0.16371268,0.00038747612,0.00015967865
10642,0.00030061635,0.0011030267,0.1185891,0.00018093576,0.00050137425
10643,0.0027044292,0.00074370287,0.23722234,0.0003935756,0.0005442133
10644,0.00029827765,0.00022341637,0.13386749,0.0007014083,4.4001186e-05
10645,0.00017674513,0.0006851713,0.060640547,0.0008899655,0.00014091856
10646,0.0004076526,0.0003935756,0.087252244,0.0011203773,0.00020184422
10647,0.00040133507,0.00039051395,0.0269635,9.610242e-05,0.00046190585
10648,0.00024923251,0.00072365726,0.014672035,0.00090750254,0.00016603847
10649,0.00012632043,0.000119598575,0.26340988,0.0005680935,0.00042223287
10650,7.843789e-05,0.0002824081,0.35532737,0.0019117695,0.00046552691
10651,0.0006166297,0.00078547397,0.0140636265,0.0012693645,0.00028685408
10652,0.0004565269,6.253713e-05,0.036425155,0.0007643033,0.00021318757
10653,0.00020662983,0.00011147904,0.16735472,0.0006719278,0.00044076296
10654,0.00031999825,0.00022516825,0.014785407,0.0015307452,0.00012053649
10655,8.8189234e-05,0.00024923251,0.08050192,0.00034464317,0.0004322415
10656,0.0010044164,0.00046734812,0.087096825,0.00021318757,0.0001823546
10657,0.00044421837,0.00022516825,0.07094482,0.00027372167,0.00023231418
10658,0.00023968685,0.00025915826,0.020488555,9.993032e-05,0.00039051395
10659,0.0006386796,8.614651e-05,0.05330468,0.00010889691,0.00024923251
10660,0.0003799845,4.1986306e-05,0.0721122,0.0006337125,0.0004565269
10661,0.0006166297,0.00012436225,0.04813677,5.9209164e-05,0.0006615174
10662,0.00039051395,0.00019871553,0.01784874,0.00037118542,0.00018093576
10663,0.0001313518,0.0011380006,0.068288535,0.00081038737,6.0613183e-05
10664,6.761842e-05,0.00026323833,0.087720014,0.0006959537,0.0042151595
10665,0.0059803305,0.0018895386,0.028816197,0.00016093082,0.00076729245
10666,0.050893717,0.0010566838,0.44589144,0.0013939502,0.00031999825
10667,0.017045317,0.00016474655,0.082549304,6.4522144e-05,0.00016093082
10668,0.01685008,0.00017813111,0.0434469,0.0003668626,5.874842e-05
10669,0.01584536,0.00021995338,0.06941547,0.00036829791,0.00020662983
10670,0.0072608665,6.352189e-05,0.0610871,0.00026530237,0.00047656128
10671,0.0018102111,6.108855e-05,0.13217813,0.0027362213,9.610242e-05
10672,0.0190509,0.00035697065,0.00036117696,0.0004339325,0.00022693386
10673,0.005159623,0.00010975091,0.004556114,0.00028685408,0.00047470425
10674,0.011823394,0.0004994205,7.543321e-05,0.00046190585,0.00010975091
10675,0.025957357,6.761842e-05,0.00013552078,0.0003077431,0.00038296366
10676,0.024563087,6.868318e-05,0.0015792594,0.00010310212,0.00018814208
10677,0.006168995,0.0588847,0.00027372167,0.00026738262,0.00016603847
10678,0.0044165556,0.015424552,0.0003275843,0.0007014083,0.0020587533
10679,0.01384861,0.00809329,7.843789e-05,0.0013670257,3.0006622e-05
10680,0.0067449897,0.0030873695,0.0003077431,0.00023968685,0.000932636
10681,0.012576348,0.0228462,0.00095846487,0.000559291,7.662102e-05
10682,0.019719128,0.0027362213,0.0003175088,0.0005152657,0.00087276706
10683,0.09089675,0.010408314,0.0003726377,0.0003487043,0.00048217614
10684,0.007907292,0.018725162,0.00035143827,0.00021995338,0.00025118678
10685,0.0028560124,0.0130707845,0.0018895386,0.0002098831,0.0011291547
10686,0.0066153924,0.02096424,0.0015188508,0.00031999825,0.00022516825
10687,0.009633652,0.06430005,0.00047656128,0.0013564017,0.00021152887
10688,0.002570868,0.041695766,0.00016865275,0.0003935756,7.543321e-05
10689,0.0054905633,0.0077555366,0.00041084853,0.0011879054,0.00034464317
10690,0.001591626,0.0070664007,0.0001344663,0.00021152887,0.00022516825
10691,0.012821214,0.02013874,7.031184e-05,0.00028021098,0.0001673405
10692,0.008061991,0.013689478,0.00025315638,7.141902e-05,0.00012533752
10693,0.03601607,0.0016743992,5.433365e-05,0.00092178053,0.000310156
10694,0.014447852,0.0017683518,0.00036259004,0.0002551414,0.0005152657
10695,0.0034698907,0.01461567,0.00046734812,0.00042223287,0.00053578056
10696,0.008950711,0.004848533,0.00089693937,0.010052369,0.0007069056
10697,0.06916356,0.0075479234,0.0009399439,0.0043653264,0.000104725565
10698,0.009559399,0.014842416,0.0003740956,0.004150081,0.00012243443
10699,0.027742893,0.0055119344,0.0005838325,0.0055333884,0.00026530237
10700,0.0087791085,0.036908064,0.001284308,0.014899643,0.0007041516
10701,0.015014749,0.0029235429,0.00060471025,0.016529556,0.0003982131
10702,0.05942822,0.022672439,0.0014953384,0.001284308,0.00039666123
10703,0.059101548,0.0043483814,0.00024729347,0.021165619,0.00035419365
10704,0.08284563,0.02013874,0.00049168157,0.05330468,0.00039666123
10705,0.057176597,0.0021742254,0.0003935756,0.03601607,0.00048217614
10706,0.21174264,0.016029147,0.0009362828,0.007636216,0.0003077431
10707,0.078359805,0.008412978,0.0044165556,0.011331754,0.00016474655
10708,0.19682622,0.005159623,0.00024729347,0.09268778,0.00018522576
10709,0.12830654,0.038394015,0.00022341637,0.0035380863,0.00024729347
10710,0.1112412,0.009746104,0.0006386796,0.020884218,6.0613183e-05
10711,0.06816438,0.0053018946,0.0005152657,0.0012065897,0.0006070756
10712,0.31626368,0.0067449897,0.003135836,0.0057749297,0.00020502214
10713,0.1805397,0.006168995,0.0028783479,0.006265534,0.00075540564
10714,0.024987794,0.040313438,0.00018814208,0.013636836,0.00014313738
10715,0.1274353,0.017576884,0.000981172,0.008677716,6.0613183e-05
10716,0.08647765,0.012970386,0.0011291547,0.013376604,0.00013552078
10717,0.10932483,0.008745182,0.0017073674,0.010652511,0.0011424496
10718,0.090092994,0.019606182,0.002332234,0.011115014,0.00042388475
10719,0.07737811,0.019606182,0.00018814208,0.02215887,9.242113e-05
10720,0.02428387,0.0849471,0.00041731575,0.024750972,0.00074661145
10721,0.07329728,0.025371311,0.002225671,0.014957086,6.352189e-05
10722,0.15974101,0.02470387,0.00039977103,0.002631674,0.00010975091
10723,0.20641373,0.0017140384,0.0017274586,0.018941708,4.908662e-05
10724,0.15140383,0.015603535,0.00092538487,0.0065134983,0.0005527786
10725,0.2761046,0.021004366,0.00189692,0.0014048677,8.2846556e-05
10726,0.068537496,0.0012207952,0.0006000072,0.045268092,0.00032250723
10727,0.4222664,0.0035936027,0.00089344557,0.3874006,0.0001465313
10728,0.042166542,0.06941547,0.00034196206,0.115960725,0.0005233757
10729,0.0130707845,0.16184944,0.0023051251,0.13811268,0.00017400544
10730,0.015130728,0.13217813,0.0003125878,0.29098085,0.0011247575
10731,0.1261379,0.27757087,0.0009110512,0.05419873,0.00045474793
10732,0.03321117,0.02132808,0.0019342611,0.18565173,0.0004565269
10733,0.046119746,0.078359805,0.0008231386,0.07737811,0.00016603847
10734,0.0362883,0.12700157,0.00019260288,0.08570928,0.000628784
10735,0.01778039,0.07751766,0.0012207952,0.16721867,0.00084924564
10736,0.12570795,0.12506539,0.0012351678,0.06267437,0.0018172832
10737,0.039564554,0.13591877,0.0003393018,0.034036152,0.00063124346
10738,0.3526475,0.050705366,0.0011469158,0.111627996,0.00029137006
10739,0.042245496,0.1991522,0.0010162441,0.10557884,0.00026530237
10740,0.13296424,0.28358296,0.0013198634,0.3237007,0.000310156
10741,0.05470151,0.17553808,9.387641e-05,0.104294725,0.0004029052
10742,0.12907304,0.14069006,0.0011247575,0.08064661,0.0008693674
10743,0.10393038,0.046291903,0.0026626128,0.22151907,0.00024729347
10744,0.16052906,0.13296424,0.00094730896,0.13341522,0.0014158707
10745,0.08555635,0.16478509,0.00036543285,0.084191084,0.0007152324
10746,0.10105592,0.10070161,0.0005132579,0.13061774,0.0005152657
10747,0.04296247,0.27884555,0.0013045066,0.2798285,0.0003740956
10748,0.3941427,0.07906799,0.00059302105,0.123471275,0.00023050673
10749,0.36432514,0.064653486,0.0038244836,0.11104825,0.00021152887
10750,0.01685008,0.10212548,0.00053578056,0.3306873,0.000104725565
10751,0.06278921,0.09619517,0.0009966077,0.11143445,0.00027159214
10752,0.090092994,0.07992552,0.0011380006,0.087563835,0.0005614788
10753,0.0003150387,0.062904246,0.0023051251,0.047958102,0.00016093082
10754,0.00092178053,0.0930168,0.0009927262,0.18417984,0.00020662983
10755,0.004054334,0.18097353,0.00052133633,0.35031027,0.00013238186
10756,0.00021485926,0.5628374,0.0011247575,0.1133831,0.00018378456
10757,0.0006411777,0.07751766,0.0011030267,0.41489884,0.001648483
10758,0.0006745559,0.064535476,0.00058611616,0.037047166,0.000117744596
10759,0.00046371284,0.0269635,0.001044386,0.1908748,0.00038296366
10760,0.000110611596,0.016593177,7.141902e-05,0.05834584,0.00024923251
10761,0.00021995338,0.046724956,0.00074953143,0.027585283,0.0006693099
10762,0.00081038737,0.18330106,0.00057929166,0.105948284,7.782753e-05
10763,0.0007916296,0.08678673,0.00035143827,0.10557884,0.0002216781
10764,0.00035697065,0.06916356,0.00039051395,0.24598956,0.02428387
10765,0.0009773504,0.23934935,0.0005953407,0.09334688,0.0028449097
10766,0.00065126823,0.2562732,0.00020662983,0.1362632,0.038106617
10767,0.00033015272,0.1260303,0.0019646613,0.17610413,0.04698664
10768,0.00050333556,0.07696084,0.0006563728,0.04410091,0.010169658
10769,0.00071802974,0.07263671,0.001648483,0.15152934,0.035078675
10770,0.0003459916,0.08404061,0.0013723687,0.06928941,0.010529712
10771,0.0003459916,0.06418265,0.00092538487,0.14928317,0.0029235429
10772,0.0007702932,0.035611413,0.00060471025,0.038106617,0.003442981
10773,0.0009850083,0.103748634,0.001133569,0.052521676,0.028598359
10774,0.0031236487,0.40045622,9.610242e-05,0.013584392,0.024516335
10775,0.00046734812,0.3490888,0.0005112579,0.15178062,0.019124037
10776,0.00045297583,0.2714448,0.0020829707,0.09089675,0.005060332
10777,0.0004029052,0.03442355,0.0012255674,0.051845465,0.010169658
10778,0.0004565269,0.07723878,0.00062633416,0.13251455,0.0551069
10779,0.002332234,0.07992552,0.0002098831,0.04813677,0.019014435
10780,0.00017813111,0.0003327413,8.4811036e-05,0.20118472,0.0022872277
10781,0.0012743262,0.00016474655,0.00016093082,0.0002758679,0.0027683855
10782,0.00029365462,6.0141516e-05,0.0017409837,0.00023597175,0.017110888
10783,0.0008693674,9.09884e-05,0.0008693674,0.0011424496,0.073430054
10784,0.00078241405,0.0011203773,0.00034196206,0.0006337125,0.007204769
10785,0.0013406203,0.00013982208,0.001455063,0.00042554305,0.016721142
10786,0.0004897656,0.00021152887,0.00035557945,0.0008693674,0.013222822
10787,0.002074867,0.0005463421,0.00044421837,7.782753e-05,0.08151976
10788,0.00036117696,6.7092245e-05,0.00048785712,0.0006959537,0.0043483814
10789,0.00053369283,0.00015843622,0.0027362213,0.0006436856,0.007968815
10790,0.0002287133,0.00031999825,0.00014202365,0.00053578056,0.0022518474
10791,0.00059302105,0.00035006859,0.0006436856,0.00074661145,0.008577486
10792,0.0003366622,0.00016997529,0.007785655,0.00024536948,0.0039300853
10793,0.000981172,5.8291265e-05,0.0020507434,0.0007152324,0.010248602
10794,0.00062389387,0.00042058743,0.0017821963,0.00052133633,0.013636836
10795,0.0020507434,0.00021485926,0.0016103574,0.00046371284,0.0017207355
10796,0.00081355654,0.00017536995,0.0003175088,0.0010202174,0.0075187176
10797,0.00069054146,0.0004994205,5.0644718e-05,0.00039051395,0.029035643
10798,0.0009362828,0.0007069056,0.000932636,6.5028165e-05,0.066934206
10799,0.0009362828,0.0005636751,0.0008360903,0.00020342697,0.050705366
10800,0.00041894842,0.0009927262,0.00095101306,0.00018093576,0.0013993983
10801,0.001507049,5.9209164e-05,0.017375665,0.0011604197,0.0015608892
10802,0.0027791904,6.156764e-05,0.0025311112,0.00019260288,0.011642224
10803,0.007725534,0.00010554686,0.0054269433,0.0012893283,0.20118472
10804,0.0021827165,0.0004424873,0.018761083,0.0007096704,0.046464663
10805,0.00025915826,0.0002098831,0.018159512,0.0001535624,0.21950476
10806,0.0013993983,2.8857117e-05,0.00038446192,0.00046734812,0.09484524
10807,0.0023231625,6.868318e-05,0.0055333884,0.0026419468,0.15291561
10808,0.00046734812,0.00027803096,0.0047552,0.0004583129,0.10141133
10809,0.0009966077,0.00016997529,0.0032224844,0.00010229985,0.014392336
10810,0.002889581,0.0001072088,0.003839395,0.0001465313,0.10631887
10811,0.0006070756,0.00189692,0.003649987,0.0003859661,0.14965561
10812,0.0019723359,0.00043563012,0.0042812545,0.0002758679,0.25851312
10813,0.0059571536,0.00035557945,0.0055119344,0.0002824081,0.042403832
10814,0.0010649627,0.00010804956,0.017375665,0.000113234375,0.08151976
10815,0.0013045066,0.0003327413,0.0054269433,0.0019117695,0.085251234
10816,0.0005953407,0.00074370287,0.030214587,0.0047552,0.16277891
10817,0.00038446192,0.00023782204,0.0011380006,0.0015247863,0.13998318
10818,0.00042058743,0.00017813111,0.0074606435,0.00023968685,0.017045317
10819,0.0005442133,0.00025315638,0.008251599,0.003337405,0.090253234
10820,0.000559291,0.00012830943,0.008187911,0.001264422,0.2955348
10821,0.0011649561,0.0006878511,0.008745182,0.0016040892,0.02428387
10822,0.00081038737,6.108855e-05,0.004810983,0.0033766122,0.02784845
10823,0.0012255674,0.0002098831,0.00078241405,0.0013617034,0.04418332
10824,0.001044386,0.0004994205,0.00029365462,0.0001823546,0.10894504
10825,0.00096975197,0.00045297583,0.00051728135,0.0023504829,0.076407686
10826,0.0014381354,3.2699274e-05,0.0011469158,0.0024060889,0.033399824
10827,0.0010083435,9.3145936e-05,0.00036259004,0.0006361912,0.072243005
10828,0.0015188508,0.000720838,0.0006436856,0.00047285444,0.14669742
10829,0.0005442133,0.001507049,0.00087276706,0.0004565269,0.11104825
10830,0.0009622126,0.000101503836,0.0004322415,0.00095846487,0.23633993
10831,0.0006745559,0.00084924564,0.0003077431,0.0010282109,0.022457052
10832,0.00049168157,0.001648483,0.0017614696,0.0017477857,0.056236345
10833,0.000965975,0.004166256,0.00057929166,0.0018748617,0.026506126
10834,0.0006487308,0.0013723687,0.0004339325,0.0016613906,0.23057307
10835,0.0033634927,0.0016229671,0.00029365462,0.00025118678,0.07068779
10836,0.00020502214,0.000101503836,0.00016865275,0.0006070756,0.058560826
10837,0.0017752605,0.00069054146,0.00024729347,0.0005747862,0.067546695
10838,0.0004994205,0.00021824206,0.0029810327,0.00083935994,0.034880888
10839,0.00013238186,0.0007524628,0.00035697065,0.0011925492,0.046033904
10840,0.0009888597,0.0025016968,0.001455063,0.00041894842,0.02178117
10841,0.0021239663,0.0032099616,0.00058611616,0.0019723359,0.03321117
10842,0.00090750254,0.0014214043,0.0007350449,0.008577486,0.100348406
10843,0.0010403185,0.00084924564,0.00044595622,0.0049245106,0.08344117
10844,0.00057703455,0.0024438868,0.0015247863,0.006338922,0.13951357
10845,0.0004390453,0.0009735438,0.002693914,0.0042812545,0.22185606
10846,0.00519988,0.0013723687,0.000559291,0.00036400868,0.00930395
10847,0.00019411318,0.0002959571,0.0015548134,0.0024438868,0.39747056
10848,0.00033015272,0.0029579026,0.00039977103,0.008315778,0.14499426
10849,9.1701964e-05,0.0016293088,0.00022516825,0.0008830458,0.044597577
10850,0.00023050673,0.0003406293,0.00028685408,0.0011469158,0.2622746
10851,0.0010282109,0.0007702932,0.00042388475,0.0006932423,0.012624949
10852,0.0002098831,0.0009399439,0.0001896174,0.000720838,0.19498022
10853,0.0003150387,0.000965975,0.00046010586,0.003839395,0.26322043
10854,0.0019418169,0.00059302105,0.0004424873,0.0012497094,0.08093671
10855,0.00047285444,0.00054847926,0.00043563012,0.0027469008,0.06548521
10856,0.002621441,0.00012731104,0.001284308,0.00021152887,0.07558479
10857,0.0002082501,0.0016875096,0.00042554305,0.0008830458,0.08166611
10858,0.0011649561,0.00027372167,0.00029827765,0.00063124346,0.06348236
10859,0.00015598028,0.0011291547,0.00013873412,0.00043733438,0.1504028
10860,0.0013993983,0.0010162441,0.0002824081,0.0057974015,0.043936536
10861,0.0044337655,0.00012339458,0.00035557945,0.00026738262,0.062331032
10862,0.00044770088,0.0020667946,0.00037118542,8.888085e-05,0.22151907
10863,0.00045121065,0.0010649627,0.00015720345,0.00062633416,0.13420755
10864,0.0016356753,0.0020911063,0.6950276,0.0015367271,0.0996453
10865,0.0005072813,0.0011740822,0.971779,0.0029694452,0.14499426
10866,0.0006142272,0.0005092657,0.91212356,0.0013302015,0.057176597
10867,0.0008295892,0.0003982131,0.6581979,0.0005527786,0.17539679
10868,0.0017007225,0.0025409926,0.7343101,0.002217013,0.1112412
10869,0.00042720788,0.0017477857,0.883236,0.0026522598,0.030733928
10870,9.09884e-05,0.0006190417,0.5953161,8.415109e-05,0.025662705
10871,0.00041894842,0.0017342081,0.57332015,0.003991728,0.0003077431
10872,0.00016219282,0.001477943,0.7871142,0.0001465313,0.0002216781
10873,0.0006771943,0.00036543285,0.77424216,0.001284308,0.0004565269
10874,0.01717671,0.0021997981,0.90894175,0.0003029734,6.976471e-05
10875,0.005576545,0.001032231,0.9014011,0.00069054146,7.031184e-05
10876,0.003649987,0.0008167381,0.3835836,0.0002758679,0.00039051395
10877,0.002521268,0.00074661145,0.6338636,0.0009888597,0.00043055712
10878,0.0014721896,0.00016093082,0.6329566,0.0026010936,0.0012160416
10879,0.016466174,0.00027159214,0.9019207,0.0002824081,0.000310156
10880,0.011463798,0.00042887923,0.8596637,0.00109019,0.0001344663
10881,0.004468384,0.0013723687,0.7348813,0.00071802974,0.00090396777
10882,0.009232215,0.0003125878,0.70942193,0.002491968,0.00056588
10883,0.023916386,0.0016549242,0.8828326,0.0017073674,0.00089693937
10884,0.0040072887,0.0012351678,0.5120521,0.0010044164,0.000118667966
10885,0.036700353,0.0002758679,0.6627965,0.0012065897,0.00017400544
10886,0.016403032,0.00090396777,0.8112278,0.001107339,0.00037118542
10887,0.0022518474,0.00044595622,0.78365755,0.0020348171,3.3214194e-05
10888,0.024099445,0.00017265156,0.7304822,0.0010525686,0.001455063
10889,0.013532149,0.001477943,0.8984106,0.0005953407,0.00032503586
10890,0.0016229671,0.0023051251,0.7796575,0.0004029052,7.426381e-05
10891,0.00058611616,0.0006719278,0.87546796,7.031184e-05,8.888085e-05
10892,0.0011604197,0.00030061635,0.51071763,0.00092538487,0.0003150387
10893,0.00024729347,0.0002959571,0.35857764,0.00024156629,0.0003597694
10894,0.00029137006,0.00010975091,0.7009972,0.0010044164,0.00023231418
10895,0.00036829791,0.00037850367,0.85776806,0.0014895174,0.00019716943
10896,0.00042223287,0.00094361923,0.66039145,0.00024346048,0.000621463
10897,0.00035557945,0.0003275843,0.83748704,0.00026119032,0.00034464317
10898,0.00019110432,3.2444816e-05,0.77304506,0.0007321813,9.610242e-05
10899,0.0006851713,0.00017952797,0.45750028,0.0005132579,0.00019716943
10900,0.0009399439,0.00017265156,0.6677979,0.0003327413,0.00017674513
10901,0.0014158707,3.3214194e-05,0.8121234,0.0044337655,0.00015967865
10902,0.0017140384,0.0002824081,0.5832034,0.00092900335,9.242113e-05
10903,6.868318e-05,0.00010889691,0.5989574,0.00041406954,0.00012436225
10904,0.0003859661,0.00019411318,0.70150864,0.0028671585,0.0008761799
10905,0.0010005044,0.00035006859,0.79865825,0.00058611616,0.00048217614
10906,0.0011649561,0.0037800956,0.8071568,0.00084924564,0.00025118678
10907,0.00019716943,0.00028021098,0.70161086,0.00047656128,0.0001535624
10908,0.0017891593,0.0019646613,0.88523525,0.00057703455,0.0005233757
10909,0.001107339,0.0002216781,0.62165576,0.00033535014,0.0028671585
10910,0.0003175088,0.00054847926,0.9227612,0.00043733438,0.0034970103
10911,0.0004076526,0.0014895174,0.9374402,0.0017546144,0.0020111583
10912,0.00042058743,9.242113e-05,0.87234735,0.00047470425,0.0009966077
10913,0.00017400544,0.001957017,0.5887709,0.0010202174,0.0017409837
10914,0.000118667966,0.001591626,0.33252713,0.002157342,0.0002846224
10915,0.00022693386,0.00021318757,0.5300997,0.0007321813,0.002225671
10916,5.7387595e-05,0.00048217614,0.7745834,0.0019723359,0.0020111583
10917,0.0005636751,0.0006142272,0.6806664,0.002296159,0.00071244594
10918,0.0009110512,0.031738594,0.70161086,0.00017674513,0.0010817152
10919,0.00076729245,0.007289077,0.5688949,0.009559399,0.0013511209
10920,0.00014425986,0.00809329,0.51238763,0.05165378,0.0008231386
10921,0.0004029052,0.0067712096,0.9059898,0.008644178,0.0023504829
10922,0.0003473453,0.009936419,0.34897783,0.028598359,9.028039e-05
10923,6.0141516e-05,0.009125637,0.7251623,0.033844035,0.0021322616
10924,0.0005571117,0.002800927,0.8045595,0.048496,0.0012793075
10925,0.00012533752,0.0016229671,0.17667161,0.0131212715,0.0009547317
10926,0.00014425986,0.0140636265,0.6705004,0.021125194,0.0007408056
10927,0.00037555923,0.025035424,0.8525676,0.007815889,0.0008761799
10928,0.0003175088,0.0009966077,0.7898827,0.022629201,0.0001896174
10929,0.0021742254,0.020061802,0.6463486,0.0023231625,0.00047842565
10930,0.0013198634,0.0042812545,0.95976204,0.03038675,0.0003597694
10931,0.91700584,0.0073173973,0.9064877,0.003976228,0.0003275843
10932,0.55208695,0.0007643033,0.6147988,0.010902374,0.00036259004
10933,0.75617754,0.0028783479,0.66725606,0.0072608665,0.0007350449
10934,0.9568766,0.0010362669,0.7214489,0.0010525686,0.0020033333
10935,0.7816641,0.0025114634,0.33263552,0.017045317,0.0020033333
10936,0.6808786,0.0007041516,0.61508787,0.013689478,0.0017614696
10937,0.8842393,0.000104725565,0.2664527,0.005240449,0.0009927262
10938,0.82893884,0.002396731,0.7759446,0.0012793075,0.00071244594
10939,0.8244619,0.001455063,0.7973991,0.00083935994,0.00022516825
10940,0.91655886,0.0003327413,0.69688743,0.0010525686,0.0008263576
10941,0.7474317,0.0015129384,0.7754348,0.0021405893,0.00043563012
10942,0.66486675,0.0005132579,0.57755494,0.00012931564,0.0012399962
10943,0.8559716,0.0027149853,0.4362017,0.00036829791,0.0012693645
10944,0.8868131,8.888085e-05,0.37759805,0.0008263576,0.00038747612
10945,0.36105207,0.0008459375,0.4893281,0.00092900335,0.0015608892
10946,0.4572882,0.0002098831,0.52789456,0.0007916296,0.0001313518
10947,0.55362594,0.0006411777,0.6800292,0.00017130819,0.004054334
10948,0.7237978,0.0010162441,0.53324556,0.0003889921,0.00048029725
10949,0.80271024,0.00075540564,0.79787195,0.00087276706,0.0016678823
10950,0.6804541,0.00057703455,0.6820445,0.00016603847,0.00015967865
10951,0.7190878,0.0004322415,0.9430336,0.0012160416,0.0006589401
10952,0.49007547,0.00041894842,0.9439706,0.0019418169,0.0008761799
10953,0.7088176,0.0007014083,0.7397986,0.00038446192,0.0012065897
10954,0.54437757,0.00092900335,0.7426084,0.0019267347,0.00023413582
10955,0.6541219,0.00012148176,0.6751224,0.00030534892,0.001294368
10956,0.89368117,0.0007069056,0.79246426,0.00028021098,0.0006771943
10957,0.799129,0.00041245588,0.51816523,0.0028560124,0.00020662983
10958,0.78082967,9.83812e-05,0.7394224,0.00036543285,0.00046371284
10959,0.7692537,0.0023596608,0.63578796,0.0005132579,0.0017477857
10960,0.8498466,0.00050333556,0.8000679,0.00022341637,0.0005053046
10961,0.69461346,0.00054847926,0.9032942,0.0027149853,0.0015608892
10962,0.7424217,0.0005295418,0.9073123,0.0004156895,0.00078241405
10963,0.8159669,8.220189e-05,0.61027926,0.0028338498,0.00057929166
10964,0.7989722,0.00039666123,0.72691053,0.002673006,0.00085924764
10965,0.85741025,0.0002758679,0.8089744,0.0003275843,6.352189e-05
10966,0.8559716,0.0016420668,0.87439936,0.0018315102,0.0027791904
10967,0.8152325,0.0016743992,0.73545164,0.00014091856,0.0023141264
10968,0.7078088,0.0011030267,0.75617754,0.0007096704,0.0006411777
10969,0.83359575,0.0016613906,0.72026986,0.004314688,0.00095846487
10970,0.915356,0.0010484692,0.89478946,0.00027803096,0.0005092657
10971,0.7821637,0.00041084853,0.6004227,0.00053578056,0.00052133633
10972,0.66017234,0.00057254656,0.67800725,0.0005233757,0.00019110432
10973,0.7088176,0.0004859561,0.685002,0.00078854576,0.00062389387
10974,0.5683559,0.00069867563,0.7744129,0.00092178053,8.349628e-05
10975,0.85427785,0.00044076296,0.6659539,0.0023051251,9.993032e-05
10976,0.55889887,6.4522144e-05,0.78695047,0.00021654405,0.000559291
10977,0.8288003,0.0001823546,0.24023944,0.6009497,0.000865981
10978,0.80147004,0.5053251,0.72389543,0.6703925,0.00090750254
10979,0.5313918,0.49737552,0.60865223,0.8230441,0.0011925492
10980,0.8586,0.5643386,0.8653379,0.6802417,0.00026738262
10981,0.68920106,0.8962514,0.9329437,0.7862948,0.0003982131
10982,0.8044059,0.81655276,0.55564624,0.5394685,0.0002287133
10983,0.60807055,0.5615154,0.18579942,0.8372211,0.00016865275
10984,0.879043,0.47076702,0.7541916,0.87321484,0.0014269596
10985,0.86083776,0.7558173,0.59749043,0.53306323,0.0024534282
10986,0.9183339,0.68056023,0.77304506,0.7759446,0.0003726377
10987,0.50342363,0.5895392,0.70079243,0.9347534,0.00039511538
10988,0.6984323,0.9328214,0.7926248,0.89010334,0.00046552691
10989,0.47597066,0.42113516,0.7040584,0.74853617,0.0004339325
10990,0.6954414,0.7210562,0.46505344,0.8899121,0.0022343625
10991,0.8688268,0.7479843,0.010693758,0.6356749,0.01678549
10992,0.5948455,0.7027341,0.17272931,0.62142605,0.034749623
10993,0.9005298,0.34301156,0.0089161275,0.61346817,0.011244561
10994,0.8659059,0.35420963,0.018653521,0.7641884,0.01685008
10995,0.69802076,0.52072483,0.12326006,0.7466935,0.019419348
10996,0.8047131,0.26133093,0.1491592,0.27134824,0.0032224844
10997,0.3711366,0.67779404,0.019014435,0.44414282,0.021864556
10998,0.8190264,0.53855854,0.007176882,0.840521,0.032713123
10999,0.89823216,0.8234704,0.02215887,0.54704064,0.043854564
11000,0.7641884,0.4318837,0.018299332,0.21027938,0.008950711
11001,0.6270382,0.7028361,0.006289902,0.3348069,0.01243165
11002,0.7089184,0.5219433,0.0032986512,0.6765131,0.01678549
11003,0.55932015,0.63000226,0.013902059,0.8728902,0.0055549247
11004,0.7237978,0.24508502,0.0053849383,0.86396646,0.008251599
11005,0.69035035,0.6110919,0.00588816,0.70811164,0.00089344557
11006,0.64924514,0.8899121,0.012053779,0.79101497,0.01665704
11007,0.85705173,0.8596637,0.0010859444,0.8484707,0.0015731122
11008,0.8407826,0.7690802,0.042245496,0.93071055,0.055412795
11009,0.5740963,0.39123148,0.01836964,0.85919183,0.009859855
11010,0.5212427,0.32284614,0.039787807,0.7574357,0.008644178
11011,0.8589554,0.84376645,0.0026010936,0.91565824,0.0047000605
11012,0.87966454,0.6723317,0.0024822769,0.77475387,0.011201214
11013,0.86726075,0.3484234,0.08404061,0.7424217,0.0005703157
11014,0.45734876,0.25404602,0.015906392,0.49430874,0.0005092657
11015,0.6218854,0.46584308,0.0140636265,0.83748704,0.00072365726
11016,0.66006285,0.25534365,0.0035657366,0.6579781,0.0020269002
11017,0.5983122,0.8587186,0.015967654,0.7060891,0.0005614788
11018,0.9662198,0.8410439,0.004810983,0.7940658,0.00019716943
11019,0.52769685,0.56745726,0.012007351,0.6521306,0.00014425986
11020,0.6989463,0.684475,0.008445627,0.3936181,0.00041731575
11021,0.81316423,0.17286891,0.01798621,0.4758945,0.00033015272
11022,0.23633993,0.44155264,0.18922126,0.8431217,0.0008693674
11023,0.70801073,0.6929537,0.030908957,0.8103289,0.0017140384
11024,0.3455468,0.6801355,0.0051396107,0.6234915,0.0014493985
11025,0.55275095,0.71203196,0.0032099616,0.77814394,0.00011235328
11026,0.2971639,0.67179364,0.0034162789,0.8478418,0.00075540564
11027,0.59089726,0.34665188,0.009090384,0.77304506,0.0013198634
11028,0.59930927,0.5852197,0.0064381026,0.89858866,0.0006337125
11029,0.6712551,0.43929625,0.0067449897,0.26114246,0.00017674513
11030,0.6257812,0.75725627,0.08586246,0.7523766,0.0002846224
11031,0.8680457,0.5222022,0.030559862,0.73354733,0.00011147904
11032,0.93379396,0.61468315,0.023375316,0.67415774,0.0011424496
11033,0.84195566,0.93663365,0.091220066,0.42536652,0.00053161324
11034,0.49324077,0.6121358,0.009898064,0.8520759,0.00019260288
11035,0.87439936,0.853669,0.039787807,0.8484707,7.543321e-05
11036,0.69637144,0.8092759,0.010570489,0.45986435,0.0008525666
11037,0.60743034,0.67672676,0.0074606435,0.79117644,0.00012632043
11038,0.8240375,0.39805537,0.017576884,0.55889887,0.0010525686
11039,0.86647177,0.35064372,0.009020279,0.70028025,0.0014103585
11040,0.5252927,0.7350715,0.0033504236,0.78431904,0.0006023541
11041,0.70181525,0.71452844,0.014281933,0.5130433,0.00029365462
11042,0.8161134,0.70952255,0.0034162789,0.6307987,0.00014539114
11043,0.40480152,0.4771887,0.023825368,0.6132945,0.003442981
11044,0.9038049,0.8916225,0.0021157034,0.9003547,0.00036543285
11045,0.5218976,0.92905515,0.010529712,0.88523525,0.00083935994
11046,0.5497917,0.92643696,0.013532149,0.41081536,0.0005838325
11047,0.7050748,0.7241881,0.0017007225,0.82417905,0.00021485926
11048,0.82810634,0.3727335,0.018089995,0.6504673,0.00010391067
11049,0.8262917,0.16331197,0.0079997545,0.40857172,0.0004583129
11050,0.82573026,0.43392146,0.058776557,0.7953404,0.00042720788
11051,0.7028361,0.6406359,0.032405518,0.62909126,0.00047285444
11052,0.6751224,0.36161548,0.028220989,0.68773484,0.0007321813
11053,0.72758853,0.49643332,0.32594952,0.6728693,0.0030994155
11054,0.6982266,0.6121358,0.03527755,0.36432514,0.0019494022
11055,0.54243916,0.34609914,0.014957086,0.7325918,0.00017813111
11056,0.7687332,0.4554105,0.013325147,0.5912513,0.00021995338
11057,0.7304822,0.50851357,0.096705794,0.52016115,0.0008328334
11058,0.95565146,0.5758862,0.02532306,0.42739674,0.0032858334
11059,0.94122344,0.49551025,0.035880696,0.84530497,0.00026530237
11060,0.8978745,0.47186202,0.18403316,0.83828294,0.0006798429
11061,0.8101787,0.81946033,0.18242553,0.58498263,0.0001344663
11062,0.8539127,0.6579781,0.1559763,0.39152226,0.00058611616
11063,0.87578696,0.6771539,0.076132484,0.76629364,0.000621463
11064,0.76611876,0.6575384,0.025178842,0.1908748,0.00012436225
11065,0.6304574,0.6533481,0.037467506,0.6979178,0.0004390453
11066,0.6260099,0.82893884,0.04594821,0.92206234,7.141902e-05
11067,0.7622471,0.447581,0.072243005,0.7279754,0.00058840885
11068,0.874292,0.8171371,0.047425874,0.66747284,0.6531269
11069,0.7839885,0.76082844,0.08897849,0.2654994,0.7927853
11070,0.745954,0.45156834,0.024656856,0.891055,0.8992984
11071,0.4180434,0.62452257,0.05014425,0.5174185,0.7309625
11072,0.76401234,0.40680307,0.031261913,0.880797,0.72594017
11073,0.6349961,0.5510906,0.105948284,0.80609053,0.6955449
11074,0.6918097,0.8600169,0.0349467,0.8407826,0.8152325
11075,0.06717858,0.8614217,0.07878401,0.8594279,0.59549254
11076,0.028114058,0.4844182,0.026355354,0.6575384,0.74298155
11077,0.017309096,0.41258934,0.047249712,0.5444684,0.5998368
11078,0.050988145,0.8590736,0.09825223,0.7193836,0.73392886
11079,0.025711587,0.617282,0.13974822,0.7248703,0.8017807
11080,0.062904246,0.7880943,0.047691282,0.8044059,0.5890073
11081,0.008219693,0.6567684,0.012970386,0.86476797,0.38485435
11082,0.017045317,0.6302299,0.018264277,0.5544705,0.79358625
11083,0.04296247,0.6154924,0.05781161,0.5897164,0.7345006
11084,0.020844316,0.26626188,0.13352817,0.49604803,0.7200731
11085,0.020488555,0.7631309,0.077937685,0.8490974,0.7108291
11086,0.026305279,0.66909647,0.059101548,0.54110575,0.88778967
11087,0.11143445,0.524486,0.14755519,0.9339146,0.46886662
11088,0.034100424,0.5759458,0.058024745,0.9285385,0.6982266
11089,0.024656856,0.7440989,0.06572466,0.7025301,0.82949203
11090,0.013480103,0.5064465,0.1625129,0.7594039,0.844409
11091,0.01665704,0.8017807,0.10894504,0.78099674,0.7673414
11092,0.014957086,0.5630176,0.18403316,0.5639784,0.6328432
11093,0.002800927,0.6207366,0.120542295,0.31017178,0.6311397
11094,0.020924192,0.7543726,0.12765263,0.7501869,0.89912134
11095,0.017375665,0.22456521,0.17398883,0.7611836,0.81873685
11096,0.046291903,0.23161423,0.013532149,0.6548947,0.9158089
11097,0.04061678,0.6772606,0.083740406,0.72623146,0.7483523
11098,0.0040860027,0.37805718,0.03594832,0.662469,0.8562122
11099,0.017442483,0.8609547,0.062445287,0.6971968,0.89423656
11100,0.009196552,0.551151,0.037047166,0.55362594,0.59472775
11101,0.12592277,0.30167055,0.010986943,0.551,0.7762839
11102,0.011961099,0.44791305,0.036769465,0.3727335,0.64579034
11103,0.010130412,0.74576885,0.02136889,0.6435533,0.64332926
11104,0.0041179177,0.79246426,0.054098696,0.65190905,0.46839544
11105,0.004848533,0.1576549,0.054802597,0.7187918,0.50749916
11106,0.023241926,0.7574357,0.072243005,0.7767923,0.6913932
11107,0.008478402,0.74558365,0.16171701,0.01802074,0.8655654
11108,0.010693758,0.010944578,0.9462997,0.029816542,0.9036349
11109,0.0034162789,0.05975658,0.9168571,0.006073934,0.8342719
11110,0.019643761,0.047425874,0.97608364,0.014672035,0.772359
11111,0.025035424,0.014117893,0.90958625,0.005448068,0.72311395
11112,0.008030813,0.010288301,0.9875683,0.0044857943,0.88018054
11113,0.030329255,0.009708476,0.98486924,0.015603535,0.68951476
11114,0.08151976,0.0057974015,0.937783,0.040999025,0.7531037
11115,0.015189049,0.008187911,0.9587699,0.03327394,0.90665317
11116,0.021084841,0.02655657,0.8388118,0.01243165,0.664758
11117,0.012821214,0.008813166,0.93698055,0.012479699,0.76960015
11118,0.018546565,0.013376604,0.99271095,0.03803509,0.8578872
11119,0.09687654,0.0056638657,0.8385476,0.01584536,0.5368593
11120,0.10141133,0.018089995,0.9659639,0.02784845,0.8372211
11121,0.03191915,0.038106617,0.90397453,0.03635666,0.94122344
11122,0.063366346,0.031439852,0.88161486,0.041773878,0.6617043
11123,0.0721122,0.0071491017,0.84363765,0.048496,0.8996516
11124,0.14535783,0.067546695,0.9644556,0.028328313,0.65698844
11125,0.061875988,0.030043371,0.9845754,0.068537496,0.767167
11126,0.41383246,0.022629201,0.9351099,0.09334688,0.7592254
11127,0.07369627,0.056966383,0.94728357,0.013273886,0.65951484
11128,0.06359858,0.114368536,0.97711015,0.022457052,0.65951484
11129,0.05781161,0.0123361,0.77509457,0.012673736,0.73885757
11130,0.1336412,0.0043823365,0.9408984,0.044931643,0.744842
11131,0.15908672,0.0038244836,0.7545535,0.021044567,0.70851517
11132,0.017644463,0.03890198,0.95362175,0.019419348,0.6703925
11133,0.031439852,0.02096424,0.8556101,0.0016941031,0.76383626
11134,0.054802597,0.0023781238,0.89733595,0.013795364,0.7720154
11135,0.07906799,0.023241926,0.89606965,0.008124708,0.65235215
11136,0.13927926,0.019234259,0.98544043,0.02665774,0.72154707
11137,0.19528697,0.018264277,0.9685601,0.015424552,0.8482194
11138,0.3051794,0.007937994,0.96820134,0.004150081,0.74761593
11139,0.071202725,0.048496,0.93195957,0.009974921,0.8365546
11140,0.14523655,0.027066175,0.799129,0.011508149,0.7076068
11141,0.06596494,0.004331502,0.96210754,0.033399824,0.8174288
11142,0.022032265,0.031084951,0.87048715,0.038321972,0.8641959
11143,0.015247591,0.025613915,0.9800913,0.039862495,0.9404625
11144,0.014957086,0.0073743653,0.9871293,0.0038096302,0.8115267
11145,0.115960725,0.023241926,0.9843364,0.016152835,0.8662457
11146,0.16026603,0.04922211,0.95565146,0.010248602,0.73829186
11147,0.055005286,0.013795364,0.9646559,0.024053553,0.95806944
11148,0.058238626,0.007345827,0.906156,0.028114058,0.88700897
11149,0.025035424,0.007665875,0.94176143,0.0042315875,0.4099883
11150,0.35253605,0.074500255,0.98403233,0.15584777,0.42829317
11151,0.07850098,0.0139557095,0.8912444,0.015784562,0.6989463
11152,0.04115289,0.014392336,0.9533619,0.112405084,0.7520126
11153,0.06325052,0.039490405,0.9732915,0.01844021,0.26874945
11154,0.059101548,0.012821214,0.96160597,0.037186775,0.70120186
11155,0.07626997,0.0027683855,0.94386727,0.15152934,0.7310586
11156,0.31636927,0.02076474,0.9422947,0.0610871,0.8645393
11157,0.068040416,0.0025509123,0.9503189,0.100348406,0.7439129
11158,0.05023736,0.0130707845,0.93674946,0.20817892,0.83973396
11159,0.12389466,0.01621503,0.9729338,0.07737811,0.93306583
11160,0.10818896,0.011642224,0.9242787,0.10687689,0.87439936
11161,0.016593177,0.035477504,0.9458012,0.05023736,0.79198194
11162,0.06512755,0.008124708,0.9759006,0.15791446,0.63011605
11163,0.04008736,0.004038592,0.9428234,0.100172214,0.7923036
11164,0.05520869,0.007937994,0.968441,0.07043161,0.6406359
11165,0.037821285,0.0022783307,0.8507168,0.042882238,0.45453268
11166,0.055515114,0.010860331,0.9505947,0.03897507,0.7507356
11167,0.045183755,0.13240233,0.98080254,0.0824015,0.4809053
11168,0.2649285,0.027480694,0.91730267,0.028816197,0.9119669
11169,0.04232459,0.0145595195,0.9657707,0.02096424,0.86188734
11170,0.031678624,0.0041019293,0.90894175,0.024376597,0.85158294
11171,0.012624949,0.022933565,0.7764535,0.013795364,0.39082456
11172,0.05155819,0.018797074,0.9837225,0.039195135,0.8454327
11173,0.11736965,0.022802636,0.86703575,0.0065642493,0.94024336
11174,0.09268778,0.05749328,0.97107434,0.023599293,0.9403531
11175,0.052521676,0.0021489493,0.9059898,0.3098584,0.74706274
11176,0.12962294,0.039490405,0.95775455,0.033462934,0.7026321
11177,0.09894659,0.1112412,0.94509614,0.04443143,0.58332205
11178,0.02199022,0.05439932,0.9564718,0.06816438,0.7028361
11179,0.93045825,0.05155819,0.9370958,0.077937685,0.8056322
11180,0.97792566,0.10687689,0.9545628,0.12378869,0.754915
11181,0.98302,0.047602657,0.9302051,0.06632687,0.6724393
11182,0.9747251,0.1066906,0.94901186,0.11299101,0.5567009
11183,0.9492005,0.030967517,0.97090924,0.04054074,0.68489665
11184,0.96741027,0.18742996,0.8768455,0.15713686,0.54942906
11185,0.92643696,0.100172214,0.9107044,0.014281933,0.7345006
11186,0.9418684,0.03882902,0.9073123,0.068787284,0.8581252
11187,0.9458012,0.0070117954,0.93183565,0.9145963,0.78727776
11188,0.9722571,0.039862495,0.9535353,0.9193534,0.59678566
11189,0.9370958,0.061199225,0.9341553,0.93158704,0.44694728
11190,0.96253246,0.025274897,0.9758085,0.9084556,0.74927074
11191,0.91117966,0.13660839,0.9775858,0.9517737,0.7051763
11192,0.9507779,0.1490353,0.95531917,0.92482364,0.83508044
11193,0.89460546,0.018833129,0.7627777,0.7111301,0.8597815
11194,0.90665317,0.010248602,0.9683214,0.8517063,0.6221151
11195,0.9466954,0.058024745,0.9265699,0.9511422,0.82104415
11196,0.9500415,0.17133833,0.99190676,0.9774139,0.58604914
11197,0.81271875,0.05014425,0.9775858,0.9803562,0.8679338
11198,0.8996516,0.058776557,0.9333094,0.9254997,0.8996516
11199,0.9829547,0.03963884,0.9655115,0.9428234,0.022328783
11200,0.8547634,0.10894504,0.77662295,0.76260084,0.02132808
11201,0.9493885,0.256832,0.9130583,0.75851065,0.037892427
11202,0.9511422,0.22695492,0.9092645,0.8678218,0.013584392
11203,0.9554855,0.03581319,0.97394365,0.9786719,0.020293485
11204,0.9718326,0.112405084,0.94815457,0.75036985,0.005708034
11205,0.8964329,0.03635666,0.9046505,0.8095773,0.031678624
11206,0.9393595,0.25293726,0.8908652,0.85573065,0.018334452
11207,0.983343,0.24889915,0.92696756,0.9203613,0.023644341
11208,0.95998776,0.22101425,0.83004373,0.9107044,0.034684174
11209,0.9787533,0.09334688,0.61132395,0.96909106,0.018475594
11210,0.9466954,0.4042722,0.9114953,0.8358858,0.05520869
11211,0.9745319,0.053700306,0.9168571,0.81077874,0.048405956
11212,0.96131647,0.038178273,0.9558166,0.90515476,0.008445627
11213,0.9465967,0.07779745,0.91274774,0.9159594,0.20040116
11214,0.9621787,0.029535338,0.8864204,0.96210754,0.016029147
11215,0.97313875,0.078925885,0.9643886,0.9758546,0.017576884
11216,0.9334308,0.056029383,0.9537082,0.95806944,0.051082738
11217,0.9738444,0.19132768,0.9908035,0.8866169,0.004314688
11218,0.8109285,0.063134894,0.93674946,0.9459013,0.07978202
11219,0.9456007,0.11476479,0.989791,0.86748546,0.038756195
11220,0.9015746,0.016979992,0.90515476,0.8200375,0.014842416
11221,0.81227237,0.04023794,0.92827886,0.9116528,0.001882186
11222,0.97671366,0.0279544,0.86511016,0.94143915,0.022672439
11223,0.9610981,0.008156248,0.97891515,0.966028,0.03138043
11224,0.93195957,0.08678673,0.89858866,0.9456007,0.014957086
11225,0.9777139,0.02947941,0.9487276,0.8326453,0.020884218
11226,0.6369179,0.30611205,0.97943294,0.95388025,0.08093671
11227,0.9180404,0.014842416,0.94901186,0.90414387,0.04426588
11228,0.9563905,0.01374232,0.7130322,0.9396923,0.045862664
11229,0.82782817,0.10557884,0.92482364,0.9718859,0.013480103
11230,0.95791227,0.9906961,0.69853514,0.86737317,0.021739595
11231,0.94776917,0.8665848,0.9161096,0.89048487,0.01621503
11232,0.9300781,0.9737447,0.9747731,0.8296301,0.007815889
11233,0.9144437,0.97520185,0.94417685,0.980053,0.033526164
11234,0.9795114,0.9026096,0.94957596,0.82432055,0.010091316
11235,0.9801293,0.91700584,0.9129032,0.72903776,0.038178273
11236,0.9081302,0.9885361,0.936285,0.95814794,0.008445627
11237,0.9341553,0.9898303,0.97520185,0.9078038,0.041307304
11238,0.98657167,0.9571178,0.99490017,0.7895584,0.025226826
11239,0.9900636,0.9622497,0.9302051,0.94728357,0.06779314
11240,0.9434519,0.961678,0.98080254,0.83031917,0.1884733
11241,0.9674718,0.9394706,0.9158089,0.9792749,0.08210663
11242,0.8100285,0.87125593,0.9488225,0.94479126,0.015543648
11243,0.8338664,0.9516839,0.9329437,0.96820134,0.021125194
11244,0.938576,0.8234704,0.9433476,0.6545636,0.051845465
11245,0.97863114,0.78481424,0.9528382,0.9493885,0.04822634
11246,0.91181,0.828523,0.9130583,0.94386727,0.035611413
11247,0.9105454,0.86165464,0.9923044,0.9020933,0.27134824
11248,0.9744348,0.9284088,0.9912209,0.891811,0.10743748
11249,0.8889517,0.8844391,0.9084556,0.91730267,0.07992552
11250,0.8624676,0.9164094,0.65168744,0.72076154,0.15495056
11251,0.96267307,0.9222025,0.9599126,0.79865825,0.0946777
11252,0.9608783,0.9659639,0.90747637,0.88523525,0.1501534
11253,0.92892635,0.9326989,0.75725627,0.93732566,0.03594832
11254,0.9320833,0.83413684,0.81420064,0.96741027,0.1884733
11255,0.98609793,0.45665208,0.92455155,0.94509614,0.20673385
11256,0.94468933,0.7287483,0.97344345,0.85693204,0.12819736
11257,0.98475236,0.9433476,0.82375413,0.60276324,0.14817041
11258,0.96485513,0.82768893,0.9403531,0.9776285,0.3511998
11259,0.95606345,0.61878043,0.9798997,0.9073123,0.046899255
11260,0.9692078,0.8047131,0.79581684,0.81167597,0.17724052
11261,0.9776285,0.9222025,0.91505283,0.9486325,0.036977556
11262,0.94853723,0.46772686,0.87147486,0.7187918,0.009376237
11263,0.72233117,0.8951567,0.9113377,0.9512329,0.055005286
11264,0.83318895,0.8899121,0.9265699,0.84959716,0.060307644
11265,0.81640637,0.61935616,0.66985285,0.8307315,0.02076474
11266,0.89010334,0.9701269,0.2649285,0.82261705,0.03904829
11267,0.9078038,0.9116528,0.26284185,0.8349459,0.038538497
11268,0.8623517,0.93546456,0.63307005,0.90632194,0.03963884
11269,0.9519527,0.9492005,0.32124704,0.72894126,0.008030813
11270,0.7923036,0.6448963,0.15291561,0.521197,0.09203286
11271,0.9069832,0.9874721,0.6234915,0.8949732,0.05300977
11272,0.75328517,0.5634981,0.5571226,0.9635062,0.32028958
11273,0.8976953,0.98302,0.7187918,0.928668,0.0355444
11274,0.9370958,0.9462003,0.65907604,0.7523766,0.041075893
11275,0.8824279,0.88463867,0.5176776,0.86904925,0.34753713
11276,0.844409,0.728362,0.5080102,0.8812066,0.053899154
11277,0.8701566,0.9626028,0.5622967,0.95751673,0.018194368
11278,0.96050966,0.9511422,0.63827175,0.9806919,0.10762492
11279,0.947381,0.77167153,0.72710437,0.97788346,0.06325052
11280,0.92683524,0.82261705,0.12929276,0.88700897,0.017712299
11281,0.91700584,0.8326453,0.3226327,0.9617499,0.055515114
11282,0.9723097,0.81390494,0.5837373,0.9462003,0.05749328
11283,0.9785493,0.77081,0.58474547,0.9333094,0.064771704
11284,0.9696707,0.74558365,0.38815406,0.90087914,0.04569203
11285,0.9034647,0.49868774,0.63148063,0.80069196,0.074500255
11286,0.96080494,0.9383503,0.26265267,0.9094255,0.8933094
11287,0.9430336,0.8978745,0.20657375,0.7744129,0.9142907
11288,0.95379424,0.9296961,0.25851312,0.91181,0.9444849
11289,0.85403454,0.74279505,0.6635599,0.7913377,0.96472245
11290,0.9850429,0.9591543,0.4833893,0.947381,0.95719784
11291,0.9518632,0.93257624,0.40792292,0.96323055,0.86350673
11292,0.9829547,0.8290773,0.52672315,0.8718026,0.8735388
11293,0.92643696,0.9180404,0.31700322,0.9305845,0.9015746
11294,0.98549646,0.97339284,0.1317307,0.9272316,0.9761292
11295,0.9649213,0.9734938,0.21950476,0.8657925,0.90448195
11296,0.9514138,0.60533255,0.2216875,0.9147487,0.97389406
11297,0.96995664,0.9541374,0.35566297,0.9378969,0.89274967
11298,0.98913974,0.8498466,0.5359486,0.91006696,0.67490816
11299,0.9905874,0.6627965,0.7465088,0.9731898,0.95150405
11300,0.9167081,0.9822196,0.3983479,0.98588216,0.86748546
11301,0.91352236,0.8641959,0.24707796,0.8828326,0.93379396
11302,0.95257413,0.8923751,0.34389237,0.9462003,0.8025555
11303,0.93686515,0.90582335,0.28766775,0.8897206,0.9452985
11304,0.90448195,0.96814114,0.28557116,0.97414124,0.90515476
11305,0.93698055,0.8624676,0.8326453,0.84169555,0.7479843
11306,0.9298237,0.74945414,0.2588877,0.9348725,0.97684664
11307,0.96182173,0.9036349,0.7666432,0.91490096,0.88778967
11308,0.95998776,0.92617035,0.39536762,0.9583822,0.94479126
11309,0.9503189,0.8938666,0.13568956,0.8342719,0.75635755
11310,0.86153823,0.96378,0.5369807,0.91086304,0.7285552
11311,0.95565146,0.95159405,0.11476479,0.9759923,0.8938666
11312,0.984516,0.82275945,0.00040448149,0.86060363,0.9448931
11313,0.962462,0.7159208,0.0011972112,0.8581252,0.8581252
11314,0.8100285,0.86938226,0.0011203773,0.91413754,0.7252596
11315,0.81640637,0.9883128,0.0002287133,0.9407897,0.9205043
11316,0.9685601,0.8969756,0.00037850367,0.9161096,0.7483523
11317,0.9546474,0.76082844,0.0015487612,0.92944044,0.9683214
11318,0.95531917,0.938124,0.0007096704,0.88059187,0.878627
11319,0.8814109,0.46016756,0.001455063,0.88523525,0.55862796
11320,0.9405718,0.6692046,0.00023782204,0.9514138,0.97428846
11321,0.8625833,0.8912444,0.0004390453,0.615319,0.9493885
11322,0.9685006,0.6369179,0.0015307452,0.9384633,0.82796735
11323,0.97423947,0.55438,0.00046371284,0.83815056,0.94154674
11324,0.94825053,0.9241418,0.00060471025,0.8089744,0.9361684
11325,0.82118756,0.72623146,0.0011116682,0.94208187,0.97539
11326,0.9459013,0.8850366,0.0005680935,0.86647177,0.91550726
11327,0.64690644,0.8384153,0.00024923251,0.92683524,0.9587699
11328,0.9662198,0.8824279,0.00095846487,0.8110782,0.8308688
11329,0.9411153,0.7247729,0.0004859561,0.9645224,0.7559974
11330,0.98235554,0.76100606,0.0005747862,0.97458035,0.9459013
11331,0.72710437,0.81757444,0.00059302105,0.9274948,0.96961325
11332,0.9531008,0.5685356,0.0006589401,0.8518296,0.86726075
11333,0.8626991,0.45719728,0.00023413582,0.9457011,0.97288233
11334,0.42536652,0.878627,0.00027372167,0.8692713,0.9732915
11335,0.67329913,0.84758973,0.0002824081,0.9405718,0.93913656
11336,0.17023194,0.96050966,0.00046552691,0.937669,0.8891444
11337,0.32124704,0.967163,0.00028910325,0.89274967,0.9431384
11338,0.64768684,0.9583042,0.00047656128,0.8601343,0.98054343
11339,0.22507577,0.86025184,0.0007793661,0.9683812,0.7301937
11340,0.35767972,0.8802834,0.00041245588,0.9094255,0.7687332
11341,0.39624333,0.92762595,0.00013552078,0.7318259,0.8290773
11342,0.56859547,0.77881753,0.00054847926,0.8198933,0.95846003
11343,0.17272931,0.9519527,0.00014313738,0.45856085,0.9773276
11344,0.52670795,0.78596646,0.0012448432,0.1821344,0.9652504
11345,0.31090358,0.9449947,0.002396731,0.72301626,0.9078038
11346,0.71133065,0.63307005,0.00048785712,0.53871024,0.92093205
11347,0.4642639,0.4854549,0.0003029734,0.23178808,0.9364014
11348,0.37501955,0.8934954,0.00025315638,0.6090592,0.6466834
11349,0.25460163,0.78858316,0.0004156895,0.55624896,0.9513234
11350,0.2752271,0.9105454,5.5622066e-05,0.08151976,0.9404625
11351,0.29849136,0.6841585,0.00036543285,0.31268474,0.968441
11352,0.24472383,0.91367656,0.0715912,0.58450836,0.9683214
11353,0.28378138,0.9492946,0.2600135,0.40804085,0.94197524
11354,0.450722,0.89533985,0.11992252,0.4566218,0.90312344
11355,0.7013041,0.6822562,0.05439932,0.57534945,0.89982784
11356,0.6598436,0.7818308,0.17596246,0.4565612,0.7897206
11357,0.8679338,0.86408126,0.12863456,0.46359605,0.959001
11358,0.4663595,0.99021614,0.058453243,0.38966265,0.95506835
11359,0.28348374,0.65235215,0.091220066,0.6175703,0.97112906
11360,0.500206,0.98242307,0.19698064,0.50820845,0.78282857
11361,0.3697701,0.8118252,0.23563564,0.2739627,0.9400236
11362,0.110279374,0.8479678,0.14270912,0.41543236,0.8472108
11363,0.20625381,0.55434984,0.026155617,0.43416142,0.9205043
11364,0.26057756,0.8020909,0.09636511,0.1187934,0.9361684
11365,0.74558365,0.6017106,0.044680867,0.18952109,0.8594279
11366,0.65951484,0.9364014,0.083142914,0.39840645,0.97324073
11367,0.61555016,0.7851439,0.12231338,0.47275957,0.8623517
11368,0.07369627,0.6660625,0.058238626,0.3454364,0.97112906
11369,0.7433543,0.92696756,0.4466154,0.25312182,0.9701835
11370,0.32071492,0.8933094,0.17119971,0.74539834,0.82161736
11371,0.62738067,0.8840393,0.1112412,0.111821815,0.77063745
11372,0.72242916,0.8934954,0.17469168,0.49853423,0.9274948
11373,0.7550956,0.93593454,0.10123348,0.25982565,0.9349913
11374,0.57326037,0.41703403,0.0705596,0.37937838,0.79692537
11375,0.52632755,0.3116363,0.046378206,0.48688048,0.84758973
11376,0.42441198,0.53901356,0.018725162,0.2590751,0.94649786
11377,0.24220563,0.33448073,0.023153413,0.50230026,0.92944044
11378,0.47668624,0.14330755,0.051367506,0.5664383,0.89982784
11379,0.30933657,0.21076629,0.04831607,0.29808256,0.9906238
11380,0.0003799845,0.40180516,0.051749542,0.5176318,0.9876639
11381,0.00026119032,0.65035623,0.041230027,0.2725083,0.8662457
11382,0.00026947918,0.32402146,0.09653532,0.32412842,0.99373454
11383,0.00037850367,0.36761075,0.25497246,0.27067295,0.91102153
11384,0.00026119032,0.28776783,0.21027938,0.14069006,0.8872046
11385,0.0010083435,0.2656899,0.008061991,0.42476985,0.78858316
11386,0.00025714198,0.18579942,0.24023944,0.20181322,0.9116528
11387,0.00046371284,0.4467059,0.2487166,0.00013032975,0.49663547
11388,0.0004565269,0.34676248,0.013689478,0.0006932423,0.6205641
11389,0.00061183405,0.3625177,0.09585608,0.002570868,0.9468921
11390,0.00010310212,0.1169656,0.19284318,0.00091819005,0.8479678
11391,0.0003597694,0.26817408,0.020804489,0.00023597175,0.82261705
11392,0.003260346,0.55096984,0.12689333,0.0014214043,0.7648916
11393,0.0013939502,0.40327308,0.10951516,0.0005463421,0.93732566
11394,0.00035557945,0.3484234,0.031858854,0.00058840885,0.81960475
11395,0.00010889691,0.5116937,0.008315778,0.0016040892,0.84758973
11396,0.00029137006,0.48807752,0.018797074,0.00040924744,0.83359575
11397,0.00090750254,0.08210663,0.003869391,0.0008693674,0.80147004
11398,0.00069054146,0.71671456,0.006903838,0.00052542303,0.7799929
11399,0.0005442133,0.3421318,0.011463798,0.00019260288,0.8292156
11400,0.00050333556,0.170508,0.0029579026,0.0006070756,0.95861524
11401,0.0006337125,0.7433543,0.002621441,0.0005953407,0.9656413
11402,0.00015720345,0.22678363,0.015014749,0.00021995338,0.9869795
11403,0.0011972112,0.24472383,0.0021157034,0.00038147115,0.81479084
11404,0.00058155763,0.12252322,0.0031850608,0.00035419365,0.8800775
11405,0.0004339325,0.1847675,0.0073743653,0.0010202174,0.9443824
11406,0.00030061635,0.11516222,0.011597362,0.00023413582,0.9589241
11407,0.00039051395,0.108566426,0.007665875,0.0007321813,0.98625773
11408,0.00017674513,0.23792988,0.0027900378,0.0035796429,0.7876047
11409,0.00020502214,0.2795334,0.033972,0.0003077431,0.87191176
11410,0.00024923251,0.3821414,0.023375316,9.387641e-05,0.8047131
11411,0.0009773504,0.50283813,0.013636836,5.3491327e-05,0.5966095
11412,0.0026626128,0.5855752,0.010652511,0.0005571117,0.9787533
11413,0.00020027377,0.44074005,0.025565214,0.00018093576,0.7666432
11414,0.00069867563,0.2429233,0.009898064,0.0005295418,0.97684664
11415,0.00022693386,0.3198645,0.009670992,0.0002216781,0.97246706
11416,0.0006166297,0.47025004,0.021084841,0.00020502214,0.915356
11417,0.0008693674,0.3637599,0.0052608517,0.00050333556,0.6807725
11418,0.00024346048,0.40080798,0.11318691,0.000101503836,0.9639839
11419,6.5028165e-05,0.6364661,0.012673736,0.0011740822,0.9725193
11420,0.18039525,0.603114,0.017442483,0.00062633416,0.91398406
11421,0.23651622,0.17823957,0.001867566,0.0004424873,0.9633687
11422,0.0996453,0.25256833,0.003524341,0.0005420927,0.9281487
11423,0.022032265,0.24999616,0.0025608707,0.00026947918,0.93403506
11424,0.057176597,0.03216145,0.021656677,0.00042223287,0.9034647
11425,0.10123348,0.23510839,0.015424552,0.0007350449,0.96028674
11426,0.033589505,0.089136936,0.016090874,0.00013873412,0.9130583
11427,0.14366761,0.0005295418,0.017309096,0.13195427,0.93451476
11428,0.015072629,0.00019716943,0.011244561,0.026759284,0.70942193
11429,0.13660839,0.001294368,0.0017073674,0.088504665,0.95679593
11430,0.09203286,0.00014883849,0.0047000605,0.01840489,0.83155376
11431,0.19852993,9.3145936e-05,0.005708034,0.09842541,0.967163
11432,0.17924304,1.6701422e-05,0.007232764,0.059646938,0.9641868
11433,0.19667186,0.0008559007,0.009708476,0.07477004,0.8804891
11434,0.12158141,0.0005680935,0.8866169,0.15869519,0.9655115
11435,0.3083985,0.0001535624,0.6893056,0.20339088,0.91730267
11436,0.03442355,5.8291265e-05,0.5023155,0.17738296,0.9574373
11437,0.23144047,0.00022341637,0.4228025,0.0493136,0.98475236
11438,0.19467382,0.00016093082,0.72739494,0.11143445,0.9505947
11439,0.1468197,0.00048217614,0.8625833,0.03534408,0.97962874
11440,0.19360435,0.00026530237,0.38012594,0.07626997,0.55766463
11441,0.13409412,0.00037118542,0.7193836,0.13117322,0.70365125
11442,0.09384396,0.00015236755,0.23704566,0.25146383,0.9722044
11443,0.13443464,9.09884e-05,0.81257004,0.34015632,0.88563144
11444,0.2952299,0.00022341637,0.75904685,0.06325052,0.9433476
11445,0.22270013,0.0007702932,0.42895088,0.24580847,0.8891444
11446,0.070816204,7.4846226e-05,0.3903596,0.10613344,0.9012275
11447,0.0416178,0.0005092657,0.83788544,0.042245496,0.9312127
11448,0.02072506,0.004468384,0.50774705,0.070176296,0.9348725
11449,0.14743239,3.3214194e-05,0.59366816,0.17638768,0.89715594
11450,0.25813895,0.000621463,0.75689703,0.17092276,0.9532751
11451,0.1425897,1.7502925e-05,0.66747284,0.023197627,0.9585377
11452,0.07531231,0.000118667966,0.7130322,0.14965561,0.94479126
11453,0.025468083,0.00028685408,0.8077641,0.34831256,0.89256257
11454,0.03534408,0.00031999825,0.85848147,0.046205748,0.53354937
11455,0.023599293,0.00016997529,0.9347534,0.057705317,0.8352149
11456,0.05942822,0.00012931564,0.7735587,0.35812855,0.24926445
11457,0.013273886,0.0020348171,0.8089744,0.08570928,0.4417633
11458,0.039342504,0.0008525666,0.48720828,0.047958102,0.34037554
11459,0.36749724,0.0006641048,0.7643643,0.12315455,0.30798206
11460,0.19728975,0.00014202365,0.71133065,0.012576348,0.20866227
11461,0.08035747,0.0003327413,0.4276357,0.23091978,0.20946968
11462,0.123365626,0.0006563728,0.70212173,0.059319146,0.2995148
11463,0.08866235,3.4808123e-05,0.38081652,0.08819004,0.35353976
11464,0.103748634,5.8291265e-05,0.7320175,0.027901376,0.57254356
11465,0.08866235,8.156225e-05,0.7796575,0.12116485,0.23109324
11466,0.019456575,0.0003029734,0.70028025,0.0930168,0.6239499
11467,0.085251234,0.00025714198,0.63204867,0.24077459,0.45126605
11468,0.08961382,0.53497696,0.62658125,0.16817279,0.30497235
11469,0.37490514,0.07185127,0.5702715,0.15241033,0.5493687
11470,0.088504665,0.21601155,0.59760785,0.022074388,0.67490816
11471,0.09947021,0.105948284,0.5780909,0.16858302,0.38832805
11472,0.029367855,0.038394015,0.7195807,0.14499426,0.6222298
11473,0.05439932,0.036220055,0.83400166,0.090735495,0.22236224
11474,0.38554814,0.059537485,0.5042151,0.10502681,0.2600135
11475,0.3181673,0.16317856,0.9113377,0.09318171,0.20625381
11476,0.024750972,0.047337715,0.8562122,0.112795405,0.33993718
11477,0.11899801,0.08035747,0.91212356,0.014281933,0.57385755
11478,0.08079154,0.13580412,0.68489665,0.0416178,0.46733177
11479,0.074365705,0.22101425,0.6474639,0.03825006,0.23109324
11480,0.12973315,0.17384852,0.4119386,0.0107767265,0.099996306
11481,0.06779314,0.04352814,0.4908,0.17511447,0.22236224
11482,0.026708463,0.24780536,0.6703925,0.009196552,0.58776563
11483,0.010529712,0.22286923,0.5733799,0.018761083,0.5924308
11484,0.0033634927,0.112015955,0.73848045,0.19284318,0.47752374
11485,0.0029008575,0.010652511,0.67415774,0.032589745,0.43638182
11486,0.0046636546,0.019606182,0.58266914,0.05470151,0.26779094
11487,0.008677716,0.13454832,0.79865825,0.07004896,0.8221891
11488,0.008745182,0.24725968,0.3875744,0.011869121,0.7778066
11489,0.010408314,0.047602657,0.77149934,0.01665704,0.1169656
11490,0.015247591,0.12646118,0.90747637,0.051177494,0.23669262
11491,0.003260346,0.04831607,0.53643435,0.013273886,0.30239108
11492,0.007907292,0.092359796,0.6623598,0.00189692,0.40751025
11493,0.005685907,0.036083944,0.6415346,0.0077555366,0.7682119
11494,0.01374232,0.028436033,0.60597396,0.0019646613,0.32156652
11495,0.00084264233,0.019271137,0.7337381,0.03038675,0.64646024
11496,0.022586042,0.060863446,0.48285583,0.0113756005,0.54852235
11497,0.01778039,0.053206205,0.5093602,0.0029121784,0.3407045
11498,0.0037654135,0.17398883,0.7031419,0.0019723359,0.24707796
11499,0.005576545,0.036493767,0.42268336,0.0045738644,0.5354628
11500,0.003442981,0.12819736,0.52016115,0.013902059,0.4921881
11501,0.041075893,0.017442483,0.5919591,0.007907292,0.37805718
11502,0.0011116682,0.050705366,0.8321002,0.005159623,0.49636656
11503,0.0077555366,0.060307644,0.81669897,0.06730107,0.45716703
11504,0.0031850608,0.047780067,0.5603128,0.016721142,0.4429678
11505,0.0037217087,0.17638768,0.80271024,0.043284845,0.058024745
11506,0.005911069,0.20339088,0.9203613,0.0089161275,0.21125406
11507,0.011687257,0.03296124,0.8204695,0.008124708,0.3178496
11508,0.0038996208,0.0992954,0.6453435,0.0074606435,0.11961367
11509,0.010860331,0.07369627,0.3637599,0.004054334,0.3720488
11510,0.009898064,0.091058284,0.7237002,0.0027900378,0.27639747
11511,0.025662705,0.15662017,0.43260264,0.0047552,0.24310297
11512,0.0065897717,0.060418423,0.54849213,0.0027683855,0.47189248
11513,0.0043994132,0.012007351,0.86511016,0.003991728,0.43482125
11514,0.002463007,0.19163005,0.5179062,0.009485713,0.0003077431
11515,0.005598249,0.07030385,0.7916601,0.016340127,0.00024346048
11516,0.002570868,0.048948623,0.7440989,0.0018602987,0.00084264233
11517,0.014281933,0.40239212,0.21950476,0.0036216856,0.0003889921
11518,0.5545609,0.0154839875,0.6689884,0.0012018913,0.0003275843
11519,0.6054492,0.12581532,0.5909563,0.007093862,0.00029137006
11520,0.81582016,0.1261379,0.6999727,0.002074867,0.0001823546
11521,0.5311942,0.076132484,0.51677835,0.007232764,0.00018667821
11522,0.8529355,0.0064882697,0.62096643,0.0075187176,0.00021654405
11523,0.5900707,0.039121646,0.5083992,0.00685048,0.00063124346
11524,0.84453726,0.023065226,0.6426568,0.7844842,0.00015598028
11525,0.6513549,0.023962023,0.4812405,0.4462232,0.00029137006
11526,0.7213508,0.0017409837,0.92683524,0.5020981,0.0007643033
11527,0.6356749,0.0077555366,0.6173973,0.8478418,0.00029137006
11528,0.8465777,0.004886375,0.9053223,0.21288584,0.00024536948
11529,0.8881781,0.0010044164,0.745954,0.42423305,0.0005152657
11530,0.9274948,0.009485713,0.19360435,0.70222384,0.0004076526
11531,0.4673014,0.0140636265,0.4940646,0.53029734,0.0003029734
11532,0.7198762,0.0059571536,0.46544823,0.6796041,3.9751925e-05
11533,0.64556694,0.0027255826,0.2991052,0.6746938,0.00014202365
11534,0.39210403,0.0017821963,0.6419837,0.39987022,6.0613183e-05
11535,0.8733229,0.0045032725,0.7229184,0.27028757,0.00022693386
11536,0.5835,0.03803509,0.66617113,0.61462533,0.00021152887
11537,0.2899745,0.0035380863,0.5031509,0.5974318,0.00018814208
11538,0.7201715,0.027220903,0.5758862,0.77881753,0.00010804956
11539,0.3784591,0.07978202,0.6001298,0.783823,5.104191e-05
11540,0.7675156,0.019568674,0.929951,0.6423203,0.00029827765
11541,0.4759859,0.05975658,0.6649755,0.6252093,0.00014313738
11542,0.41667795,0.012479699,0.42739674,0.570451,0.00029137006
11543,0.19482698,0.01374232,0.80022407,0.70212173,0.00059071044
11544,0.74186105,0.0032099616,0.7088176,0.7604728,4.1013736e-05
11545,0.70669675,0.0023231625,0.7823301,0.8578872,0.00019716943
11546,0.5861676,0.02854415,0.22354652,0.8115267,0.0017207355
11547,0.80348235,0.015906392,0.43758315,0.35936412,0.0005132579
11548,0.78596646,0.045183755,0.46809152,0.5877065,3.0006622e-05
11549,0.761893,0.03882902,0.49265724,0.7849791,3.7636448e-05
11550,0.81286734,0.0020269002,0.24689633,0.7446563,0.00028910325
11551,0.6393984,0.002019014,0.6928498,0.7727022,0.00040133507
11552,0.6791787,0.03114383,0.7890712,0.55525434,0.00050137425
11553,0.80746067,0.0228462,0.2881683,0.65445316,0.00027159214
11554,0.58308464,0.00685048,0.56022257,0.54743385,0.087252244
11555,0.22354652,0.0036358088,0.2710587,0.4563492,0.011687257
11556,0.75110084,0.0077555366,0.7767923,0.5103745,0.08122776
11557,0.47186202,0.0071491017,0.60159355,0.6699608,0.0824015
11558,0.6260099,0.08740792,0.7733876,0.7871142,0.061199225
11559,0.7280721,0.008219693,0.66985285,0.375821,0.09704756
11560,0.6226888,0.0010733063,0.40162915,0.7058864,0.0433658
11561,0.78481424,0.0013511209,0.33220208,0.8233284,0.27192786
11562,0.49717334,0.002889581,0.69471705,0.5575743,0.1201288
11563,0.50117207,0.0012545944,0.6547844,0.5892437,0.17967445
11564,0.7337381,0.009196552,0.24544658,0.69760895,0.14128143
11565,0.75110084,0.010248602,0.3752485,0.64657176,0.053107902
11566,0.8234704,0.005080037,0.36556992,0.57773364,0.20737518
11567,0.2961451,0.02532306,0.112405084,0.8393393,0.0930168
11568,0.25608712,0.0057749297,0.3063195,0.32391453,0.06512755
11569,0.70911986,0.0139557095,0.24006125,0.67640615,0.12940274
11570,0.48694143,0.0015548134,0.7001778,0.66061044,0.19042274
11571,0.56535876,0.05899303,0.8077641,0.7435406,0.060086653
11572,0.65445316,0.00930395,0.72496766,0.6543428,0.3307954
11573,0.64590204,0.010408314,0.692122,0.5873515,0.24220563
11574,0.39711982,0.00502115,0.16118816,0.79486305,0.23458195
11575,0.68320817,0.008711385,0.5966095,0.5637983,0.17738296
11576,0.8470844,0.010209055,0.7701192,0.70304,0.15546273
11577,0.41294438,0.010248602,0.19620942,0.46569124,0.13672362
11578,0.81242126,0.016914913,0.47568145,0.5881205,0.035611413
11579,0.7923036,0.011419615,0.5500334,0.7720154,0.11656274
11580,0.6649755,0.005576545,0.7169128,0.8010035,0.16559312
11581,0.23581158,0.015784562,0.70740473,0.6927459,0.03321117
11582,0.7627777,0.46253374,0.43572143,0.51996315,0.1322902
11583,0.6654106,0.6929537,0.35153365,0.7588682,0.039195135
11584,0.54897577,0.84286314,0.4697179,0.28051782,0.016090874
11585,0.4505407,0.40574303,0.16572809,0.8614217,0.07978202
11586,0.6779006,0.68098474,0.5378001,0.6012424,0.07409726
11587,0.50917715,0.93367314,0.7148271,0.9193534,0.05899303
11588,0.5837967,0.5870556,0.7070003,0.8976953,0.099820666
11589,0.95379424,0.55700207,0.5919591,0.41917235,0.11143445
11590,0.42662016,0.84632385,0.36409897,0.47142097,0.0894546
11591,0.3774259,0.51036686,0.81047887,0.5571226,0.045015533
11592,0.34015632,0.7403621,0.66985285,0.57015187,0.09057447
11593,0.49379,0.63307005,0.87147486,0.20354916,0.2596379
11594,0.4675749,0.5071559,0.50163364,0.58587146,0.36863297
11595,0.5983122,0.30996287,0.7169128,0.13128456,0.17895588
11596,0.21900326,0.66725606,0.6238353,0.34268153,0.14342749
11597,0.33241877,0.2155158,0.4712537,0.2338813,0.22867285
11598,0.65190905,0.45856085,0.6738359,0.6533481,0.060197048
11599,0.54719186,0.45725787,0.3051794,0.6837363,0.28417853
11600,0.81167597,0.7068991,0.2166738,0.6084777,0.0128707485
11601,0.9130583,0.8267118,0.3110082,0.46587348,0.3970029
11602,0.71163136,0.8301815,0.4700676,0.5925487,0.19852993
11603,0.62360615,0.6952346,0.24963011,0.49874976,0.26759952
11604,0.7718435,0.40344933,0.5683559,0.63725656,0.501832
11605,0.83748704,0.31869715,0.51125145,0.1732882,0.037256766
11606,0.66432256,0.8244619,0.30136204,0.39711982,0.053206205
11607,0.79787195,0.8543993,0.53291136,0.7399865,0.12863456
11608,0.78596646,0.6679062,0.7296161,0.37296185,0.037963696
11609,0.8468312,0.6769403,0.26189688,0.82949203,0.028382124
11610,0.25813895,0.6020031,0.45283836,0.8508408,0.05350215
11611,0.24023944,0.39606816,0.6313671,0.7606507,0.05592617
11612,0.46879062,0.80746067,0.7701192,0.7841538,0.03155902
11613,0.8260112,0.6782204,0.47734097,0.891055,0.025662705
11614,0.7636601,0.59819484,0.22695492,0.41822162,0.046464663
11615,0.636692,0.2795334,0.85919183,0.603815,0.037892427
11616,0.77390057,0.73810315,0.76242405,0.58593065,0.0045384318
11617,0.51359224,0.16092426,0.595669,0.83907574,0.0025509123
11618,0.66093874,0.5503355,0.40497798,0.644337,0.02964751
11619,0.2766905,0.3851434,0.54894555,0.6709318,0.007489625
11620,0.2934045,0.8152325,0.10194652,0.69191384,0.02947941
11621,0.61254144,0.69461346,0.7516481,0.715424,0.003311519
11622,0.7554566,0.5294154,0.7905303,0.62589556,0.008610767
11623,0.5699125,0.4581063,0.37662312,0.78613067,0.027376488
11624,0.9396923,0.3624049,0.29370826,0.7331653,0.004556114
11625,0.9064877,0.7725307,0.309128,0.64957863,0.016466174
11626,0.86408126,0.43314204,0.7287483,0.46465865,0.051177494
11627,0.67800725,0.6723317,0.684475,0.7772999,0.018334452
11628,0.4167373,0.9147487,0.5448014,0.8311431,0.003692853
11629,0.42626187,0.7864589,0.695338,0.6737286,0.008380453
11630,0.5669778,0.70578504,0.53196925,0.6867903,0.0018031665
11631,0.70304,0.34997693,0.53479475,0.6694208,0.012673736
11632,0.7512834,0.22151907,0.10875559,0.7762839,0.0074606435
11633,0.6142783,0.52970433,0.5092382,0.6130049,0.007232764
11634,0.6705004,0.659734,0.71253234,0.6699608,0.012527932
11635,0.56313777,0.40486038,0.8838389,0.5539879,0.012194132
11636,0.7411123,0.3340461,0.79502225,0.68352515,0.06644793
11637,0.61503005,0.8392076,0.4347013,0.66268736,0.007815889
11638,0.8478418,0.56997234,0.06512755,0.441372,0.01678549
11639,0.7136312,0.3106944,0.7314424,0.38341042,0.0013777326
11640,0.42244506,0.4721054,0.6234915,0.5626572,0.011331754
11641,0.38225675,0.4911127,0.46602532,0.8418256,0.018978037
11642,0.6782204,0.84260434,0.7295198,0.4598947,0.010448625
11643,0.7478001,0.76803803,0.5946101,0.39140594,0.011597362
11644,0.32723817,0.6631238,0.50185585,0.70058763,0.0074030147
11645,0.4076871,0.92441523,0.345326,0.8321002,0.03711691
11646,0.64968973,0.28180072,0.71552336,0.62010413,0.08299415
11647,0.7796575,0.68710536,0.0016420668,0.3786888,0.0018243829
11648,0.81257004,0.30590463,0.0013045066,0.45117536,0.7276853
11649,0.4489396,0.33676714,0.00034196206,0.53309363,0.96021223
11650,0.27067295,0.28368217,0.00069054146,0.2617081,0.77848095
11651,0.5839153,0.1821344,0.0018315102,0.7399865,0.57564765
11652,0.35925174,0.40192252,0.00016865275,0.7188905,0.8039445
11653,0.38387224,0.30819026,9.83812e-05,0.3707948,0.6159545
11654,0.26057756,0.72691053,0.00071802974,0.44477576,0.93045825
11655,0.22712629,0.54685915,0.0006337125,0.6846858,0.28776783
11656,0.59066117,0.36738378,0.00014202365,0.65522575,0.8484707
11657,0.4179246,0.7689067,0.00062389387,0.31320965,0.83250916
11658,0.5093297,0.65445316,0.0005747862,0.6046324,0.38966265
11659,0.4740985,0.46317106,0.00030534892,0.51385903,0.7309625
11660,0.33274388,0.10320506,0.00072932884,0.4329023,0.36037648
11661,0.61080176,0.7970834,0.00035143827,0.7031419,0.51278406
11662,0.5843305,0.81859183,0.00025915826,0.38769034,0.8372211
11663,0.60241246,0.6021201,0.00037850367,0.70232594,0.6706083
11664,0.45816684,0.8234704,0.0012448432,0.46930745,0.51805854
11665,0.7841538,0.5301301,0.00012632043,0.5842712,0.64243245
11666,0.6673645,0.22000709,0.0037654135,0.6752295,0.6178009
11667,0.84479356,0.5957866,0.0015854308,0.5607639,0.66257817
11668,0.40303808,0.58130306,0.00026530237,0.31647488,0.46596462
11669,0.5431359,0.7320175,0.00031999825,0.62623847,0.64579034
11670,0.63000226,0.60504085,0.000118667966,0.69750595,0.7523766
11671,0.7424217,0.88263035,0.0003935756,0.69368047,0.6974029
11672,0.28012377,0.7818308,0.00024923251,0.7044652,0.6071974
11673,0.23039988,0.4697483,0.00021654405,0.76506716,0.2797301
11674,0.2664527,0.4827949,0.00025118678,0.41667795,0.86177105
11675,0.45971277,0.5040893,0.0001823546,0.2562732,0.64623696
11676,0.66562796,0.23704566,0.0010817152,0.52541447,0.84695786
11677,0.62245935,0.72389543,0.00084264233,0.4423956,0.88161486
11678,0.56049323,0.28967303,0.0006337125,0.51877475,0.6948206
11679,0.6222298,0.4831759,0.00081355654,0.3053865,0.2899745
11680,0.2683658,0.25813895,7.426381e-05,0.43134466,0.6715783
11681,0.56019247,0.41578814,0.00034464317,0.5643386,0.3274532
11682,0.70952255,0.21354114,0.00038446192,0.5935504,0.7329743
11683,0.69699055,0.5772571,0.0005378764,0.70232594,0.8062431
11684,0.8159669,0.8899121,0.00025315638,0.49683383,0.8552477
11685,0.5026531,0.64712954,0.0005838325,0.74871993,0.6288634
11686,0.66137636,0.6845804,0.0029121784,0.68573904,0.5575442
11687,0.44387162,0.21076629,0.0010162441,0.28907055,0.790692
11688,0.42113516,0.1284158,0.0004859561,0.7189892,0.21967213
11689,0.60077405,0.44634387,7.141902e-05,0.20817892,0.3431216
11690,0.9059898,0.22575782,0.00041406954,0.3682921,0.48241386
11691,0.84479356,0.43914595,0.0001535624,0.51282984,0.6706083
11692,0.3695426,0.7148271,0.5911923,0.498086,0.3454364
11693,0.6460137,0.12262825,0.8062431,0.38815406,0.7126323
11694,0.8441522,0.45014787,0.8407826,0.4480942,0.9012275
11695,0.3413629,0.32541335,0.6375951,0.38763237,0.6221725
11696,0.47759986,0.7604728,0.8828326,0.42930976,0.7182981
11697,0.5084068,0.82261705,0.7926248,0.82573026,0.67608553
11698,0.36093944,0.27405986,0.3037318,0.7412996,0.8451773
11699,0.4220877,0.4982338,0.75292206,0.33884242,0.891811
11700,0.46122912,0.54195434,0.56985265,0.5548323,0.8929365
11701,0.5391349,0.5139048,0.7345006,0.0658447,0.8715842
11702,0.702938,0.7318259,0.65665823,0.10932483,0.5081017
11703,0.6756576,0.6365791,0.70181525,0.07544843,0.65423226
11704,0.27512974,0.59313804,0.744842,0.3262714,0.80837
11705,0.52020687,0.089136936,0.882022,0.16331197,0.75635755
11706,0.34257153,0.4826882,0.6157235,0.5043601,0.57749534
11707,0.30725408,0.45057088,0.39350155,0.08166611,0.8623517
11708,0.30933657,0.5813625,0.7088176,0.6592955,0.6453435
11709,0.42656043,0.55935025,0.69699055,0.41626263,0.64097303
11710,0.62337685,0.20402452,0.28716773,0.4238157,0.48998398
11711,0.7690802,0.56685793,0.43704247,0.5415301,0.8509647
11712,0.39204586,0.48329782,0.56067365,0.5343999,0.49604803
11713,0.42757598,0.7791538,0.19620942,0.54912686,0.5789839
11714,0.21436232,0.21027938,0.89858866,0.74316794,0.56511873
11715,0.3497548,0.3063195,0.6904547,0.6420959,0.5750511
11716,0.36590973,0.6521306,0.66061044,0.6274948,0.16344544
11717,0.27454585,0.35633466,0.75110084,0.8152325,0.7028361
11718,0.43770334,0.41750893,0.7277821,0.39706135,0.5287311
11719,0.26798248,0.45640978,0.8493474,0.2952299,0.6284074
11720,0.70058763,0.6365791,0.82782817,0.49443838,0.81640637
11721,0.37639388,0.5758266,0.7834919,0.5479479,0.8951567
11722,0.21354114,0.48541674,0.51770806,0.2639787,0.88100195
11723,0.63601404,0.47517908,0.6751224,0.65610766,0.38156518
11724,0.39472577,0.5758862,0.9084556,0.6305712,0.45165902
11725,0.24220563,0.67854,0.8269914,0.52994764,0.53154373
11726,0.7191864,0.450994,0.5895392,0.7474317,0.9257686
11727,0.7720154,0.6759785,0.43518126,0.078078166,0.61068565
11728,0.75110084,0.5759458,0.23405631,0.14306793,0.5526
11729,0.48538622,0.17469168,0.8413048,0.2607658,0.61589676
11730,0.325199,0.66061044,0.51115996,0.60568243,0.29178745
11731,0.8517063,0.467818,0.49730685,0.4132995,0.649912
11732,0.5657786,0.765418,0.73810315,0.52229357,0.6186652
11733,0.74298155,0.73961055,0.7490872,0.36568317,0.41828102
11734,0.34114337,0.702428,0.4827644,0.71163136,0.5910743
11735,0.39560106,0.7337381,0.75036985,0.41010642,0.46511415
11736,0.29310086,0.26133093,0.68236214,0.00033535014,0.41638127
11737,0.8171371,0.570451,0.56463873,0.00057703455,0.52657104
11738,0.8410439,0.60241246,0.5681163,0.0003859661,0.66985285
11739,0.86339164,0.8217605,0.7422349,0.0014269596,0.91891783
11740,0.36965632,0.55525434,0.9005298,0.0003982131,0.8369547
11741,0.5175861,0.28497383,0.708616,0.0029694452,0.868938
11742,0.41697466,0.53321517,0.2725083,0.0003889921,0.6807725
11743,0.56385833,0.38647398,0.75851065,0.00014091856,0.39437586
11744,0.22901751,0.47056934,0.81479084,0.00014539114,0.38058627
11745,0.20769641,0.16465074,0.7090191,0.00046552691,0.7272981
11746,0.4869033,0.5484317,0.69191384,0.0006693099,0.9184803
11747,0.6738359,0.7084144,0.8550057,0.001032231,0.5168393
11748,0.35432136,0.33491564,0.54661715,0.00046552691,0.7942254
11749,0.46596462,0.41596606,0.4762447,0.00069867563,0.7577944
11750,0.648689,0.79438496,0.48267296,0.00016603847,0.44332927
11751,0.00059071044,0.24762337,0.572185,0.00025915826,0.5581765
11752,0.00016093082,0.40503684,0.5621164,0.00074953143,0.8248855
11753,0.003235056,0.5952573,0.70679796,0.00029137006,0.6855286
11754,0.00026119032,0.6203916,0.7291342,0.00015598028,0.39245325
11755,0.0006538155,0.26971012,0.6771539,0.0011604197,0.3088152
11756,0.00046371284,0.5053595,0.62509483,0.00033535014,0.27163795
11757,0.000110611596,0.19117662,0.7337381,0.0015731122,0.7026321
11758,0.00019563535,0.36455128,0.73335636,0.00046734812,0.85669243
11759,0.000932636,0.8155265,0.58604914,0.0007321813,0.48562256
11760,0.00096975197,0.35745537,0.93980294,0.0005053046,0.82118756
11761,0.0006166297,0.5788053,0.55760443,0.0008899655,0.7288448
11762,0.00020342697,0.44927186,0.82768893,7.141902e-05,0.5661984
11763,0.00020184422,0.4825663,0.49985924,0.00040448149,0.45011768
11764,0.00036259004,0.5850419,0.7044652,0.00090750254,0.5660785
11765,0.00029827765,0.47980833,0.9526623,0.83999664,0.6318215
11766,0.0020587533,0.48911455,0.18025091,0.8076124,0.34620965
11767,0.0006798429,0.33014715,0.67854,0.8632764,0.8118252
11768,0.00037118542,0.44936243,0.3443332,0.89199936,0.4810272
11769,0.00023782204,0.13432106,0.70568365,0.6964747,0.43914595
11770,0.00020662983,0.27289566,0.117572136,0.72545415,0.8987666
11771,0.0008295892,0.40544873,0.5802926,0.5696731,0.56154543
11772,0.0005442133,0.33220208,0.14706452,0.87966454,0.7411123
11773,0.00071244594,0.8653379,0.51676315,0.8370879,0.2961451
11774,0.00033535014,0.8657925,0.52040493,0.6033477,0.3382957
11775,0.00035557945,0.10762492,0.66115755,0.38421875,0.58284724
11776,0.001867566,0.28537196,0.6751224,0.8794577,0.7898827
11777,0.0005527786,0.7261344,0.39012724,0.5281075,0.7151257
11778,0.00041245588,0.47791964,0.51662594,0.7604728,0.19314739
11779,0.0001634647,0.77081,0.4121752,0.5971381,0.19223589
11780,3.913565e-05,0.5066181,0.75725627,0.7352616,0.42817363
11781,0.00022341637,0.5223697,0.50537467,0.31827325,0.48914507
11782,0.00020662983,0.29431638,0.72990495,0.52506447,0.49284795
11783,0.00014883849,0.4541998,0.45202187,0.46657214,0.35689482
11784,0.0006166297,0.91259205,0.4073334,0.41733086,0.46696714
11785,0.00028021098,0.44860741,0.6292052,0.7308665,0.528868
11786,0.00024923251,0.46174484,0.8879841,0.8669231,0.19223589
11787,0.0006771943,0.633637,0.9380106,0.52590144,0.56787676
11788,0.00033015272,0.42930976,0.7576151,0.48861894,0.7523766
11789,0.00010391067,0.57182634,0.8814109,0.53339744,0.8109285
11790,9.3145936e-05,0.5101381,0.5745738,0.77881753,0.64074826
11791,0.0015854308,0.87997437,0.8330532,0.8708172,0.8698252
11792,0.00055062474,0.91565824,0.6773673,0.798344,0.27357438
11793,0.00022693386,0.3161581,0.8292156,0.8349459,0.70089483
11794,0.0006190417,0.6266955,0.82460326,0.28437722,0.7774689
11795,0.00046552691,0.3237007,0.8624676,0.9237301,0.282493
11796,0.60247093,0.690872,0.692538,0.42447165,0.23899394
11797,0.9639839,0.42787477,0.7285552,0.36217928,0.6872103
11798,0.6296607,0.477006,0.3508661,0.84859616,0.3332862
11799,0.56022257,0.36681652,0.7181004,0.84632385,0.6806664
11800,0.7026321,0.510405,0.78613067,0.5814219,0.49850366
11801,0.69461346,0.00016865275,0.7371582,0.50638545,0.4023334
11802,0.64567864,0.0013354007,0.29118237,0.2946207,0.68710536
11803,0.7834919,0.0012893283,0.72749174,0.50267786,0.59966093
11804,0.9467938,0.00024536948,0.8657925,0.80700475,0.6318215
11805,0.9512329,0.00018522576,0.8275496,0.7291342,0.5325771
11806,0.6874202,0.0012793075,0.5850419,0.20181322,0.5476757
11807,0.679923,0.00047101185,0.75635755,0.6135839,0.53649503
11808,0.87037706,0.00017130819,0.7764535,0.72389543,0.4385748
11809,0.32188618,0.0001634647,0.7265227,0.85342485,0.47107115
11810,0.8100285,0.00015843622,0.6438893,0.52425766,0.7244806
11811,0.805173,0.00047285444,0.8118252,0.30923226,0.48020446
11812,0.906156,0.00013032975,0.6664968,0.8224745,0.13649325
11813,0.43488124,0.00026323833,0.68236214,0.7592254,0.54567915
11814,0.4527174,0.00026323833,0.79036856,0.31184584,0.5813625
11815,0.7687332,0.00090396777,0.39957732,0.7942254,0.44755083
11816,0.767167,0.00076729245,0.003945407,0.45184046,0.722527
11817,0.7439129,4.985958e-05,0.0054059005,0.8414352,0.3880961
11818,0.5813625,0.00015720345,0.009936419,0.3860688,0.5164888
11819,0.8934954,0.0006615174,0.0037362205,0.65168744,0.2897735
11820,0.8394709,0.0021405893,0.0070664007,0.7130322,0.443962
11821,0.7627777,0.00028910325,0.0012303583,0.49714667,0.40957496
11822,0.37376153,0.00016219282,0.0024438868,0.4006321,0.087096825
11823,0.68394744,0.00010804956,0.00044421837,0.5122122,0.4165593
11824,0.7636601,5.874842e-05,0.005099818,0.6292052,0.7325918
11825,0.6900372,0.00014091856,0.0053225355,0.7160201,0.89010334
11826,0.6676896,0.00012830943,0.0018172832,0.59231293,0.33176893
11827,0.84859616,0.0005420927,0.018761083,0.41626263,0.3193336
11828,0.6535693,0.0020427648,0.015424552,0.42059958,0.23144047
11829,0.39198765,0.00010229985,0.00065126823,0.7666432,0.9240048
11830,0.70344764,0.00012436225,0.00619299,0.4875362,0.5979014
11831,0.62452257,6.605215e-05,0.0041824942,0.4525964,0.8862236
11832,0.74521303,0.00027159214,0.007606672,0.5871148,0.22236224
11833,0.7576151,0.0003150387,0.005343256,0.5278185,0.29088014
11834,0.6838419,0.00013238186,0.00685048,0.2594502,0.55404824
11835,0.8233284,0.00049553596,0.012576348,0.74521303,0.5084068
11836,0.7518304,0.0006142272,0.0074030147,0.83467656,0.2939109
11837,0.6834195,9.535461e-05,0.014842416,0.6116719,0.37364724
11838,0.58023316,0.00029137006,0.0010987311,0.7953404,0.57773364
11839,0.75617754,0.5852789,0.0022606407,0.77814394,0.09636511
11840,0.8653379,0.60690624,0.0013831174,0.5548022,0.48177385
11841,0.37136456,0.67875296,0.004556114,0.54592127,0.35186765
11842,0.68162084,0.583144,0.0018530593,0.5238467,0.49758533
11843,0.73848045,0.7834919,0.012771867,0.2467148,0.8262917
11844,0.6684475,0.6090011,0.0015978456,0.36636302,0.2712517
11845,0.4473094,0.87810534,0.010489091,0.5137218,0.86476797
11846,0.8802834,0.5672775,0.003135836,0.69637144,0.7643643
11847,0.82432055,0.6139312,0.0045208177,0.7520126,0.73392886
11848,0.78032786,0.5656587,0.009232215,0.5574238,0.36749724
11849,0.63000226,0.82118756,0.0023596608,0.74521303,0.5100923
11850,0.6254381,0.4494228,0.0006851713,0.32188618,0.48803174
11851,0.78613067,0.71353143,0.002074867,0.17766815,0.6618136
11852,0.5771379,0.5532036,0.0008072305,0.68215036,0.5987229
11853,0.6753365,0.78282857,0.0015669889,0.7177049,0.14045411
11854,0.8498466,0.6268098,0.009746104,0.79581684,0.6723317
11855,0.8162599,0.4035081,0.014785407,0.6303436,0.347205
11856,0.85342485,0.38827002,0.00046734812,0.81167597,0.64980084
11857,0.85729086,0.853669,0.014227047,0.49258092,0.49159324
11858,0.5636182,0.4274565,0.0008796062,0.55552566,0.40544873
11859,0.9238675,0.5158333,0.0046095722,0.58959824,0.25367606
11860,0.7574357,0.7531037,0.0042646346,0.74761593,0.6293191
11861,0.8410439,0.7967673,0.0037654135,0.7841538,0.33545968
11862,0.81582016,0.31268474,0.0020667946,0.6444489,0.45974305
11863,0.7992857,0.43074587,0.00189692,0.6885731,0.5069271
11864,0.7403621,0.65168744,0.002693914,0.56847566,0.58195657
11865,0.72671664,0.80162543,0.0021997981,0.29067874,0.5307078
11866,0.8480936,0.6657367,0.005240449,0.29421496,0.54534626
11867,0.69750595,0.7620701,0.37296185,0.7090191,0.7718435
11868,0.35209036,0.7426084,0.09756223,0.9147487,0.23970512
11869,0.8708172,0.3685193,0.13857833,0.6307987,0.5636782
11870,0.8478418,0.5839746,0.021044567,0.7040584,0.3820838
11871,0.61952883,0.59690315,0.07004896,0.787768,0.38087407
11872,0.54049945,0.265309,0.06052939,0.7823301,0.16532342
11873,0.60264635,0.83467656,0.05592617,0.41638127,0.5357361
11874,0.82275945,0.78282857,0.009974921,0.43122488,0.54704064
11875,0.79645085,0.8812066,0.027901376,0.8283842,0.5909563
11876,0.4272772,0.5892437,0.09842541,0.6713628,0.610047
11877,0.7077078,0.72603726,0.04569203,0.8895288,0.4392662
11878,0.6237207,0.8601343,0.076683804,0.28876963,0.56745726
11879,0.34477428,0.45338288,0.10875559,0.46168414,0.112600096
11880,0.43092552,0.7496374,0.15960999,0.28897023,0.57391727
11881,0.83467656,0.91367656,0.064065434,0.41970742,3.3474687e-05
11882,0.71711093,0.32917604,0.009340025,0.5816002,0.00028910325
11883,0.62589556,0.78099674,0.07544843,0.4920203,0.00081355654
11884,0.8962514,0.59083825,0.12678517,0.6213686,0.00016474655
11885,0.630685,0.6074885,0.03963884,0.34191203,0.00050137425
11886,0.947381,0.44203427,0.026759284,0.8198933,0.00053578056
11887,0.89982784,0.7687332,0.15830442,0.5966682,8.888085e-05
11888,0.5897164,0.6008912,0.14211279,0.6562178,0.00017536995
11889,0.5246991,0.66562796,0.0913821,0.7169128,8.957789e-05
11890,0.4151952,0.7358315,0.023330769,0.7576151,0.00039977103
11891,0.63476974,0.7076068,0.031439852,0.5087958,0.00024536948
11892,0.7017131,0.6525736,0.023644341,0.6977119,0.0008693674
11893,0.6803479,0.3274532,0.14270912,0.013532149,0.0001823546
11894,0.69191384,0.629433,0.032713123,0.021822825,0.00046371284
11895,0.45889425,0.83031917,0.029591374,0.016090874,0.0003406293
11896,0.8171371,0.8873999,0.007907292,0.0059571536,0.00050137425
11897,0.49681288,0.50890255,0.16079243,0.003197487,0.000118667966
11898,0.63443005,0.4520823,0.15752527,0.0015188508,0.00014768039
11899,0.54461974,0.5184243,0.19806418,0.01572399,0.00012931564
11900,0.57367843,0.5915463,0.3991674,0.0058653383,0.00045121065
11901,0.45895487,0.5902479,0.008644178,0.019719128,0.00035697065
11902,0.76242405,0.84260434,0.030502053,0.014281933,0.0011247575
11903,0.5953161,0.674801,0.018089995,0.010652511,0.0007408056
11904,0.46985474,0.3636469,0.024845436,0.015543648,0.00036543285
11905,0.9253649,0.6576484,0.0054692747,0.0011972112,0.00036829791
11906,0.4760772,0.6328432,0.02763772,0.018334452,0.00026947918
11907,0.46128976,0.4097521,0.026912304,0.0023504829,0.00029827765
11908,0.674801,0.8086723,0.027066175,0.0131212715,0.0003366622
11909,0.5325771,0.6679062,0.089136936,0.023197627,0.000310156
11910,0.41614398,0.73278314,0.03574581,0.008610767,0.00025714198
11911,0.8509647,0.96021223,0.1360335,0.0040701376,0.0001823546
11912,0.7119319,0.7156228,0.045862664,0.011732464,4.1013736e-05
11913,0.817283,0.24310297,0.09268778,0.0107767265,0.00017536995
11914,0.8923751,0.690246,0.022759154,0.0029926654,0.0002959571
11915,0.4898848,0.6206216,0.03378023,0.0022872277,6.922184e-05
11916,0.6735139,0.32691577,0.30105373,0.0019494022,7.662102e-05
11917,0.8524448,0.3907083,0.14804721,0.005343256,0.0006166297
11918,0.34477428,0.12126888,0.03327394,0.0039300853,0.597373
11919,0.6633419,0.47405285,0.0048297215,0.013325147,0.9183339
11920,0.70354944,0.49266866,0.008711385,0.027014792,0.5988988
11921,0.5647587,0.3680649,0.05155819,0.0024249144,0.86860406
11922,0.95775455,0.64846635,0.073164724,0.010328152,0.57182634
11923,0.6754436,0.65808797,0.01243165,0.0058199596,0.6899327
11924,0.5783291,0.53816414,0.0015792594,0.009196552,0.7890712
11925,0.59331477,0.43086562,0.0058199596,0.0060269516,0.6735139
11926,0.7543726,0.783823,0.0003726377,0.00305151,0.79565805
11927,0.74502754,0.8121234,0.00012931564,0.03527755,0.37989587
11928,0.790692,0.57511085,0.0003125878,0.028114058,0.59678566
11929,0.8304567,0.4482451,0.0006070756,0.0021489493,0.41970742
11930,0.90878,0.426441,0.0011291547,0.0015367271,0.6102212
11931,0.94994867,0.744842,0.0021657674,0.008478402,0.77407146
11932,0.7242856,0.8213309,0.00090044667,0.16238004,0.8513358
11933,0.35131106,0.84363765,0.0017821963,0.15778464,0.7151257
11934,0.8866169,0.62772304,0.00052542303,0.23300752,0.8912444
11935,0.742048,0.91086304,0.0018102111,0.04885778,0.6237207
11936,0.39846498,0.7009972,0.0007916296,0.037821285,0.6220577
11937,0.7893961,0.51845473,0.00016219282,0.12732674,0.5054014
11938,0.659734,0.40192252,0.00078547397,0.029035643,0.91274774
11939,0.71243227,0.84834504,0.00057703455,0.0154839875,0.8840393
11940,0.7399865,0.7818308,0.0002959571,0.03314852,0.8734309
11941,0.5610945,0.14718705,0.00072648755,0.052424565,0.76942694
11942,0.61074376,0.7733876,0.0020348171,0.076407686,0.8365546
11943,0.82893884,0.6410854,0.0019494022,0.091220066,0.7602949
11944,0.76100606,0.62977463,0.00042058743,0.04885778,0.66082937
11945,0.0037800956,0.5900117,0.0017274586,0.06791668,0.84594244
11946,0.0033897832,0.56154543,0.0011832798,0.1187934,0.7371582
11947,0.004248079,0.5492478,0.00044945232,0.06632687,0.6831025
11948,0.0094125895,0.5816002,0.0015854308,0.0551069,0.8611883
11949,0.0019342611,0.82104415,0.0031480708,0.0228462,0.7157221
11950,0.0034698907,0.41869694,0.0027255826,0.016466174,0.7019174
11951,0.0016356753,0.6253237,0.00198004,0.026155617,0.8288003
11952,0.0019117695,0.15778464,0.0018895386,0.023962023,0.86860406
11953,0.0059571536,0.6401861,0.0012351678,0.0145595195,0.9263037
11954,0.008881675,0.76838577,0.0006798429,0.054903854,0.66671383
11955,0.0066153924,0.47367242,0.00045474793,0.005842605,0.9027811
11956,0.0054692747,0.9260366,0.0028449097,0.03044435,0.54516464
11957,0.0047000605,0.74298155,0.0012545944,0.12538631,0.9390248
11958,0.0014895174,0.91086304,0.00092900335,0.21436232,0.5835
11959,0.037750274,0.8583628,0.0013458604,0.053899154,0.57540905
11960,0.016529556,0.50504667,0.0013406203,0.07850098,0.87768656
11961,0.018089995,0.44990614,0.0012399962,0.13834533,0.91006696
11962,0.0027149853,0.21967213,0.00023782204,0.08021325,0.81859183
11963,0.0066153924,0.50481015,0.00305151,0.09318171,0.692538
11964,0.013795364,0.7292306,0.01243165,0.20134172,0.7844842
11965,0.020177318,0.40069073,0.0015427324,0.042642392,0.88543355
11966,0.004133968,0.3339375,0.00016865275,0.035012625,0.87883514
11967,0.0069576087,0.5707501,0.0003125878,0.024376597,0.7874412
11968,0.0031726826,0.49054834,0.00014202365,0.19132768,0.6713628
11969,0.0018458483,0.3816228,0.0019117695,0.004810983,0.7926248
11970,0.003197487,0.5730812,0.0002287133,0.09704756,0.4252472
11971,0.0053225355,0.01778039,0.00023231418,0.058776557,0.9107044
11972,0.0029579026,0.0025809042,0.00021318757,0.04296247,0.90747637
11973,0.0013564017,0.0069306716,0.00019110432,0.0046818224,0.9449947
11974,0.0024822769,0.025226826,0.0004076526,0.0349467,0.8830344
11975,0.002019014,0.0069306716,0.0007096704,0.01678549,0.68352515
11976,0.0032858334,0.014672035,6.976471e-05,0.001032231,0.44652492
11977,0.002217013,0.02237146,0.00028021098,0.0008693674,0.32949957
11978,0.014281933,0.01919745,0.0014269596,0.0008626078,0.53269863
11979,0.02732453,0.0087791085,0.0004897656,0.0059803305,0.6907677
11980,0.0030396497,0.0011559009,0.00015720345,0.0003150387,0.32252598
11981,0.0060503976,0.01812472,0.00038296366,0.004468384,0.71032697
11982,0.0029810327,0.0040860027,0.00015476662,0.0029926654,0.17582092
11983,0.0060035964,0.0010859444,0.0003175088,0.0025809042,0.70058763
11984,0.011687257,0.0027469008,0.00016865275,0.009376237,0.4325427
11985,0.002889581,0.016593177,0.00033797944,0.0005976694,0.46171448
11986,0.009376237,0.004166256,0.00012632043,0.0005399804,0.86613256
11987,0.0008559007,0.00037702857,8.4811036e-05,0.0011786721,0.5679366
11988,0.004556114,0.008745182,0.0005747862,0.0016420668,0.7725307
11989,0.0016166499,0.0145595195,0.00017813111,0.0025311112,0.9305845
11990,0.007636216,0.0066411127,0.0005274784,0.0019342611,0.94240075
11991,0.003442981,0.005343256,0.00041245588,0.0019646613,0.88602656
11992,0.0064882697,0.0014048677,0.000118667966,0.001284308,0.70058763
11993,0.0011247575,0.011597362,4.7949583e-05,0.0011160142,0.6210239
11994,0.0064882697,0.0043994132,7.031184e-05,0.0012018913,0.745954
11995,0.002472623,0.01433703,0.0005463421,0.00930395,0.18111832
11996,0.005080037,0.0024438868,0.00013658353,0.0023596608,0.891055
11997,0.0021912407,0.007695647,0.00025315638,0.00041406954,0.69853514
11998,0.031678624,0.0029235429,0.00023782204,0.0006615174,0.90878
11999,0.10230471,0.0003275843,0.0008231386,0.0016420668,0.9012275
12000,0.07696084,0.0003366622,0.00014539114,0.0007947255,0.23074637
12001,0.06176271,0.006097562,0.0003740956,0.001107339,0.938124
12002,0.018978037,0.015247591,0.00028021098,0.0016356753,0.73659015
12003,0.01243165,0.008251599,0.00049168157,0.00046371284,0.9079672
12004,0.026861202,0.0074317735,0.0003935756,0.00021995338,0.57391727
12005,0.014842416,0.0005053046,0.00032503586,0.00027372167,0.3455468
12006,0.15869519,0.0019117695,8.029784e-05,0.00502115,0.6638869
12007,0.16613355,0.0048297215,0.0003175088,0.0005193049,0.60708094
12008,0.23493282,0.008348054,0.9757161,0.0005442133,0.7152251
12009,0.13986565,0.0054059005,0.96232057,0.00081993215,0.6579781
12010,0.041307304,0.0077555366,0.9948403,0.00044945232,0.67640615
12011,0.0053849383,0.0053849383,0.98228765,0.00081038737,0.7501869
12012,0.048405956,0.00402291,0.9800149,0.0003889921,0.9436599
12013,0.13195427,0.006145092,0.99351174,0.00078241405,0.8265718
12014,0.11818139,0.0020507434,0.9729338,0.00041406954,0.7613611
12015,0.015247591,0.0017891593,0.99712163,0.00021318757,0.8698252
12016,0.16424818,0.020645931,0.97262347,0.00033535014,0.4706758
12017,0.038538497,0.0066411127,0.96309197,0.00058155763,0.63443005
12018,0.051082738,0.0009773504,0.92956835,0.0008167381,0.40151182
12019,0.07356305,0.0079997545,0.9863105,0.0012448432,0.7222333
12020,0.03615194,0.0053018946,0.9838472,0.00026119032,0.8916225
12021,0.30300948,0.004248079,0.9727791,0.00076729245,0.6960617
12022,0.08021325,0.0006142272,0.9119669,0.0011832798,0.89606965
12023,0.046205748,0.05300977,0.9931496,0.00085924764,0.8333246
12024,0.019382192,0.02898063,0.9168571,0.00030534892,0.0075772414
12025,0.043854564,0.39204586,0.9942697,0.00020184422,0.0074606435
12026,0.066934206,0.09089675,0.9683214,0.0006166297,0.000932636
12027,0.059537485,0.031084951,0.9785493,0.00077632995,0.0005636751
12028,0.23881637,0.16013464,0.98761624,0.0003668626,0.008030813
12029,0.12940274,0.01243165,0.71233225,0.00030061635,0.020685459
12030,0.105948284,0.061311536,0.9911527,0.00010637458,0.0013939502
12031,0.14342749,0.17938675,0.9552357,0.00046190585,0.007636216
12032,0.058024745,0.05592617,0.9019207,0.00052542303,0.0017614696
12033,0.24544658,0.07290027,0.9758546,0.0015367271,0.0013939502
12034,0.009633652,0.0057974015,0.9878528,0.00031999825,0.0079997545
12035,0.026455775,0.34356195,0.9780936,0.0012351678,0.005911069
12036,0.09687654,0.100172214,0.97923523,0.00017536995,0.019014435
12037,0.09568694,0.08787644,0.99256825,0.0002098831,0.029816542
12038,0.1066906,0.012920474,0.95679593,0.00040133507,0.011823394
12039,0.039490405,0.16817279,0.9939731,0.0003726377,0.0036358088
12040,0.03038675,0.07185127,0.992062,0.00038147115,0.002673006
12041,0.071981624,0.08284563,0.9883128,0.0003799845,0.004886375
12042,0.012970386,0.071332,0.9487276,0.000720838,0.0029235429
12043,0.013532149,0.03044435,0.961171,0.0035657366,0.019014435
12044,0.13568956,0.12389466,0.9925103,8.957789e-05,0.004468384
12045,0.0011559009,0.26779094,0.9882222,0.00011147904,0.011732464
12046,0.0017274586,0.13072868,0.9859364,8.092757e-05,0.003311519
12047,0.0018386652,0.04115289,0.90632194,0.00014313738,0.0013939502
12048,0.0007793661,0.007489625,0.90414387,0.000720838,0.0017752605
12049,0.0007014083,0.030675802,0.9507779,0.0002216781,0.0051797125
12050,0.0003175088,0.058453243,0.9601375,0.00023782204,0.0013250224
12051,0.0010525686,0.026455775,0.9920002,0.0011925492,0.0022518474
12052,0.00085924764,0.11536139,0.990732,0.002387409,0.0075187176
12053,0.001107339,0.036562506,0.9891816,0.0007096704,0.0010202174
12054,0.0019117695,0.2952299,0.9882222,0.0011740822,0.004848533
12055,0.0017961492,0.053107902,0.93732566,0.0008864989,0.0048674177
12056,0.002157342,0.0056200367,0.8510886,0.00038747612,0.0017821963
12057,0.0012545944,0.029535338,0.7604728,0.0005420927,0.006666932
12058,0.00050333556,0.04232459,0.9871293,0.0011469158,0.0054269433
12059,0.007606672,0.060086653,0.98197925,0.0041019293,0.004736749
12060,0.0014607495,0.06512755,0.93546456,0.00026323833,0.010368157
12061,0.0007350449,0.04054074,0.9832145,0.0005132579,0.003692853
12062,0.0107767265,0.26473838,0.98469365,0.00041406954,0.005708034
12063,0.0012113064,0.12929276,0.9769348,0.0003799845,0.010408314
12064,0.0003433,0.039195135,0.93546456,0.96050966,0.0055549247
12065,0.001882186,0.03027187,0.7898827,0.9706322,0.0139557095
12066,0.0024534282,0.037538007,0.9922444,0.97151,0.020844316
12067,0.00092538487,0.16858302,0.96232057,0.96641046,0.0022783307
12068,0.001477943,0.09285216,0.9657707,0.9817707,0.011869121
12069,0.0016420668,0.27435136,0.99529994,0.996557,0.0057749297
12070,0.0011160142,0.0119150225,0.98625773,0.98282325,0.0034162789
12071,0.008412978,0.3926279,0.9948403,0.9788344,0.007606672
12072,0.000117744596,0.04451443,0.879043,0.9899087,0.013273886
12073,0.0003393018,0.035012625,0.90632194,0.8594279,0.039342504
12074,0.0010525686,0.31216028,0.96080494,0.99209267,0.0012793075
12075,0.0009773504,0.3284217,0.99368566,0.97298527,0.0067188703
12076,0.00026119032,0.028761586,0.9683812,0.98201376,0.16899405
12077,0.0006411777,0.01784874,0.97085404,0.9622497,0.015906392
12078,0.00016093082,0.12984344,0.98439646,0.9466954,0.21076629
12079,0.00028910325,0.00074953143,0.97931457,0.98102194,0.085251234
12080,0.00045121065,0.0012693645,0.94767237,0.9791955,0.03308598
12081,0.0003327413,0.00013342,0.9628831,0.9791158,0.19620942
12082,0.0002551414,0.0016040892,0.9591543,0.90105337,0.013273886
12083,0.0004565269,0.0017821963,0.99248135,0.990732,0.08882029
12084,0.00087276706,0.0026419468,0.96903247,0.93686515,0.11971654
12085,0.0014381354,0.0003935756,0.9732915,0.9916842,0.11576065
12086,0.0016809418,0.0032224844,0.9967013,0.92495924,0.12147716
12087,0.0015307452,0.0017342081,0.9985335,0.9710193,0.050893717
12088,0.0007643033,0.0012065897,0.9788344,0.98771137,0.16995624
12089,7.905304e-05,0.00023782204,0.987375,0.95759624,0.03971326
12090,0.0001634647,0.005240449,0.97543687,0.9672869,0.15571934
12091,0.00037118542,0.00588816,0.9378969,0.9103862,0.28557116
12092,0.0011786721,0.005911069,0.9658996,0.9427181,0.15469499
12093,0.00069054146,0.003750789,0.90397453,0.97788346,0.008030813
12094,0.0003393018,0.0044337655,0.9761746,0.96741027,0.026056303
12095,0.0003150387,0.00015598028,0.9105454,0.9759464,0.05561761
12096,0.00034464317,0.00014539114,0.9091032,0.9827572,0.041384716
12097,0.0005274784,0.0010282109,0.95275027,0.95159405,0.046638038
12098,0.00035557945,0.0033634927,0.9598375,0.9686789,0.36511704
12099,0.0004424873,0.0058653383,0.88602656,0.9693242,0.19790912
12100,0.00071802974,0.0024060889,0.98588216,0.96777767,0.13557506
12101,0.00024923251,0.00050333556,0.86545163,0.97792566,0.00698465
12102,0.00023968685,0.00032250723,0.87472075,0.9765354,0.004451041
12103,9.915273e-05,0.00021485926,0.9549004,0.95775455,0.06841291
12104,0.0004390453,0.0005132579,0.97423947,0.9781772,0.087563835
12105,0.00020342697,0.003337405,0.9272316,0.99271095,0.033589505
12106,0.00031999825,0.0019192374,0.9036349,0.92683524,0.010288301
12107,0.0013993983,0.0006959537,0.96405166,0.97997653,0.056029383
12108,0.0005399804,0.00023968685,0.9668514,0.94639885,0.16145241
12109,0.00033797944,0.00057929166,0.9659639,0.9635748,0.05561761
12110,0.00049168157,0.0005132579,0.9443824,0.92956835,0.0153063545
12111,6.814872e-05,0.00058155763,0.9519527,0.98803884,0.2758119
12112,4.64744e-05,0.0006487308,0.985663,0.9237301,0.029256709
12113,0.9768908,0.0002846224,0.99014014,0.9850429,0.06941547
12114,0.9807288,0.0012255674,0.9302051,0.9911527,0.05942822
12115,0.9856076,0.0036216856,0.9963642,0.98050606,0.023599293
12116,0.99135584,0.0027576224,0.9604354,0.97074324,0.021906367
12117,0.98892784,0.0011740822,0.9916196,0.9863105,0.08993301
12118,0.97467697,0.0140636265,0.99666256,0.9551521,0.028274601
12119,0.96080494,0.0013723687,0.9916196,0.8850366,0.10706346
12120,0.9608783,0.0010005044,0.9457011,0.98761624,0.012771867
12121,0.99378294,0.0026419468,0.96777767,0.9694401,0.058776557
12122,0.9925103,0.0012545944,0.97414124,0.9623913,0.0012207952
12123,0.98707944,0.0007643033,0.9516839,0.9814534,0.0015129384
12124,0.9403531,0.00028910325,0.95013416,0.9920312,0.0026626128
12125,0.99544394,0.00072932884,0.98050606,0.99158704,0.001882186
12126,0.99029154,0.0005274784,0.9199307,0.9891816,0.0031236487
12127,0.98046875,0.00024156629,0.9938548,0.94458723,0.0010005044
12128,0.9768024,0.0009622126,0.99444515,0.97112906,0.00012931564
12129,0.98159516,2.8632558e-05,0.9939964,0.9712385,0.0011695103
12130,0.98582757,2.9773117e-05,0.9868787,0.94834626,0.0016941031
12131,0.94539934,0.0012207952,0.976038,0.97339284,0.0011203773
12132,0.9184803,0.0006693099,0.99196917,0.990732,0.001591626
12133,0.98609793,0.00016997529,0.90878,0.9775,9.915273e-05
12134,0.9800149,0.00015720345,0.98913974,0.98892784,0.0007643033
12135,0.9263037,0.00016865275,0.9905509,0.9448931,0.0006411777
12136,0.96295285,3.3737226e-05,0.9776285,0.9774571,0.002889581
12137,0.9812749,0.00036259004,0.99341017,0.9872773,0.0005953407
12138,0.9920002,0.00028021098,0.8929365,0.9615338,0.001107339
12139,0.9769787,6.605215e-05,0.9979888,0.9921537,0.0015367271
12140,0.96182173,0.0002824081,0.9877587,0.98166555,0.0011786721
12141,0.9503189,0.00010554686,0.98201376,0.96995664,0.00462753
12142,0.9516839,0.0006615174,0.98141783,0.9342753,0.0035657366
12143,0.992062,0.00014202365,0.9658352,0.9175984,0.0007702932
12144,0.9596866,3.883111e-05,0.98481095,0.8576489,0.00024729347
12145,0.88100195,0.0020348171,0.84859616,0.99293363,0.00017813111
12146,0.9940659,0.00025915826,0.99029154,0.9922444,0.0001673405
12147,0.9549004,0.00017265156,0.97947216,0.9917163,0.00036829791
12148,0.98707944,3.8229115e-05,0.9841546,0.95791227,0.0015247863
12149,0.9851576,0.0002959571,0.97298527,0.98646784,0.0005680935
12150,0.91789335,5.2662068e-05,0.9254997,0.9342753,0.0029008575
12151,0.98707944,0.0006563728,0.99694854,0.9759006,0.0010944522
12152,0.9502266,6.2050494e-05,0.9971439,0.97826034,0.00081038737
12153,0.9936365,0.0004156895,0.99635005,0.92093205,0.001107339
12154,0.99457306,0.0001896174,0.98486924,0.896614,0.0014493985
12155,0.9912209,0.0007096704,0.7727022,0.9184803,0.0010733063
12156,0.98571813,0.00028910325,0.8611883,0.97029626,0.0006361912
12157,0.99442345,0.00017536995,0.9034647,0.98527133,0.00018093576
12158,0.99718815,0.93306583,0.9633687,0.9785493,0.0013723687
12159,0.98752034,0.9763105,0.88856554,0.9731898,0.00018522576
12160,0.9917163,0.91352236,0.990732,0.9478657,0.0007916296
12161,0.9657707,0.91700584,0.98105836,0.8499712,0.0021157034
12162,0.9797065,0.98521465,0.9614615,0.7466935,9.761566e-05
12163,0.95679593,0.9314625,0.968441,0.9400236,0.0009927262
12164,0.97821885,0.9437636,0.9837225,0.7622471,0.0040701376
12165,0.983597,0.953188,0.9870297,0.98050606,0.00016865275
12166,0.9908744,0.97458035,0.9893885,0.9696707,0.00072932884
12167,0.9635062,0.9737447,0.9874721,0.7733876,0.0003077431
12168,0.9378969,0.87048715,0.9223426,0.9432431,5.5189234e-05
12169,0.979784,0.8964329,0.9881765,0.9217811,0.0001465313
12170,0.9785493,0.8656789,0.9914225,0.91505283,0.00025118678
12171,0.94767237,0.9273633,0.9749646,0.8264319,9.3145936e-05
12172,0.9227612,0.9887988,0.98780584,0.8908652,0.00017813111
12173,0.97724086,0.6632328,0.98651993,0.9869795,2.178265e-05
12174,0.97112906,0.94208187,0.9725715,0.9492005,0.00057703455
12175,0.9931496,0.86293024,0.9116528,0.9881309,0.0003327413
12176,0.9701835,0.98722816,0.017644463,0.99401975,0.00026738262
12177,0.9552357,0.9183339,0.0003077431,0.93698055,0.0006641048
12178,0.9837225,0.9561454,0.0018748617,0.92643696,0.0006190417
12179,0.9528382,0.906156,0.0009146137,0.98469365,0.0010005044
12180,0.9899476,0.92762595,0.0005193049,0.9890131,0.0007643033
12181,0.9757624,0.9635748,0.0015487612,0.93569994,0.00012436225
12182,0.9781772,0.9498557,0.0007524628,0.98076576,0.00037118542
12183,0.9804314,0.98959166,0.0010733063,0.99094474,0.00024536948
12184,0.9863631,0.97767127,0.0003077431,0.9730877,0.00027159214
12185,0.9927672,0.8097278,0.0027362213,0.94891727,0.00020502214
12186,0.9750598,0.97706646,0.00268344,0.9868787,0.00095101306
12187,0.96691406,0.98486924,0.00035419365,0.9390248,0.0002216781
12188,0.9860443,0.9837225,0.0006487308,0.98527133,0.00021152887
12189,0.99014014,0.97706646,0.000865981,0.9433476,0.0042151595
12190,0.92064714,0.9519527,0.0009773504,0.98475236,0.00074370287
12191,0.9853279,0.96472245,0.00084264233,0.83601975,0.0005274784
12192,0.97719735,0.9540518,0.0025909794,0.9539661,2.195349e-05
12193,0.9768024,0.7148271,0.00089344557,0.9859904,0.00015476662
12194,0.9619649,0.94796216,0.0005193049,0.9868787,4.611275e-05
12195,0.9921537,0.91730267,0.0013250224,0.994615,0.0003982131
12196,0.96879715,0.9641868,0.001107339,0.94197524,0.00021152887
12197,0.97737074,0.98934746,0.0037217087,0.98722816,0.00010391067
12198,0.9717254,0.9645224,0.0009110512,0.971779,0.00035006859
12199,0.9647889,0.9687381,0.002491968,0.9843364,0.00059071044
12200,0.9820826,0.87125593,0.0010484692,0.96498734,0.0003366622
12201,0.89478946,0.9600627,0.010818449,0.9686196,0.00045474793
12202,0.94539934,0.86177105,0.0016293088,0.8957053,9.610242e-05
12203,0.9888419,0.9513234,0.00072648755,0.9606575,0.00019716943
12204,0.9762654,0.93674946,0.0019342611,0.9628132,9.1701964e-05
12205,0.9493885,0.98549646,0.0016809418,0.93318766,0.93721074
12206,0.96411926,0.96329963,0.0009399439,0.98065484,0.9967524
12207,0.9732915,0.95068645,0.000932636,0.97788346,0.98498523
12208,0.9231778,0.97118384,0.0017683518,0.9942697,0.9905143
12209,0.9820826,0.9614615,0.0021239663,0.9964342,0.98761624
12210,0.985663,0.89715594,0.0016549242,0.88875884,0.99090964
12211,0.84834504,0.9923341,0.005842605,0.9841546,0.94825053
12212,0.9913223,0.9615338,0.00015000567,0.93651766,0.9675945
12213,0.9918121,0.91550726,0.0013096057,0.9766692,0.9941801
12214,0.95759624,0.98087597,0.012100386,0.94825053,0.95938325
12215,0.9730365,0.88602656,0.009485713,0.99108386,0.83748704
12216,0.989791,0.89029425,0.00028021098,0.91978675,0.9579909
12217,0.9662198,0.87514824,0.0002082501,0.8327813,0.953188
12218,0.9704086,0.86293024,0.00095846487,0.9789956,0.91655886
12219,0.9791955,0.95679593,0.0027576224,0.9783019,0.9751545
12220,0.9696707,0.8899121,0.0434469,0.8934954,0.9291838
12221,0.9869795,0.961171,0.20737518,0.89143354,0.9657707
12222,0.9970765,0.9390248,0.028382124,0.989791,0.9487276
12223,0.97702265,0.9814889,0.02964751,0.95068645,0.7156228
12224,0.99178034,0.966347,0.014957086,0.9786719,0.93033177
12225,0.86048645,0.95719784,0.0015731122,0.95013416,0.96691406
12226,0.96411926,0.83801806,0.023464657,0.80240077,0.87779135
12227,0.9555686,0.9951325,0.07382971,0.96557647,0.93033177
12228,0.94122344,0.98975134,0.011642224,0.98083925,0.9889705
12229,0.9452985,0.9916842,0.026506126,0.0018530593,0.9736447
12230,0.97539,0.91700584,0.01107216,0.001044386,0.93195957
12231,0.94649786,0.9158089,0.073164724,0.0027683855,0.9716717
12232,0.9685601,0.85512674,0.042642392,0.0069576087,0.9234544
12233,0.97520185,0.97262347,0.14584377,0.0014493985,0.9839091
12234,0.95751673,0.87472075,0.020645931,0.0007041516,0.8095773
12235,0.9643886,0.9523088,0.027014792,0.0027362213,0.8562122
12236,0.90665317,0.9205043,0.0066153924,0.00040924744,0.96160597
12237,0.98024315,0.94699025,0.016593177,0.0022783307,0.93546456
12238,0.9802808,0.54716164,0.05127242,0.0070390454,0.9797453
12239,0.9814889,0.9205043,0.0060269516,0.0019117695,0.9507779
12240,0.9683214,0.89143354,0.014728614,0.0057749297,0.96995664
12241,0.9601375,0.7285552,0.06596494,0.0022343625,0.9530133
12242,0.98427594,0.7552762,0.16171701,0.002074867,0.93891287
12243,0.994089,0.96102494,0.012673736,0.0018748617,0.8614217
12244,0.996557,0.95759624,0.037608635,0.0035106493,0.96498734
12245,0.9615338,0.94600123,0.0016420668,0.00189692,0.98959166
12246,0.98544043,0.95679593,0.008030813,0.0018895386,0.9768908
12247,0.9827572,0.87800074,0.015189049,0.0004390453,0.9725715
12248,0.94165415,0.9773276,0.012479699,0.0023504829,0.9853279
12249,0.9965837,0.98102194,0.08929565,0.0011559009,0.96309197
12250,0.99453074,0.92262185,0.08137364,0.00189692,0.97931457
12251,0.9769348,0.94910634,0.012920474,0.0015608892,0.9839091
12252,0.9791955,0.9598375,0.02763772,0.0014381354,0.9868787
12253,0.9719925,0.9557341,0.056548133,0.00095846487,0.97134733
12254,0.99021614,0.9323302,0.017576884,0.012053779,0.99273914
12255,0.96050966,0.8814109,0.02665774,0.005080037,0.9891816
12256,0.9184803,0.9480585,0.024145423,0.0019267347,0.9686789
12257,0.97903574,0.7602949,0.022328783,0.00063124346,0.94143915
12258,0.9599126,0.96879715,0.0035518846,0.0039148238,0.97068775
12259,0.9838472,0.9498557,0.012920474,0.00045474793,0.979354
12260,0.9923638,0.9883128,0.006338922,0.0022783307,0.97966766
12261,0.9797065,0.9574373,0.015424552,0.0019267347,0.9557341
12262,0.98228765,0.97788346,0.21967213,0.0022343625,0.92944044
12263,0.91964257,0.9348725,0.07382971,0.003429604,0.92107415
12264,0.9761292,0.9599126,0.056029383,0.006145092,0.96891505
12265,0.97334224,0.94796216,0.014785407,0.00021485926,0.9628831
12266,0.9787533,0.91490096,0.60667324,0.003004343,0.9517737
12267,0.97354424,0.9600627,0.25312182,0.00090396777,0.9462003
12268,0.9673486,0.9784259,0.27874738,0.0021657674,0.9828892
12269,0.96138906,0.98327893,0.31184584,0.0009773504,0.9494823
12270,0.8975158,0.92455155,0.16749083,0.008412978,0.9881765
12271,0.9882676,0.95531917,0.29188833,0.0045208177,0.9781772
12272,0.96557647,0.9539661,0.24023944,0.003692853,0.9839091
12273,0.98087597,0.92762595,0.28776783,0.0034030052,0.85342485
12274,0.9943141,0.971564,0.24059612,0.0022430879,0.9158089
12275,0.9650533,0.9817707,0.18982129,0.0008830458,0.9849274
12276,0.8554893,0.95257413,0.244363,0.0002082501,0.9518632
12277,0.8197491,0.86849254,0.1534223,0.00015598028,0.9739932
12278,0.9776285,0.98228765,0.32788345,0.0012693645,0.993255
12279,0.9689738,0.9730365,0.5000828,0.0017342081,0.9839091
12280,0.94539934,0.9932025,0.23440666,0.0024154831,0.92944044
12281,0.9845754,0.9394706,0.058238626,0.070816204,0.87831426
12282,0.9863631,0.92892635,0.21917035,0.16105618,0.9653158
12283,0.93463415,0.8085212,0.5164583,0.0053225355,0.9748691
12284,0.97966766,0.87716144,0.058238626,0.014842416,0.9884919
12285,0.9572778,0.78282857,0.07504072,0.039342504,0.8701566
12286,0.9666002,0.9049869,0.0824015,0.0031115087,0.8992984
12287,0.96095175,0.92441523,0.16491956,0.039121646,0.97863114
12288,0.97813547,0.9452985,0.063134894,0.02132808,0.8554893
12289,0.9520419,0.9603612,0.14990433,0.04698664,0.8891444
12290,0.0012743262,0.9444849,0.049773447,0.16184944,0.9853843
12291,0.003945407,0.95150405,0.0140636265,0.060863446,0.97482115
12292,0.0010817152,0.6874202,0.08694165,0.06979492,0.941007
12293,0.007489625,0.98138225,0.20979328,0.096705794,0.9678993
12294,0.005159623,0.9591543,0.2714448,0.01384861,0.9725193
12295,0.0018458483,0.80286485,0.19253936,0.06903793,0.9785493
12296,0.0021997981,0.96080494,0.20118472,0.09401018,0.9353465
12297,0.0013777326,0.96903247,0.18728128,0.02898063,0.94600123
12298,0.0005132579,0.69357675,0.09807933,0.0029008575,0.9951137
12299,0.001867566,0.9579909,0.08093671,0.073164724,0.97414124
12300,0.00043563012,0.015603535,0.31058982,0.046724956,0.9604354
12301,0.004314688,0.004468384,0.29178745,0.01678549,0.7685595
12302,0.0027791904,0.0027791904,0.24023944,0.060640547,0.96432143
12303,0.0043823365,0.0029235429,0.16132024,0.0068239546,0.8583628
12304,0.002472623,0.002472623,0.064653486,0.038106617,0.9444849
12305,0.00078241405,0.006241259,0.708616,0.07654563,0.97029626
12306,0.0010944522,0.0021322616,0.49428585,0.020293485,0.7358315
12307,0.007345827,0.0019267347,0.4750878,0.025613915,0.9175984
12308,0.0060503976,0.0007524628,0.22422527,0.016152835,0.8899121
12309,0.0010733063,0.005240449,0.11008789,0.010209055,0.98498523
12310,0.0006487308,0.00037555923,0.026155617,0.06620602,0.9519527
12311,0.0012994275,0.0020269002,0.28170192,0.0055549247,0.9429286
12312,0.002889581,0.0006825019,0.22524615,0.18787657,0.9532751
12313,0.000865981,0.0010691263,0.02727267,0.04451443,0.9883128
12314,0.0016678823,0.0028560124,0.02249997,0.014117893,0.9563905
12315,0.00055494095,0.0016166499,0.25720495,0.019531239,0.95589906
12316,0.0034970103,0.00033535014,0.25256833,0.03149938,0.9492005
12317,0.0009362828,0.0006798429,0.4940913,0.019794779,0.6719013
12318,0.001957017,0.0011247575,0.20737518,0.019870713,0.9790758
12319,0.0018315102,0.0008360903,0.30829436,0.04256273,0.98439646
12320,0.008711385,0.002387409,0.22135067,0.08181271,0.9735945
12321,0.006265534,0.0013511209,0.071981624,0.14560063,0.7926248
12322,0.00305151,0.0007321813,0.12689333,0.0036076165,0.967101
12323,0.00084264233,0.005001672,0.60112536,0.032466814,0.98926485
12324,0.009936419,0.013532149,0.25870037,0.061649624,0.9881765
12325,0.0023504829,0.0020992735,0.53263783,0.0355444,0.93980294
12326,0.00090396777,0.0013147246,0.041462272,0.1384618,0.8200375
12327,0.0011380006,0.00035697065,0.094176665,0.0024438868,0.7352616
12328,0.00072365726,0.0017961492,0.31195065,0.09334688,0.9103862
12329,0.0017752605,0.0021157034,0.52669275,0.0551069,0.96485513
12330,0.0010242064,0.002693914,0.1732882,0.023962023,0.9929061
12331,0.0007096704,0.016529556,0.5561887,0.21255878,0.93403506
12332,0.001507049,0.0002824081,0.53324556,0.05330468,0.9509604
12333,0.005281334,0.0017342081,0.04320404,0.4117612,0.9633687
12334,0.019345105,0.062904246,0.37937838,0.14033625,0.9493885
12335,0.2180027,0.016914913,0.47671667,0.011244561,0.95735765
12336,0.019456575,0.040464837,0.12656909,0.16559312,0.9626028
12337,0.0913821,0.10576342,0.25423113,0.13006426,0.891811
12338,0.007489625,0.108566426,0.08555635,0.31510335,0.9817707
12339,0.012288597,0.0063635735,0.12819736,0.19544049,0.84286314
12340,0.03601607,0.08803312,0.28288904,0.16830945,0.93651766
12341,0.0070117954,0.032283258,0.71442884,0.025371311,0.92495924
12342,0.09318171,0.0018748617,0.12646118,0.15469499,0.98971164
12343,0.04831607,0.031858854,0.15960999,0.15533456,0.97324073
12344,0.0349467,0.0033504236,0.043936536,0.14965561,0.8484707
12345,0.012194132,0.08866235,0.13409412,0.31605253,0.9672869
12346,0.07030385,0.018617803,0.22101425,0.037397135,0.7379143
12347,0.14780103,0.031261913,0.22151907,0.12776141,0.9859364
12348,0.04248321,0.13454832,0.1112412,0.16572809,0.9393595
12349,0.032100707,0.0064882697,0.43116498,0.056548133,0.9691495
12350,0.04831607,0.0065134983,0.61889565,0.2052962,0.9601375
12351,0.059646938,0.014899643,0.6345433,0.32167307,0.9444849
12352,0.027901376,0.032466814,0.27874738,0.3017734,0.9265699
12353,0.07978202,0.010052369,0.15649123,0.19728975,0.9534488
12354,0.045777272,0.02964751,0.46599495,0.07558479,0.9549844
12355,0.1133831,0.12304913,0.0913821,0.45746994,0.8734309
12356,0.046551272,0.1765296,0.4888629,0.06766981,0.0052608517
12357,0.04698664,0.017917344,0.20898497,0.14596547,0.0023504829
12358,0.033462934,0.028870907,0.22575782,0.26189688,0.0003473453
12359,0.03534408,0.0154839875,0.05572029,0.40303808,0.0015854308
12360,0.0498659,0.023689471,0.20545557,0.090253234,0.0006771943
12361,0.06705629,0.11899801,0.3829488,0.11417085,0.0014103585
12362,0.011029471,0.017712299,0.047074176,0.20307462,0.0016103574
12363,0.033336826,0.0498659,0.16708273,0.05330468,0.0013045066
12364,0.0119150225,0.012007351,0.40256825,0.10613344,0.0025909794
12365,0.005281334,0.0070117954,0.19790912,0.5325771,0.007176882
12366,0.013795364,0.03302355,0.2649285,0.47035646,0.006073934
12367,0.073963374,0.035012625,0.21518578,0.30871102,0.0039300853
12368,0.034100424,0.04410091,0.122418255,0.18257122,0.0025809042
12369,0.008478402,0.014957086,0.30208218,0.04822634,0.0032224844
12370,0.013532149,0.026912304,0.0060035964,0.3190153,0.0004322415
12371,0.064653486,0.18653922,0.025226826,0.08632348,0.0014664583
12372,0.006338922,0.026105914,0.08035747,0.63238925,0.0006166297
12373,0.025226826,0.033972,0.008881675,0.1362632,0.0013939502
12374,0.022542967,0.013273886,0.014117893,0.52450126,0.0037948343
12375,0.028274601,0.109705776,0.012576348,0.11104825,0.0012160416
12376,0.18624303,0.037538007,0.0131212715,0.16981852,0.0005053046
12377,0.16762705,0.2712517,0.024609929,0.2946207,0.0003125878
12378,0.0066411127,0.033652965,0.017242778,0.09285216,0.0024249144
12379,0.057281975,0.032651376,0.014672035,0.06489012,0.00045474793
12380,0.035611413,0.12721828,0.01678549,0.08404061,0.0057974015
12381,0.027480694,0.003869391,0.017309096,0.083291925,0.0006719278
12382,0.5632578,0.0075479234,0.0035380863,0.20228557,0.00053161324
12383,0.100878626,0.0035657366,0.003649987,0.24364243,0.0014437558
12384,0.0493136,0.03149938,0.0065897717,0.25183165,0.0019418169
12385,0.07250525,0.09451043,0.011777843,0.33458942,0.000981172
12386,0.08601588,0.36908767,0.015130728,0.09334688,0.0036076165
12387,0.26759952,0.10393038,0.004166256,0.6337503,0.0012693645
12388,0.11536139,0.02727267,0.063366346,0.16545822,0.00036117696
12389,0.14235108,0.19667186,0.011823394,0.27096224,0.0019418169
12390,0.009340025,0.11357959,0.02727267,0.1360335,0.001477943
12391,0.2705766,0.24780536,0.016029147,0.16277891,0.0021997981
12392,0.12485182,0.568835,0.028274601,0.33209375,0.09842541
12393,0.44519782,0.17483252,0.0037948343,0.45392743,0.09041373
12394,0.112015955,0.16118816,0.0037948343,0.10141133,0.16981852
12395,0.071202725,0.19574778,0.0010775026,0.21109138,0.018905446
12396,0.05572029,0.1765296,0.0067188703,0.23126681,0.026810195
12397,0.07477004,0.07682221,0.027117657,0.45035937,0.083890386
12398,0.33155245,0.27231473,0.012576348,0.13206616,0.0107767265
12399,0.44519782,0.25256833,0.039195135,0.42602307,0.10631887
12400,0.03882902,0.4186375,0.011158031,0.51228845,0.061424043
12401,0.091058284,0.12095703,0.023241926,0.23144047,0.02970375
12402,0.25851312,0.07544843,0.009340025,0.21109138,0.036083944
12403,0.35197902,0.1887722,0.015014749,0.17738296,0.01461567
12404,0.047691282,0.073963374,0.008985429,0.08740792,0.05051767
12405,0.46304968,0.18668745,0.0048674177,0.35153365,0.03234433
12406,0.08678673,0.091058284,0.064535476,0.22034244,0.042642392
12407,0.11047116,0.6880493,0.0262553,0.6220577,0.053107902
12408,0.06572466,0.5136685,0.014672035,0.11920292,0.10484336
12409,0.22034244,0.26798248,0.014957086,0.21370518,0.09451043
12410,0.31679183,0.12581532,0.026355354,0.04922211,0.06681232
12411,0.22815649,0.2338813,0.0130707845,0.044931643,0.026861202
12412,0.24220563,0.12389466,0.54016596,0.08359067,0.05155819
12413,0.19977595,0.11104825,0.5079568,0.30208218,0.05572029
12414,0.07504072,0.2830872,0.22439517,0.12646118,0.052037824
12415,0.25367606,0.5028724,0.6136418,0.38641608,0.029816542
12416,0.3407045,0.17953055,0.29330325,0.034488525,0.13580412
12417,0.16000336,0.09334688,0.4009839,0.13240233,0.10894504
12418,0.11318691,0.48282537,0.6338636,0.50181293,0.06572466
12419,0.21950476,0.48808515,0.090253234,0.48050916,0.03971326
12420,0.19852993,0.14633106,0.21239533,0.12168575,0.03882902
12421,0.11357959,0.53361017,0.1765296,0.2564594,0.04569203
12422,0.09186979,0.5102143,0.6668223,0.23405631,0.012288597
12423,0.13139597,0.20260091,0.6623598,0.044597577,0.011961099
12424,0.24006125,0.124000706,0.5591998,0.5450436,0.018797074
12425,0.685002,0.4825815,0.090253234,0.032836955,0.02145073
12426,0.14608724,0.39665228,0.33556855,0.49821278,0.019643761
12427,0.37662312,0.4568338,0.39805537,0.23810701,0.18403316
12428,0.21125406,0.23581158,0.4910212,0.06644793,0.09268778
12429,0.058238626,0.2738656,0.29941237,0.1831549,0.21584621
12430,0.05281402,0.14560063,0.6513549,0.2972659,0.019160708
12431,0.38133475,0.49708372,0.3276683,0.5900117,0.014009566
12432,0.11221036,0.28957254,0.5242272,0.615839,0.058131598
12433,0.28061637,0.065365784,0.68815416,0.2892713,0.006903838
12434,0.19651763,0.11716747,0.43995786,0.05561761,0.048948623
12435,0.13139597,0.18330106,0.7424217,0.22884515,0.019345105
12436,0.10521054,0.07276838,0.11940814,0.0527164,0.014728614
12437,0.30280325,0.109705776,0.4081588,0.1668111,0.089136936
12438,0.21900326,0.18757874,0.49665457,0.19299524,0.07558479
12439,0.4675141,0.1133831,0.58403397,0.19605544,0.042802144
12440,0.3709087,0.19360435,0.29900283,0.00685048,0.50849074
12441,0.12189466,0.34698373,0.33448073,0.0063883206,0.076683804
12442,0.16000336,0.25460163,0.21917035,0.008187911,0.17217185
12443,0.19269122,0.2487166,0.3991674,0.023153413,0.105948284
12444,0.18344729,0.09334688,0.30290636,0.013428255,0.314998
12445,0.08181271,0.25349122,0.5917232,0.0026522598,0.23248434
12446,0.34345183,0.1603975,0.59508085,0.008124708,0.35611072
12447,0.13799648,0.072243005,0.46308005,0.010986943,0.20497774
12448,0.10818896,0.4390858,0.70568365,0.0054905633,0.289874
12449,0.27542195,0.13822897,0.75036985,0.0107351625,0.21733753
12450,0.20071429,0.124319285,0.5783291,0.007665875,0.30611205
12451,0.2664527,0.5170222,0.075995214,0.0056638657,0.2897735
12452,0.203866,0.05399884,0.4719381,0.028114058,0.056236345
12453,0.37102267,0.61745495,0.49153218,0.0039300853,0.08570928
12454,0.14151853,0.15507847,0.39472577,0.021698097,0.17667161
12455,0.093678005,0.083740406,0.22151907,0.018833129,0.3972367
12456,0.1742697,0.28160313,0.6127153,0.043284845,0.3548801
12457,0.13939638,0.28666824,0.38763237,0.008677716,0.12830654
12458,0.17938675,0.16092426,0.2821962,0.015543648,0.16013464
12459,0.38312188,0.19713514,0.741674,0.012383785,0.28388062
12460,0.19178137,0.59796005,0.25293726,0.020924192,0.12527926
12461,0.15215817,0.5083687,0.24256428,0.009340025,0.10951516
12462,0.62658125,0.2564594,0.88523525,0.048496,0.6445608
12463,0.09170697,0.18227991,0.2664527,0.030559862,0.21174264
12464,0.02947941,0.30746198,0.2429233,0.011732464,0.17967445
12465,0.16344544,0.08021325,0.046119746,0.003976228,0.14414886
12466,0.04922211,0.17133833,0.33252713,0.011463798,0.041773878
12467,0.04426588,0.08181271,0.51805854,0.005576545,0.43938646
12468,0.16817279,0.07043161,0.09186979,0.0031480708,0.089136936
12469,0.2180027,0.1183851,0.1859472,0.002491968,0.18609506
12470,0.0362883,0.12635334,0.26759952,0.063714996,0.7897206
12471,0.32284614,0.045015533,0.22850065,0.017110888,0.44504708
12472,0.5555558,0.015247591,0.14755519,0.0128707485,0.14451066
12473,0.09203286,0.0715912,0.064653486,0.0018386652,0.12043882
12474,0.2509128,0.0930168,0.36105207,0.0014158707,0.1183851
12475,0.18330106,0.085251234,0.16132024,0.025130946,0.20963143
12476,0.1317307,0.055823144,0.31489265,0.013480103,0.30580097
12477,0.33274388,0.12819736,0.37250522,0.020645931,0.18967113
12478,0.18010667,0.19837458,0.53196925,0.0030994155,0.060086653
12479,0.12635334,0.0824015,0.3907083,0.007695647,0.48105764
12480,0.16926852,0.06176271,0.736211,0.01107216,0.3712506
12481,0.15241033,0.23810701,0.44215468,0.0055119344,0.28666824
12482,0.3711366,0.14584377,0.5724838,0.013532149,0.107250325
12483,0.254787,0.31827325,0.7685595,0.015784562,0.42781502
12484,0.25813895,0.6380463,0.36330795,0.03378023,0.111627996
12485,0.041773878,0.17036992,0.24131057,0.003337405,0.12678517
12486,0.22490549,0.6203342,0.4868728,0.21601155,0.22337708
12487,0.21634248,0.0849471,0.6200466,0.24400254,0.17681369
12488,0.14891149,0.48550063,0.16145241,0.648689,0.09825223
12489,0.08897849,0.3671568,0.32584226,0.45883366,0.2786492
12490,0.011777843,0.31111282,0.2391716,0.729327,0.18010667
12491,0.008445627,0.19728975,0.52641886,0.17596246,0.6423203
12492,0.020606475,0.37759805,0.3407045,0.34897783,0.13683893
12493,0.009670992,0.16304526,0.32734567,0.37307605,0.13106197
12494,0.017045317,0.18184364,0.48751327,0.1742697,0.107250325
12495,0.016721142,0.24059612,0.3274532,0.20354916,0.11516222
12496,0.004166256,0.3209277,0.3821414,0.29695997,0.109134786
12497,0.010288301,0.25739157,0.24238491,0.5619361,0.087563835
12498,0.0032858334,0.6669308,0.28876963,0.6011839,0.41946957
12499,0.0075479234,0.52759033,0.3457677,0.28051782,0.17596246
12500,0.023464657,0.105948284,0.21783626,0.5306622,0.07723878
12501,0.0053849383,0.031858854,0.123365626,0.33133605,0.57164705
12502,0.011732464,0.21900326,0.49260002,0.14151853,0.40916175
12503,0.006145092,0.27076936,0.798344,0.5462238,0.79518133
12504,0.007907292,0.16145241,0.6687721,0.55184543,0.3190153
12505,0.011419615,0.3006429,0.10613344,0.38664764,0.32177958
12506,0.032528225,0.0063143647,0.42447165,0.14645308,0.08740792
12507,0.0066411127,0.046119746,0.043772742,0.286269,0.07030385
12508,0.0043823365,0.009898064,0.48178902,0.49941966,0.19977595
12509,0.01621503,0.02076474,0.31226513,0.52051157,0.085403666
12510,0.030043371,0.011115014,0.5837967,0.6491339,0.06394842
12511,0.03601607,0.029760094,0.54849213,0.60539085,0.0527164
12512,0.009376237,0.004331502,0.33426335,0.09894659,0.22422527
12513,0.007907292,0.019794779,0.22815649,0.12592277,0.12852514
12514,0.011331754,0.0040701376,0.2878679,0.32231265,0.15987214
12515,0.001507049,0.015663648,0.30507588,0.5306926,0.3039384
12516,0.0034698907,0.03327394,0.372277,0.2429233,0.15278916
12517,0.0020348171,0.0013670257,0.0006142272,0.3744475,0.42966866
12518,0.0065388246,0.018978037,0.004886375,0.48009777,0.43116498
12519,0.01374232,0.034036152,0.00024729347,0.2902762,0.18579942
12520,0.0113756005,0.039268754,0.0005976694,0.7204666,0.23318209
12521,0.043936536,0.008644178,0.001591626,0.26038948,0.4353013
12522,0.009936419,0.0059340666,0.001133569,0.3448846,0.18068421
12523,0.01584536,0.029591374,0.0029810327,0.372277,0.5052793
12524,0.009708476,0.007725534,0.000981172,0.06255973,0.53676826
12525,0.0128707485,0.0016613906,0.0012994275,0.21967213,0.098772585
12526,0.008881675,0.004133968,0.0013993983,0.17766815,0.32252598
12527,0.0068239546,0.05899303,0.001882186,0.7089184,0.36105207
12528,0.0061212815,0.10356715,0.0009927262,0.45504722,0.6311397
12529,0.010818449,0.010611421,0.0005614788,0.5280771,0.39560106
12530,0.86647177,0.05419873,0.0042315875,0.5916053,0.6317079
12531,0.5669179,0.008745182,0.0009622126,0.7050748,0.15495056
12532,0.2507293,0.012771867,0.00018814208,0.3237007,0.07463504
12533,0.68605465,0.0028560124,0.00049553596,0.22746934,0.35131106
12534,0.23616375,0.0010608152,0.0006693099,0.5988988,0.654674
12535,0.61607003,0.09285216,0.0011469158,0.05042407,0.029929748
12536,0.34798014,0.003260346,0.00035281325,0.6260099,0.28947213
12537,0.6311397,0.034229323,0.0004859561,0.32584226,0.18257122
12538,0.5604632,0.011961099,0.001044386,0.55250955,0.33296075
12539,0.2914848,0.011732464,0.0006745559,0.34103364,0.19852993
12540,0.4315243,0.028598359,0.004248079,0.21733753,0.084191084
12541,0.284576,0.0060269516,0.0038844766,0.28616926,0.014009566
12542,0.43338183,0.014447852,0.00021824206,0.15354916,0.13881165
12543,0.18082882,0.012624949,0.0003982131,0.42453128,0.05572029
12544,0.6508002,0.0011604197,0.0001896174,0.19375686,0.047337715
12545,0.30528295,0.0028671585,0.0010566838,0.26322043,0.042245496
12546,0.4713753,0.02297737,0.00092538487,0.7403621,0.024609929
12547,0.4648105,0.0065388246,0.0012497094,0.13916224,0.055515114
12548,0.21239533,0.0032986512,0.0008459375,0.07737811,0.017110888
12549,0.36523023,0.011869121,0.018905446,0.41341794,0.052424565
12550,0.1742697,0.25293726,0.016979992,0.08021325,0.063134894
12551,0.22953519,0.2875677,0.008348054,0.2726051,0.10818896
12552,0.18491465,0.3063195,0.02763772,0.28806815,0.031858854
12553,0.38087407,0.19806418,0.0058653383,0.57296175,0.021044567
12554,0.34378222,0.17567945,0.07068779,0.00062389387,0.023419945
12555,0.51261634,0.81859183,0.0046636546,0.0038844766,0.020023443
12556,0.6979178,0.83575183,0.008283626,0.003750789,0.002491968
12557,0.5380428,0.53892255,0.010529712,0.0015731122,0.010209055
12558,0.64074826,0.35857764,0.014785407,0.002491968,0.04352814
12559,0.3601514,0.6658453,0.003678509,0.0010775026,0.0071214284
12560,0.26511872,0.26626188,0.005598249,0.002800927,0.0046455576
12561,0.32124704,0.5076593,0.02665774,0.00071244594,0.024609929
12562,0.4827644,0.28616926,0.011823394,0.008950711,0.016529556
12563,0.15215817,0.11777492,0.0024534282,0.0017614696,0.019160708
12564,0.5136761,0.22661245,0.012920474,0.00025315638,0.010652511
12565,0.57862675,0.34004676,0.004591684,0.002570868,0.022889841
12566,0.5931969,0.31373507,0.007725534,0.0008796062,0.003442981
12567,0.23863891,0.200871,0.0062170783,0.0003487043,0.014785407
12568,0.83907574,0.19390947,0.0145595195,0.00028910325,0.027014792
12569,0.5180281,0.17133833,0.04410091,0.00038296366,0.008950711
12570,0.11066323,0.6387226,0.034036152,0.0027469008,0.003869391
12571,0.4186375,0.21288584,0.011158031,0.0005571117,0.0030634168
12572,0.74558365,0.38462317,0.024191486,0.0015548134,0.025565214
12573,0.5752301,0.2622746,0.017644463,0.00012731104,0.007665875
12574,0.6205641,0.4322431,0.010611421,0.002074867,0.04001227
12575,0.4533526,0.49470535,0.03044435,0.0046636546,0.0061212815
12576,0.34059483,0.38919824,0.013428255,0.00016603847,0.067423776
12577,0.6659539,0.4325427,0.019756919,0.0010005044,0.008813166
12578,0.30569732,0.25201568,0.0052608517,0.00048785712,0.0031603526
12579,0.317109,0.34997693,0.0011116682,0.0025909794,0.01584536
12580,0.18862271,0.19528697,0.0058653383,0.008985429,0.013273886
12581,0.11318691,0.25757828,0.025662705,0.0017961492,0.04008736
12582,0.39495912,0.4875895,0.008847355,0.0016613906,0.014672035
12583,0.28686798,0.2692295,0.001867566,0.012241275,0.00498227
12584,0.6769403,0.41632196,0.009020279,0.0065388246,0.020527788
12585,0.2929997,0.57391727,0.043284845,0.0055119344,0.0037654135
12586,0.81375694,0.35824078,0.011158031,0.026455775,0.008315778
12587,0.21125406,0.3936181,0.06717858,0.02970375,0.052618954
12588,0.5341265,0.29502675,0.05042407,0.069668226,0.22524615
12589,0.7849791,0.2487166,0.023109278,0.01461567,0.31943974
12590,0.26057756,0.4201237,0.103748634,0.083142914,0.25851312
12591,0.17064618,0.42602307,0.043123372,0.03615194,0.45374593
12592,0.21783626,0.65698844,0.018159512,0.01685008,0.11536139
12593,0.40739235,0.54461974,0.015014749,0.009859855,0.7182981
12594,0.417984,0.20040116,0.037750274,0.077937685,0.29178745
12595,0.3625177,0.61624324,0.02178117,0.0057749297,0.33252713
12596,0.24653335,0.39653543,0.034749623,0.039342504,0.45583442
12597,0.48585886,0.14021848,0.022032265,0.01374232,0.60077405
12598,0.2166738,0.5260232,0.7049733,0.043772742,0.6598436
12599,0.2858701,0.5823723,0.62406445,0.061649624,0.45883366
12600,0.26189688,0.25312182,0.8677098,0.017045317,0.36127737
12601,0.15520647,0.25870037,0.85989916,0.031738594,0.34466398
12602,0.64690644,0.65951484,0.84363765,0.087252244,0.36466444
12603,0.6298884,0.40180516,0.7226249,0.010611421,0.5843305
12604,0.62010413,0.2850733,0.60859406,0.037047166,0.46329248
12605,0.75635755,0.5341569,0.89256257,0.13523208,0.47072142
12606,0.64857763,0.117572136,0.8583628,0.0058199596,0.64556694
12607,0.53376204,0.2928986,0.6687721,0.010130412,0.6897238
12608,0.20850106,0.33545968,0.772359,0.018797074,0.5167174
12609,0.1504028,0.3351332,0.7305783,0.015072629,0.6645403
12610,0.5402872,0.19559409,0.69388795,0.008156248,0.5099093
12611,0.22592856,0.28130686,0.9240048,0.014672035,0.33144426
12612,0.6547844,0.41383246,0.60673153,0.023870835,0.6769403
12613,0.078925885,0.22541662,0.4386349,0.07654563,0.5251253
12614,0.22101425,0.10539454,0.5849233,0.023375316,0.5485526
12615,0.10194652,0.6371437,0.8101787,0.11576065,0.043609526
12616,0.41146553,0.53582716,0.78249633,0.005240449,0.65698844
12617,0.50781184,0.7592254,0.4424558,0.044764314,0.37920594
12618,0.0705596,0.38121954,0.52824444,0.011029471,0.31890923
12619,0.35142234,0.6172243,0.64400125,0.04543722,0.384161
12620,0.3994016,0.1526628,0.7298087,0.006168995,0.0973904
12621,0.46229097,0.2354598,0.55784535,0.06816438,0.66366893
12622,0.5402872,0.15571934,0.35242462,0.0059340666,0.3427915
12623,0.2812082,0.5061948,0.7252596,0.76942694,0.5657786
12624,0.0022518474,0.06620602,0.9103862,0.9645224,0.06394842
12625,0.0009547317,0.4469171,0.7926248,0.9032942,0.24256428
12626,0.00039204178,0.3477586,0.7541916,0.73810315,0.1337543
12627,0.007876706,0.33437204,0.7641884,0.70466846,0.47044772
12628,0.0007096704,0.5204963,0.83346015,0.7902067,0.5758266
12629,0.00042223287,0.49503344,0.7397986,0.9530133,0.20354916
12630,0.00094730896,0.7310586,0.9563089,0.84972197,0.5114955
12631,0.002463007,0.5032672,0.28209728,0.87256473,0.7140302
12632,0.00038446192,0.83615357,0.8076124,0.7874412,0.5696731
12633,0.0010242064,0.25851312,0.83867973,0.44332927,0.8236123
12634,0.0003275843,0.2148561,0.5922539,0.6598436,0.4635353
12635,0.0010044164,0.28110948,0.8322367,0.5852197,0.4922606
12636,0.0021405893,0.40910277,0.7902067,0.89274967,0.3220994
12637,0.00075835997,0.38277572,0.787768,0.46298894,0.23283306
12638,0.00498227,0.5150787,0.35824078,0.36920136,0.19744445
12639,0.0037362205,0.3244494,0.53318477,0.7620701,0.46389964
12640,0.00040448149,0.48681182,0.86083776,0.7281688,0.19961986
12641,0.004792317,0.3098584,0.742048,0.6738359,0.20418318
12642,0.0014493985,0.3828334,0.690246,0.86408126,0.15418488
12643,0.00069867563,0.4464042,0.84389514,0.6907677,0.07723878
12644,0.00043055712,0.8414352,0.647241,0.6594051,0.21833587
12645,0.00050333556,0.33057922,0.8641959,0.8091252,0.25312182
12646,0.0008525666,0.0610871,0.7673414,0.7558173,0.18728128
12647,0.0043823365,0.100878626,0.62016165,0.5807682,0.62314755
12648,0.0018748617,0.30996287,0.64299315,0.8818186,0.44996658
12649,0.00066670234,0.3511998,0.5317261,0.68836373,0.5915463
12650,0.000981172,0.4107563,0.87234735,0.8337311,0.3810468
12651,0.00021824206,0.3179555,0.71143085,0.69035035,0.5606135
12652,0.0009146137,0.19713514,0.6995624,0.690246,0.13117322
12653,0.00044595622,0.0023231625,0.81390494,0.6834195,0.4412516
12654,0.00074370287,0.0007321813,0.60853595,0.6453435,0.70568365
12655,0.0012594986,0.00307537,0.9260366,0.5021858,0.115960725
12656,0.00017400544,0.0010691263,0.91228,0.45078245,0.39776295
12657,0.00021654405,0.0027149853,0.80240077,0.8342719,0.64097303
12658,0.0013723687,0.0006959537,0.39887464,0.78858316,0.45344338
12659,0.0006615174,0.00094361923,0.8348113,0.87514824,0.32906824
12660,0.001477943,0.0005053046,0.7213508,0.24148938,0.7479843
12661,0.0021239663,0.00039511538,0.89199936,0.41365477,0.78082967
12662,0.0019117695,0.00049747445,0.4833436,0.7622471,0.77814394
12663,0.003976228,0.0006745559,0.87125593,0.68951476,0.67490816
12664,0.0007643033,0.00017674513,0.5805304,0.7913377,0.21950476
12665,0.0023413408,0.0008525666,0.5106872,0.42757598,0.27173457
12666,0.0013147246,0.006241259,0.26511872,0.6928498,0.41010642
12667,0.0013939502,0.0003393018,0.5242881,0.43200347,0.053899154
12668,0.05419873,0.001264422,0.6773673,0.74298155,0.51524645
12669,0.00498227,0.00021485926,0.58154076,0.9059898,0.44673607
12670,0.09268778,0.0015307452,0.70659554,0.8299059,0.14718705
12671,0.14139993,0.003960788,0.67683357,0.31405056,0.11636177
12672,0.04543722,0.00014883849,0.8677098,0.77304506,0.0030160663
12673,0.01450358,0.0011786721,0.7629543,0.9241418,0.00072648755
12674,0.02428387,0.0005295418,0.4214923,0.70161086,0.0006878511
12675,0.03155902,0.000720838,0.9190633,0.74945414,0.00092538487
12676,0.010818449,0.00029365462,0.9130583,0.6255525,0.0008328334
12677,0.005220126,0.0038996208,0.5709893,0.6791787,0.002472623
12678,0.006241259,0.00034464317,0.8465777,0.54337823,0.00081993215
12679,0.068040416,0.0016420668,0.94853723,0.48061576,0.00079783343
12680,0.03197956,0.0001344663,0.7314424,0.73659015,0.003197487
12681,0.05592617,0.0002758679,0.6010083,0.63624007,0.0021405893
12682,0.022328783,5.6058285e-05,0.37605008,0.89858866,0.0010775026
12683,0.11377637,0.0005614788,0.7841538,0.4805853,0.00030534892
12684,0.010209055,0.0003799845,0.4292499,0.4618662,0.0006462033
12685,0.009376237,0.0006436856,0.47676235,0.8045595,0.0027149853
12686,0.011687257,0.002387409,0.55106044,0.6328432,0.0011380006
12687,0.036220055,0.001133569,0.2757144,0.83250916,0.00069867563
12688,0.017309096,0.0008263576,0.6268098,0.68763,0.00054847926
12689,0.037326887,0.0014325366,0.78365755,0.61398906,0.0010162441
12690,0.063366346,0.00018522576,0.70456684,0.82375413,0.0013096057
12691,0.021491766,0.00090750254,0.4233984,0.9459013,0.00047101185
12692,0.008315778,0.000101503836,0.4749204,0.85573065,0.00044770088
12693,0.0607519,0.014672035,0.5891255,0.3037318,0.00015843622
12694,0.050705366,0.08555635,0.86726075,0.59995395,0.00026323833
12695,0.04751419,0.012673736,0.7816641,0.33807713,0.0010775026
12696,0.031439852,0.044931643,0.7394224,0.684053,0.0009773504
12697,0.009936419,0.041930523,0.7397986,0.4143063,0.0012693645
12698,0.005685907,0.063366346,0.4851271,0.3636469,0.00035419365
12699,0.013428255,0.019271137,0.8558512,0.74871993,0.000865981
12700,0.0140636265,0.048405956,0.87191176,0.23144047,0.0008830458
12701,0.024145423,0.10212548,0.93581736,0.20641373,0.00078241405
12702,0.015130728,0.05014425,0.54507387,0.5795194,0.00075835997
12703,0.02145073,0.028816197,0.57110894,0.7308665,0.00026738262
12704,0.010611421,0.035012625,0.72311395,0.69678426,0.0017891593
12705,0.016914913,0.017375665,0.5780909,0.61120796,0.0009966077
12706,0.03963884,0.038538497,0.87472075,0.5666781,0.0002824081
12707,0.018725162,0.013480103,0.74890363,0.5627172,9.09884e-05
12708,0.012053779,0.02532306,0.64968973,0.44842628,0.0017821963
12709,0.010902374,0.06512755,0.89715594,0.92905515,0.00011412239
12710,0.1447523,0.034488525,0.8949732,0.6724393,0.00058611616
12711,0.12962294,0.0057749297,0.7367796,0.93403506,0.0004840624
12712,0.013636836,0.038178273,0.5381945,0.604107,0.0007379196
12713,0.016593177,0.014172367,0.7678639,0.41152468,0.00081993215
12714,0.0069576087,0.01665704,0.9053223,0.56487876,0.06941547
12715,0.028167473,0.0416178,0.91117966,0.5004921,0.12116485
12716,0.016340127,0.21076629,0.7364006,0.68563384,0.02178117
12717,0.036083944,0.011823394,0.8162599,0.88483775,0.16505408
12718,0.015906392,0.012920474,0.70669675,0.69966495,0.01627746
12719,0.012576348,0.06941547,0.9408984,0.33036315,0.0073173973
12720,0.0034162789,0.019087434,0.7298087,0.72233117,0.0065134983
12721,0.6210239,0.049497053,0.7554566,0.27639747,0.030100338
12722,0.70851517,0.028274601,0.544983,0.33415475,0.013636836
12723,0.5986056,0.0035106493,0.58575296,0.83400166,0.015072629
12724,0.7538293,0.03197956,0.85536855,0.9281487,0.100172214
12725,0.87726665,0.003004343,0.78249633,0.8692713,0.0498659
12726,0.5396808,0.025858775,0.7576151,0.6728693,0.026759284
12727,0.75219464,0.061424043,0.6204492,0.647241,0.0145595195
12728,0.8217605,0.064771704,0.714628,0.37513402,0.07409726
12729,0.73829186,0.048496,0.67672676,0.64422506,0.1261379
12730,0.22558717,0.023065226,0.7725307,0.7801604,0.03197956
12731,0.57701874,0.013902059,0.73829186,0.7988153,0.021822825
12732,0.5358879,0.04038907,0.5926666,0.5120521,0.11536139
12733,0.7718435,0.016340127,0.9444849,0.46201792,0.008881675
12734,0.7823301,0.07263671,0.74521303,0.5771379,0.045862664
12735,0.49592218,0.76838577,0.7538293,0.9064877,0.029367855
12736,0.8818186,0.4893662,0.88100195,0.93108755,0.07779745
12737,0.7720154,0.94825053,0.48390755,0.7744129,0.021287354
12738,0.6337503,0.76242405,0.52329856,0.81271875,0.025226826
12739,0.5535656,0.67640615,0.75797355,0.3284217,0.030792167
12740,0.1573957,0.677474,0.78099674,0.56148535,0.026155617
12741,0.4107563,0.48688048,0.7531037,0.258326,0.02120612
12742,0.57033134,0.80730873,0.36965632,0.7914989,0.047161866
12743,0.79085356,0.73392886,0.67490816,0.81508535,0.018689308
12744,0.73866904,0.28041926,0.7675156,0.6808786,0.04543722
12745,0.50267595,0.26284185,0.6974029,0.8713654,0.07978202
12746,0.3915804,0.7466935,0.71393055,0.5740963,0.0068771075
12747,0.6709318,0.51680887,0.8089744,0.69678426,0.032405518
12748,0.91383046,0.5963156,0.81227237,0.5715275,0.15115306
12749,0.7934263,0.87514824,0.37920594,0.4742203,0.025908021
12750,0.354098,0.5053709,0.00045297583,0.8159669,0.01243165
12751,0.4830692,0.66443145,0.007489625,0.64980084,0.0052608517
12752,0.51385903,0.82460326,0.0019723359,0.35611072,0.017242778
12753,0.7412996,0.5697928,0.0010608152,0.0005953407,0.025468083
12754,0.8384153,0.7162186,0.00044770088,0.0024438868,0.015247591
12755,0.48398376,0.16317856,0.00039204178,0.00058840885,0.037963696
12756,0.8305941,0.84286314,0.00057703455,0.0005442133,0.026861202
12757,0.5474943,0.78825736,0.0014325366,0.00055062474,0.21011727
12758,0.6855286,0.77029204,0.001294368,0.0027469008,0.007232764
12759,0.46359605,0.5236944,0.0014721896,0.0027362213,0.036977556
12760,0.71042746,0.5874107,0.00023413582,0.0003029734,0.0070117954
12761,0.265309,0.84428066,0.00032250723,0.001882186,0.011823394
12762,0.54043883,0.62509483,0.0011604197,0.00072648755,0.019531239
12763,0.80609053,0.799129,0.00029365462,0.0009622126,0.695338
12764,0.7426084,0.74761593,0.0012545944,0.0007014083,0.6444489
12765,0.8247444,0.87726665,0.0017140384,0.00061183405,0.91949815
12766,0.5846862,0.82796735,0.0010242064,0.0002846224,0.9219218
12767,0.7754348,0.8552477,0.0010484692,0.0013458604,0.6818327
12768,0.86293024,0.65201986,0.0005838325,0.00010391067,0.6141626
12769,0.8665848,0.92482364,0.00026119032,0.00035419365,0.66508436
12770,0.8512122,0.5434388,0.00010310212,0.00050137425,0.8989441
12771,0.39805537,0.73163426,0.00030061635,0.00043055712,0.882022
12772,0.6152612,0.36319503,0.0006932423,0.00012339458,0.8868131
12773,0.6878397,0.8456877,0.00011235328,8.092757e-05,0.8045595
12774,0.74186105,0.5851011,0.0006932423,0.0010282109,0.3733045
12775,0.8578872,0.47941226,0.0006563728,0.00019260288,0.90295243
12776,0.37011155,0.38393,0.00072648755,0.001044386,0.6599533
12777,0.8576489,0.79438496,0.0013406203,0.00074953143,0.9434519
12778,0.57284224,0.63635314,0.00014539114,0.00044770088,0.7297124
12779,0.8508408,0.76977324,8.2846556e-05,0.0014493985,0.72036827
12780,0.78695047,0.18535663,0.006463138,0.0006589401,0.7862948
12781,0.7232117,0.5018263,8.7503e-05,0.00071244594,0.58444905
12782,0.7236025,0.5246991,0.00094730896,0.00109019,0.9113377
12783,0.51667166,0.2972659,0.00023050673,0.0005953407,0.8729984
12784,0.45014787,0.70952255,0.0007916296,0.0008231386,0.790692
12785,0.6326163,0.8938666,0.0003473453,0.001044386,0.7208598
12786,0.7325918,0.4279943,0.0009966077,0.0013198634,0.70598775
12787,0.58622676,0.71173155,0.0010608152,0.00033797944,0.55823666
12788,0.7833262,0.73772544,0.00012931564,0.00075540564,0.8005361
12789,0.84453726,0.6858443,0.0005838325,0.001012286,0.86511016
12790,0.6699608,0.31111282,0.0006563728,9.4612624e-05,0.723993
12791,0.7412996,0.66377795,0.0013723687,0.0027469008,0.5636182
12792,0.5804115,0.7689067,0.00045474793,0.00015598028,0.70568365
12793,0.3694288,0.8862236,0.0002846224,0.0047552,0.6738359
12794,0.5645187,0.9227612,0.00061183405,0.0003473453,0.9103862
12795,0.45783356,0.8293538,0.00085924764,0.0006436856,0.8537909
12796,0.7829945,0.6364661,0.0004156895,0.0013670257,0.908618
12797,0.6759785,0.7791538,0.00027372167,0.0012160416,0.87578696
12798,0.5361611,0.753648,0.00052133633,0.00032250723,0.8701566
12799,0.65235215,0.6234915,0.00024536948,0.0008295892,0.8828326
12800,0.41679665,0.48957974,0.00080095365,0.0022518474,0.7831604
12801,0.2874677,0.48037204,0.00024156629,0.0011925492,0.83250916
12802,0.70365125,0.48817664,0.00038747612,0.0010044164,0.91352236
12803,0.47839177,0.39530927,0.00033015272,0.0009927262,0.41105178
12804,0.52465343,0.7474317,0.0001823546,0.00066670234,0.5546514
12805,0.7762839,0.42316005,0.00031999825,0.00052542303,0.5799952
12806,0.6954414,0.44655505,0.00042058743,0.0017683518,0.9005298
12807,0.61398906,0.8308688,0.0018243829,0.00059302105,0.8657925
12808,0.67490816,0.8499712,0.0015427324,0.00041084853,0.80162543
12809,0.5682361,0.53260744,0.0003406293,0.00032503586,0.77407146
12810,0.61120796,0.8996516,0.0006166297,7.782753e-05,0.66345096
12811,0.49557886,0.60940796,7.662102e-05,0.00018667821,0.8053262
12812,0.80746067,0.7611836,0.00028021098,8.4811036e-05,0.86511016
12813,0.8352149,0.9488225,0.0013406203,0.0006825019,0.44080022
12814,0.8581252,0.88263035,0.0006487308,0.00189692,0.8727817
12815,0.5954337,0.96557647,0.0006337125,0.0006719278,0.43074587
12816,0.63578796,0.74521303,0.0013406203,0.00050137425,0.33014715
12817,0.7581527,0.7367796,0.0008167381,0.00049168157,0.9001793
12818,0.81655276,0.7953404,0.0008899655,0.0003275843,0.53773934
12819,0.77814394,0.66909647,0.94767237,0.00084264233,0.48328257
12820,0.63815904,0.35913935,0.9806178,0.00072932884,0.93732566
12821,0.4724705,0.35588682,0.9701269,0.00040924744,0.71711093
12822,0.69118476,0.5752898,0.97140163,0.00059071044,0.7465088
12823,0.8916225,0.67200893,0.97671366,0.00031999825,0.6475754
12824,0.7405498,0.6677979,0.9633687,0.0007793661,0.6345433
12825,0.68605465,0.6943027,0.99594563,0.000110611596,0.7468782
12826,0.5837967,0.79645085,0.94891727,0.00015967865,0.856092
12827,0.8301815,0.83801806,0.9757161,0.0017891593,0.82782817
12828,0.8025555,0.6225741,0.9777564,0.00016219282,0.68605465
12829,0.7128323,0.66225064,0.9305845,0.00021152887,0.36511704
12830,0.717507,0.8523219,0.90665317,0.0020269002,0.8040984
12831,0.8410439,0.9223426,0.99209267,0.95540243,0.77932185
12832,0.94539934,0.8727817,0.99036634,0.9554855,0.7512834
12833,0.83960253,0.80639565,0.9565531,0.9361684,0.78249633
12834,0.7089184,0.7851439,0.98076576,0.98039377,0.787768
12835,0.9535353,0.19329962,0.9181873,0.95814794,0.6467949
12836,0.7713272,0.79865825,0.95606345,0.94509614,0.8269914
12837,0.568835,0.8410439,0.9628831,0.9893063,0.64735246
12838,0.4846621,0.8152325,0.9691495,0.995037,0.68246794
12839,0.8474635,0.8236123,0.9700135,0.98544043,0.21304953
12840,0.8213309,0.8149381,0.9875683,0.80882335,0.684475
12841,0.59837085,0.6710396,0.86703575,0.97344345,0.53661644
12842,0.6142205,0.5990747,0.94610083,0.8873999,0.26683462
12843,0.79036856,0.84221536,0.99184376,0.9468921,0.2555294
12844,0.64957863,0.455683,0.9747731,0.71701187,0.51013047
12845,0.6811968,0.31362996,0.9819447,0.9302051,0.27639747
12846,0.4016878,0.54056007,0.9639839,0.9728308,0.33502442
12847,0.0018458483,0.5225829,0.9827572,0.97074324,0.89858866
12848,0.00044595622,0.92121595,0.9237301,0.72389543,0.9407897
12849,0.00072932884,0.2852724,0.98159516,0.9694401,0.8987666
12850,0.0005838325,0.5848048,0.9748691,0.9636434,0.7804952
12851,0.00016997529,0.5425906,0.97850823,0.9296961,0.78874594
12852,0.00054847926,0.20930801,0.99108386,0.95814794,0.692122
12853,0.00046371284,0.46292824,0.989791,0.90414387,0.7405498
12854,0.00048785712,0.69118476,0.97112906,0.97671366,0.8535469
12855,5.9209164e-05,0.690872,0.9851003,0.9563089,0.32327327
12856,0.0019192374,0.70911986,0.99108386,0.99002504,0.5155437
12857,0.0025509123,0.46392995,0.9572778,0.98771137,0.7509182
12858,0.0006851713,0.54234827,0.97958976,0.97923523,0.6802417
12859,0.0008830458,0.6105696,0.98486924,0.98365986,0.7498207
12860,0.0018315102,0.7390459,0.9113377,0.9780936,0.96909106
12861,0.00011412239,0.69014156,0.89460546,0.9635062,0.7019174
12862,0.00044770088,0.5877065,0.96814114,0.7893961,0.61508787
12863,0.0012399962,0.840521,0.967163,0.9846347,0.644337
12864,0.0002082501,0.85342485,0.9184803,0.9305845,0.5089865
12865,0.0041179177,0.7692537,0.9887554,0.98527133,0.79117644
12866,0.0019117695,0.67437226,0.96391606,0.97107434,0.7295198
12867,0.0004322415,0.4046839,0.9606575,0.9401336,0.8494724
12868,0.0020911063,0.00030061635,0.9564718,0.91321325,0.7756048
12869,0.0005571117,0.0006563728,0.9834705,0.966028,0.80147004
12870,0.00042554305,0.0016743992,0.91383046,0.98080254,0.9046505
12871,0.0028118587,0.0020667946,0.8077641,0.9803186,0.9026096
12872,0.0008295892,0.0025409926,0.9906238,0.8326453,0.34191203
12873,0.00018093576,0.0046455576,0.9747731,0.9014011,0.6906634
12874,0.00015476662,0.0005838325,0.9557341,0.9815244,0.39437586
12875,0.00069867563,0.0008626078,0.9314625,0.9720986,0.569314
12876,0.00024346048,0.0008295892,0.97622,0.9803186,0.6819386
12877,9.3145936e-05,0.00039204178,0.9879462,0.9673486,0.0070664007
12878,0.00017674513,0.00016603847,0.9114953,0.9694979,0.0008360903
12879,0.0002082501,0.0005152657,0.96771675,0.98302,0.0005274784
12880,0.00024536948,0.0005703157,0.9719925,0.84376645,0.0012255674
12881,0.00012931564,0.00075540564,0.967225,0.983343,0.0003175088
12882,0.00074953143,0.00044770088,0.971564,0.93257624,0.0007916296
12883,0.00046190585,0.0020507434,0.97052056,0.9856076,0.00074661145
12884,0.0003029734,0.0018530593,0.9791557,0.9748691,0.00402291
12885,0.00046734812,0.00084924564,0.96538115,0.9662198,0.0007152324
12886,0.0008459375,0.000310156,0.93071055,0.9717254,0.00023782204
12887,0.0003327413,0.0003327413,0.94901186,0.8822251,0.00027372167
12888,0.0014493985,0.00054847926,0.99273914,0.9571178,0.000119598575
12889,0.0006693099,0.0012160416,0.99178034,0.85403454,0.00018093576
12890,0.0010162441,0.00055062474,0.9879462,0.9455002,0.0005703157
12891,0.0034030052,0.00047101185,0.84389514,0.9430336,0.00029137006
12892,0.0006615174,0.0012065897,0.98242307,0.9570375,0.0015669889
12893,0.0007643033,0.00094730896,0.97737074,0.9217811,0.00024536948
12894,0.00021318757,0.0024534282,0.9837225,0.96028674,0.00025714198
12895,0.00307537,0.00031999825,0.97608364,0.83815056,0.00015476662
12896,0.00089344557,0.001957017,0.97539,0.9407897,0.0018458483
12897,0.0007408056,0.0024060889,0.9900636,0.9015746,0.00053578056
12898,0.00054847926,0.0005193049,0.95938325,0.9231778,0.000559291
12899,0.0007350449,0.00092900335,0.9462997,0.8840393,0.0002846224
12900,0.0010005044,0.0005636751,0.9725715,0.93171144,0.0003982131
12901,0.0010691263,0.00023050673,0.9869292,0.83682144,6.868318e-05
12902,0.00038296366,0.00025315638,0.9781772,0.9078038,0.0004322415
12903,0.00018093576,0.0015427324,0.98555213,0.94427973,0.00032250723
12904,0.00030534892,0.0014325366,0.9600627,0.9800913,0.0021827165
12905,0.00027372167,0.0009110512,0.9617499,0.9302051,0.0036642202
12906,0.00044595622,0.0003889921,0.92206234,0.8067004,0.00040448149
12907,0.0010944522,0.0005053046,0.9801673,0.9370958,0.00058155763
12908,0.0019955386,0.0012303583,0.94639885,0.9898303,0.0009773504
12909,0.00035281325,0.0014721896,0.96095175,0.9561454,9.387641e-05
12910,0.00017813111,0.0002758679,0.9022657,0.99029154,7.905304e-05
12911,0.0007613258,0.0003406293,0.97074324,0.988085,0.00020184422
12912,0.0004322415,0.0004691764,0.97369474,0.9186264,0.0014269596
12913,0.00018667821,5.307508e-05,0.961678,0.93306583,0.0012994275
12914,0.00032503586,0.0020427648,0.9582261,0.9962346,0.00050137425
12915,0.0018315102,9.028039e-05,0.98942953,0.98054343,0.0004691764
12916,0.00071244594,0.001032231,0.9874236,0.9493885,0.0004322415
12917,0.0005193049,7.543321e-05,0.93403506,0.99424744,0.0003668626
12918,0.00029137006,0.0002959571,0.9601375,0.97662467,0.00051728135
12919,0.00046190585,2.9541427e-05,0.9840936,0.9480585,0.0003668626
12920,0.0003125878,0.0013564017,0.9966756,0.8895288,0.0007947255
12921,0.0014103585,0.0012113064,0.94539934,0.9291838,0.00090044667
12922,0.0028338498,0.00012533752,0.99549675,0.92643696,0.0005463421
12923,0.00016997529,0.00012339458,0.9704086,0.95540243,0.00031999825
12924,0.00049747445,0.000101503836,0.9701835,0.79692537,0.00042223287
12925,0.00078547397,0.00027159214,0.86223567,0.92827886,0.00020502214
12926,0.00042388475,0.0009850083,0.7514658,0.6712551,0.0008360903
12927,0.00011235328,0.0004322415,0.8636218,0.92359227,0.00019110432
12928,0.00040133507,0.0003433,0.94427973,0.95679593,0.00027803096
12929,0.0006771943,0.0014381354,0.9658996,0.85776806,0.00029137006
12930,0.98657167,0.00048217614,0.9142907,0.86048645,0.0006851713
12931,0.985663,0.0016743992,0.95806944,0.9649213,0.00043733438
12932,0.94539934,0.00042887923,0.936285,0.9272316,0.001648483
12933,0.97467697,0.0007096704,0.9488225,0.9634375,0.0014158707
12934,0.9596866,0.00029365462,0.9449947,0.8893368,0.00013765463
12935,0.9890131,0.00018378456,0.81227237,0.9759006,0.0005295418
12936,0.9686789,0.0018602987,0.8840393,0.97800976,0.0011160142
12937,0.9737447,0.00081355654,0.9526623,0.98722816,0.00042554305
12938,0.99588215,0.00075835997,0.93891287,0.9551521,0.00049168157
12939,0.9542227,0.00094730896,0.9637117,0.9257686,0.0006719278
12940,0.97719735,0.00030061635,0.9043131,0.9572778,0.00037118542
12941,0.98761624,0.0024060889,0.9757161,0.9378969,0.0006798429
12942,0.9891816,4.5753914e-05,0.9948803,0.9097468,0.0005399804
12943,0.9570375,0.00035836728,0.9887554,0.77864933,0.0006436856
12944,0.9443824,0.00091819005,0.94509614,0.96641046,0.00025118678
12945,0.94966936,0.0042151595,0.96425414,0.9142907,0.00024536948
12946,0.9443824,5.694103e-05,0.98677725,0.9401336,0.0006411777
12947,0.9765801,0.00054847926,0.9522199,0.96050966,0.0024249144
12948,0.9905143,0.00017674513,0.967163,0.99010193,0.0033897832
12949,0.8711464,0.00021318757,0.9551521,0.98892784,0.00025714198
12950,0.9680205,8.8189234e-05,0.95861524,0.91274774,0.0015487612
12951,0.91102153,0.00020502214,0.9884919,0.9626028,0.0010525686
12952,0.9508692,0.0012545944,0.94891727,0.96672606,0.0009146137
12953,0.9069832,0.0014664583,0.93108755,0.9922444,0.00010229985
12954,0.8778961,0.00012148176,0.9694979,0.9183339,0.0003597694
12955,0.98046875,0.0004322415,0.7871142,0.95379424,0.0008263576
12956,0.9378969,0.0004994205,0.985663,0.93686515,0.00025915826
12957,0.96989965,0.0005747862,0.98527133,0.98166555,0.0001634647
12958,0.9390248,0.0003175088,0.9841546,0.95976204,7.905304e-05
12959,0.8000679,0.00012533752,0.99135584,0.92788786,0.0003726377
12960,0.96405166,7.543321e-05,0.98998636,0.95679593,0.00028910325
12961,0.98282325,0.00046734812,0.7512834,0.96182173,0.0003150387
12962,0.94853723,0.00013342,0.8067004,0.96498734,0.0010691263
12963,0.89010334,0.0004859561,0.9312127,0.9775858,0.003235056
12964,0.962462,0.0007014083,0.98155975,0.831006,0.00035281325
12965,0.87037706,0.91978675,0.98871195,0.96961325,0.0012448432
12966,0.9590777,0.913368,0.99477994,0.96795994,0.00040133507
12967,0.9883128,0.9871293,0.9885361,0.9635062,0.00012053649
12968,0.9638481,0.9273633,0.990732,0.947186,0.0005703157
12969,0.9645224,0.9753431,0.966156,0.91228,0.00029827765
12970,0.97702265,0.9457011,0.9635748,0.9500415,0.00063124346
12971,0.921499,0.92696756,0.97090924,0.9828892,0.95447797
12972,0.9814889,0.9841546,0.97068775,0.97458035,0.96765566
12973,0.9092645,0.73810315,0.9498557,0.99486035,0.99630713
12974,0.96425414,0.9666631,0.97052056,0.98971164,0.9238675
12975,0.98866826,0.96021223,0.91413754,0.99256825,0.98588216
12976,0.9217811,0.9853843,0.9443824,0.9652504,0.98998636
12977,0.938124,0.93913656,0.97879386,0.64690644,0.9786719
12978,0.9587699,0.9721515,0.9401336,0.9871788,0.9078038
12979,0.9167081,0.9635062,0.8146434,0.96253246,0.9360516
12980,0.99010193,0.9494823,0.7412996,0.96995664,0.906156
12981,0.9686196,0.9583042,0.9342753,0.966156,0.92007446
12982,0.95938325,0.94208187,0.9747251,0.9548163,0.9730877
12983,0.9803562,0.9548163,0.95606345,0.9721515,0.8330532
12984,0.9512329,0.92643696,0.96267307,0.8308688,0.96124375
12985,0.83775276,0.76454014,0.9509604,0.96124375,0.98986953
12986,0.98123896,0.87589324,0.8866169,0.82275945,0.9428234
12987,0.9658352,0.75868946,0.967101,0.95791227,0.9213576
12988,0.97821885,0.9429286,0.9870297,0.9314625,0.90829307
12989,0.97414124,0.9697281,0.97334224,0.9510514,0.9267028
12990,0.9566342,0.8785229,0.9510514,0.044597577,0.94757545
12991,0.94240075,0.967225,0.9619649,0.0041019293,0.9829547
12992,0.9785493,0.98314995,0.97958976,0.0362883,0.8976953
12993,0.9922444,0.92788786,0.95791227,0.07696084,0.9874721
12994,0.9965837,0.8393393,0.9828892,0.10687689,0.84594244
12995,0.9466954,0.97510713,0.9015746,0.071202725,0.9233162
12996,0.98365986,0.8906752,0.020645931,0.014009566,0.96777767
12997,0.8507168,0.9168571,0.0035518846,0.018725162,0.8451773
12998,0.9722571,0.9360516,0.0051396107,0.021906367,0.8251675
12999,0.87589324,0.9780936,0.009708476,0.06500873,0.91700584
13000,0.9619649,0.9549004,0.020567095,0.05470151,0.9905874
13001,0.94479126,0.95239735,0.023197627,0.10743748,0.9161096
13002,0.9411153,0.9222025,0.021246698,0.01107216,0.82118756
13003,0.8362874,0.9348725,0.0154839875,0.027220903,0.5896573
13004,0.92007446,0.9845754,0.010130412,0.040845715,0.98173577
13005,0.92007446,0.94815457,0.032528225,0.026205415,0.91413754
13006,0.97640073,0.9929061,0.005159623,0.029873092,0.78858316
13007,0.97711015,0.9666631,0.0053018946,0.0121471705,0.8393393
13008,0.97339284,0.953188,0.017442483,0.02199022,0.8891444
13009,0.97796774,0.9718326,0.010288301,0.012007351,0.9564718
13010,0.98046875,0.89858866,0.08897849,0.010328152,0.96538115
13011,0.99440175,0.9352283,0.01584536,0.010986943,0.9678993
13012,0.9901782,0.9333094,0.022715755,0.078359805,0.98582757
13013,0.906156,0.89823216,0.0064381026,0.028220989,0.98835784
13014,0.93033177,0.88582915,0.0022343625,0.046638038,0.97997653
13015,0.98555213,0.95565146,0.0128707485,0.0032476764,0.9692078
13016,0.97298527,0.9749169,0.019271137,0.006692851,0.968441
13017,0.9656413,0.96989965,0.03635666,0.010693758,0.9789956
13018,0.97662467,0.96021223,0.01665704,0.005001672,0.98173577
13019,0.9630224,0.9785493,0.022074388,0.0130707845,0.91978675
13020,0.89218736,0.9497627,0.0046455576,0.0057302467,0.99174845
13021,0.9281487,0.9859364,0.0028783479,0.059319146,0.9680205
13022,0.9758546,0.5217453,0.0012303583,0.059646938,0.96672606
13023,0.9056566,0.961678,0.0022430879,0.035611413,0.9888419
13024,0.8641959,0.98486924,0.003945407,0.01685008,0.9686196
13025,0.8632764,0.7756048,0.017309096,0.003135836,0.91978675
13026,0.96329963,0.9622497,0.010611421,0.09636511,0.8191712
13027,0.8494724,0.983343,0.007232764,0.16613355,0.93913656
13028,0.96102494,0.9497627,0.09894659,0.018511046,0.9558166
13029,0.913368,0.85536855,0.023689471,0.008745182,0.98054343
13030,0.9164094,0.88875884,0.0017477857,0.02132808,0.98050606
13031,0.91730267,0.9819447,0.048676573,0.013636836,0.950411
13032,0.9718859,0.9507779,0.03120282,0.013325147,0.928668
13033,0.9695556,0.9762654,0.05997644,0.009161027,0.8906752
13034,0.9775858,0.9404625,0.009708476,0.012288597,0.8552477
13035,0.9934865,0.9810946,0.013532149,0.5886527,0.8454327
13036,0.9518632,0.85318035,0.015543648,0.7659437,0.9724148
13037,0.9250947,0.8964329,0.02237146,0.45177996,0.9404625
13038,0.971564,0.9757161,0.056548133,0.462382,0.9777564
13039,0.95735765,0.8546422,0.018689308,0.86545163,0.9418684
13040,0.975249,0.9434519,0.0057974015,0.70911986,0.98365986
13041,0.9943141,0.8600169,0.0040860027,0.7854732,0.9834705
13042,0.98840266,0.9845754,0.009522486,0.2441827,0.9293122
13043,0.9568766,0.96544635,0.025662705,0.67672676,0.9923044
13044,0.9184803,0.9432431,0.83004373,0.54237854,0.9817007
13045,0.82261705,0.96050966,0.86849254,0.2166738,0.9334308
13046,0.97644573,0.8594279,0.82824534,0.74706274,0.94891727
13047,0.9797065,0.5474036,0.64074826,0.46471936,0.99209267
13048,0.96557647,0.8465777,0.7296161,0.6303436,0.953188
13049,0.9850429,0.97409195,0.77713084,0.9038049,0.9513234
13050,0.9630224,0.9761292,0.90632194,0.44580096,0.96080494
13051,0.96995664,0.9559813,0.41584745,0.7004852,0.91086304
13052,0.9462997,0.9439706,0.81699115,0.47737145,0.9500415
13053,0.9636434,0.92495924,0.68257374,0.8288003,0.8978745
13054,0.9608783,0.94600123,0.47122326,0.82893884,0.81316423
13055,0.9658352,0.9116528,0.39227864,0.65698844,0.94240075
13056,0.8949732,0.90448195,0.8842393,0.40262696,0.9635748
13057,0.9651191,0.93558234,0.37216288,0.83548355,0.93880075
13058,0.9341553,0.9700135,0.49594885,0.31489265,0.85741025
13059,0.97543687,0.6880493,0.34180218,0.20769641,0.9404625
13060,0.9809125,0.94068086,0.6329566,0.7876047,0.99196917
13061,0.9697854,0.47759986,0.83642095,0.56739736,0.9326989
13062,0.98521465,0.8705973,0.6556668,0.67939144,0.97112906
13063,0.9805807,0.87525487,0.6982266,0.5835,0.97204566
13064,0.9834705,0.9019207,0.43788362,0.58847535,0.93891287
13065,0.9114953,0.90397453,0.5382855,0.57600546,0.97151
13066,0.9434519,0.9758085,0.5077776,0.66725606,0.87310666
13067,0.99453074,0.89912134,0.18242553,0.70750576,0.9839708
13068,0.993807,0.9186264,0.7337381,0.80746067,0.9552357
13069,0.9685601,0.84556025,0.72894126,0.7858021,0.8095773
13070,0.9769787,0.87048715,0.8828326,0.66974485,0.8677098
13071,0.9493885,0.92775697,0.78199726,0.6964747,0.7446563
13072,0.98080254,0.8451773,0.76559335,0.76960015,0.7999117
13073,0.876423,0.9723097,0.83642095,0.54477113,0.88602656
13074,0.9466954,0.9291838,0.8053262,0.59060216,0.8840393
13075,0.98588216,0.97543687,0.8543993,0.44055954,0.9595352
13076,0.9407897,0.9834705,0.3181673,0.6950276,0.97068775
13077,0.90000373,0.9780517,0.7498207,0.39501747,0.7531037
13078,0.9725715,0.8797679,0.45280817,0.7682119,0.96909106
13079,0.93367314,0.976038,0.61878043,0.10557884,0.90747637
13080,0.9881309,0.95869267,0.8113773,0.7071014,0.89715594
13081,0.9432431,0.91352236,0.61624324,0.17078441,0.65246284
13082,0.9738444,0.5848048,0.47469205,0.25870037,0.8085212
13083,0.93663365,0.9822196,0.8338664,0.66093874,0.966347
13084,0.98926485,0.94197524,0.7331653,0.7831604,0.9539661
13085,0.9763105,0.92879725,0.6436653,0.8656789,0.9590777
13086,0.9563905,0.85919183,0.6623598,0.7105279,0.94834626
13087,0.042642392,0.94261247,0.6943027,0.32993123,0.9238675
13088,0.04008736,0.7754348,0.62498045,0.7942254,0.9339146
13089,0.0551069,0.9053223,0.78199726,0.71730906,0.9829547
13090,0.029035643,0.7348813,0.5782696,0.805173,0.9761746
13091,0.12819736,0.9709644,0.8889517,0.23722234,0.9932288
13092,0.13881165,0.7934263,0.54440784,0.66562796,0.99253935
13093,0.025371311,0.9734938,0.761893,0.5217605,0.96903247
13094,0.0416178,0.9749169,0.87873113,0.8873999,0.95735765
13095,0.026506126,0.938124,0.80084777,0.5316045,0.97622
13096,0.014281933,0.9662198,0.6401861,0.79865825,0.9562273
13097,0.024376597,0.92563426,0.5251709,0.45377618,0.8669231
13098,0.020332353,0.9026096,0.70201963,0.81077874,0.9700703
13099,0.02854415,0.9064877,0.44269672,0.53096616,0.98780584
13100,0.020527788,0.9298237,0.8190264,0.78249633,0.98657167
13101,0.041384716,0.9451974,0.3992845,0.80115914,0.8000679
13102,0.017509557,0.8512122,0.46013728,0.65279496,0.89912134
13103,0.022933565,0.7518304,0.43434134,0.52733177,0.9531008
13104,0.022933565,0.9918121,0.44007817,0.60609055,0.950411
13105,0.016529556,0.7659437,0.7108291,0.2850733,0.9759923
13106,0.04594821,0.76171577,0.46113813,0.7272012,0.91625965
13107,0.008445627,0.8879841,0.60369825,0.80700475,0.961678
13108,0.012053779,0.6435533,0.84428066,0.8529355,0.9778412
13109,0.06359858,0.84389514,0.7426084,0.94539934,0.99620515
13110,0.005842605,0.9778412,0.7153245,0.9187722,0.9487276
13111,0.011508149,0.6660625,0.8042522,0.7010995,0.98555213
13112,0.11066323,0.9079672,0.6040486,0.22017473,0.9076402
13113,0.0022430879,0.96309197,0.7554566,0.6739432,0.94386727
13114,0.04418332,0.8292156,0.47724956,0.12678517,0.96771675
13115,0.018905446,0.92892635,0.70466846,0.4952928,0.9444849
13116,0.013273886,0.92495924,0.65168744,0.6949242,0.9558166
13117,0.038178273,0.9777564,0.45519865,0.471497,0.9666002
13118,0.035611413,0.93183565,0.6280653,0.77063745,0.9205043
13119,0.007876706,0.93698055,0.5715275,0.9005298,0.9753431
13120,0.0085443305,0.9630224,0.20197058,0.5822535,0.9912548
13121,0.033907957,0.6313671,0.54516464,0.39711982,0.8373541
13122,0.012007351,0.9451974,0.8171371,0.6135839,0.9875683
13123,0.04813677,0.790692,0.23265864,0.5943158,0.9455002
13124,0.025711587,0.0154839875,0.5318173,0.3116363,0.8067004
13125,0.004591684,0.03527755,0.65522575,0.685002,0.81316423
13126,0.0018386652,0.14438997,0.13614832,0.32552055,0.96697646
13127,0.6614857,0.0066153924,0.65742844,0.84581506,0.91490096
13128,0.6304574,0.023330769,0.60305554,0.5241054,0.9775
13129,0.67683357,0.009485713,0.39041775,0.84208554,0.9548163
13130,0.53151333,0.002217013,0.2165081,0.7433543,0.96378
13131,0.7673414,0.037608635,0.39239505,0.61404693,0.9635748
13132,0.66268736,0.034100424,0.44438395,0.6012424,0.8912444
13133,0.648021,0.008124708,0.7641884,0.60917544,0.62589556
13134,0.6987408,0.0060269516,0.85776806,0.45677322,0.97288233
13135,0.7752647,0.02865267,0.641647,0.5551338,0.91715443
13136,0.7673414,0.06097518,0.7874412,0.4424558,0.94728357
13137,0.7525585,0.022328783,0.8474635,0.64946747,0.94261247
13138,0.4066263,0.03567855,0.5696133,0.46684557,0.24944726
13139,0.7709825,0.014785407,0.18330106,0.5966095,0.108566426
13140,0.56277734,0.023419945,0.8508408,0.50279427,0.016152835
13141,0.6995624,0.01798621,0.92956835,0.5396201,0.037963696
13142,0.35599875,0.005060332,0.7611836,0.6966811,0.06620602
13143,0.3562227,0.009232215,0.67854,0.7833262,0.010693758
13144,0.34356195,0.002800927,0.82018155,0.6065567,0.0017683518
13145,0.7050748,0.0074317735,0.35108855,0.624179,0.0131212715
13146,0.4028619,0.009936419,0.5930202,0.73753643,0.010328152
13147,0.88543355,0.009125637,0.8940517,0.654674,0.03429395
13148,0.6025294,0.025226826,0.21717146,0.4702652,0.0040701376
13149,0.8589554,0.06669065,0.2972659,0.78116375,0.017242778
13150,0.58664125,0.030733928,0.69884354,0.8342719,0.09825223
13151,0.6374823,0.0019267347,0.48800126,0.81331253,0.010368157
13152,0.38381448,0.03015741,0.6522414,0.18388654,0.0140636265
13153,0.52445555,0.0027255826,0.6694208,0.4583487,0.06198946
13154,0.88263035,0.009522486,0.31668615,0.7106283,0.06608538
13155,0.8784186,0.018797074,0.7132319,0.6916015,0.0849471
13156,0.8668104,0.021004366,0.6658453,0.651133,0.023962023
13157,0.6725468,0.0279544,0.624866,0.24310297,0.0063635735
13158,0.891811,0.19728975,0.7531037,0.57104915,0.008610767
13159,0.43536133,0.003004343,0.20882356,0.5850419,0.013376604
13160,0.674801,0.024845436,0.72990495,0.36127737,0.018299332
13161,0.90878,0.005220126,0.6918097,0.017509557,0.007204769
13162,0.35543922,0.04443143,0.8110782,0.0527164,0.008380453
13163,0.8308688,0.036631364,0.74558365,0.010328152,0.054298937
13164,0.7052778,0.5477967,0.53661644,0.025957357,0.0017752605
13165,0.7483523,0.725065,0.66257817,0.026759284,0.039121646
13166,0.84453726,0.9546474,0.9541374,0.01384861,0.011597362
13167,0.7934263,0.5861676,0.30167055,0.019234259,0.02806074
13168,0.5941392,0.6796041,0.5429844,0.017110888,0.011869121
13169,0.8700462,0.53260744,0.5628975,0.03327394,0.048047356
13170,0.74816835,0.389953,0.4241734,0.063831605,0.010408314
13171,0.7364006,0.74890363,0.853669,0.02096424,0.08284563
13172,0.4500875,0.49280214,0.661595,0.051082738,0.01685008
13173,0.17795369,0.59766656,0.70821255,0.053700306,0.05051767
13174,0.5767208,0.17023194,0.5519662,0.004297939,0.011463798
13175,0.76559335,0.7588682,0.62291825,0.025809623,0.014785407
13176,0.6802417,0.6949242,0.67608553,0.0068239546,0.013273886
13177,0.8224745,0.6807725,0.52606887,0.015784562,0.020488555
13178,0.45625833,0.8509647,0.7611836,0.023109278,0.057176597
13179,0.87578696,0.6854233,0.64712954,0.017110888,0.09434342
13180,0.58936185,0.6031724,0.8668104,0.030043371,0.015543648
13181,0.56481874,0.7433543,0.71153116,0.0061212815,0.0074606435
13182,0.6662797,0.66823107,0.37811458,0.019794779,0.024053553
13183,0.6669308,0.8103289,0.027480694,0.020215968,0.020606475
13184,0.35510373,0.2842779,0.05899303,0.004198795,0.5644586
13185,0.2052962,0.8879841,0.011597362,0.03234433,0.96391606
13186,0.9003547,0.95068645,0.033526164,0.015663648,0.8507168
13187,0.93171144,0.8037906,0.008030813,0.01374232,0.66823107
13188,0.6006569,0.23970512,0.0065134983,0.014842416,0.79549927
13189,0.8318272,0.87147486,0.007695647,0.07723878,0.9073123
13190,0.69014156,0.79975533,0.0121471705,0.028598359,0.6142205
13191,0.4865907,0.68257374,0.012383785,0.007725534,0.8767399
13192,0.7829945,0.8112278,0.007606672,0.027795624,0.47941226
13193,0.67168593,0.87621135,0.01778039,0.008677716,0.6960617
13194,0.5723643,0.82796735,0.013222822,0.021165619,0.6219428
13195,0.39641863,0.7152251,0.02665774,0.012920474,0.8610715
13196,0.4502385,0.39565945,0.020567095,0.018055335,0.77304506
13197,0.49832442,0.8262917,0.018546565,0.021656677,0.7733876
13198,0.44399214,0.5497615,0.021409769,0.0031850608,0.69097626
13199,0.532182,0.7479843,0.02532306,0.009376237,0.4947588
13200,0.6686639,0.84273374,0.02120612,0.011642224,0.5558572
13201,0.30280325,0.51382095,0.012771867,0.018194368,0.37022537
13202,0.26322043,0.70089483,0.041695766,0.018869255,0.59596294
13203,0.7558173,0.7401744,0.021165619,0.011508149,0.71730906
13204,0.6962682,0.40927982,0.016029147,0.05350215,0.6238353
13205,0.57928145,0.19544049,0.007232764,0.0013354007,0.3427915
13206,0.5340658,0.8750414,0.002822833,0.007876706,0.34037554
13207,0.52669275,0.55886877,0.008445627,0.010408314,0.5381338
13208,0.6062071,0.49186015,0.05749328,0.0434469,0.46471936
13209,0.74298155,0.7834919,0.032466814,0.015365342,0.33003917
13210,0.8030194,0.46198758,0.03327394,0.019606182,0.31827325
13211,0.84594244,0.6145675,0.010986943,0.003960788,0.5940803
13212,0.48738366,0.6706083,0.0024249144,0.003960788,0.692122
13213,0.85403454,0.48956454,0.005842605,0.015784562,0.655336
13214,0.5361004,0.79246426,0.011508149,0.011029471,0.54731286
13215,0.7576151,0.77167153,0.0061212815,0.013532149,0.449
13216,0.67854,0.57224476,0.0049436893,0.016152835,0.4154916
13217,0.7180016,0.46648097,0.004905406,0.038756195,0.45565274
13218,0.81167597,0.8614217,0.011642224,0.026810195,0.77081
13219,0.28288904,0.7527403,0.08464396,0.08586246,0.71839684
13220,0.51464427,0.3243424,0.0053640567,0.15140383,0.7774689
13221,0.6841585,0.52398366,0.020061802,0.039121646,0.45105445
13222,0.80332816,0.722527,0.015365342,0.15804437,0.81271875
13223,0.87557435,0.5895392,0.004556114,0.022542967,0.46065283
13224,0.52991724,0.6577583,0.042802144,0.042166542,0.5316349
13225,0.86669767,0.6695288,0.00588816,0.024099445,0.23757592
13226,0.5292178,0.3100673,0.026455775,0.05613278,0.31997076
13227,0.7379143,0.8470844,0.0527164,0.008950711,0.36636302
13228,0.888372,0.5225829,0.041462272,0.11397347,0.309754
13229,0.7343101,0.5343695,0.008644178,0.047161866,0.6715783
13230,0.6681228,0.5381945,0.008677716,0.059319146,0.5752898
13231,0.654674,0.46948984,0.0059571536,0.043854564,0.62016165
13232,0.52180624,0.6345433,0.0094125895,0.13050689,0.65445316
13233,0.71393055,0.86669767,0.03378023,0.01621503,0.5627172
13234,0.5622366,0.61254144,0.07490528,0.0154839875,0.5688949
13235,0.53099656,0.76082844,0.07409726,0.072243005,0.64579034
13236,0.89010334,0.38093165,0.10248422,0.085403666,0.8130158
13237,0.56079394,0.5591396,0.1066906,0.03429395,0.85633236
13238,0.29017562,0.6739432,0.05165378,0.05531065,0.8548847
13239,0.2148561,0.7685595,0.010368157,0.0058653383,0.5440142
13240,0.17356819,0.31090358,0.112405084,0.09384396,0.60533255
13241,0.71452844,0.6669308,0.101767845,0.03234433,0.8908652
13242,0.7126323,0.29992476,0.016466174,0.009522486,0.263789
13243,0.7967673,0.4005735,0.11299101,0.052618954,0.47275957
13244,0.38653186,0.7692537,0.1183851,0.02178117,0.87396973
13245,0.5575442,0.23126681,0.006666932,0.0355444,0.603523
13246,0.7690802,0.49132627,0.0046095722,0.018089995,0.4446853
13247,0.67405045,0.36003888,0.008283626,0.008881675,0.46620762
13248,0.03429395,0.71102977,0.043284845,0.047074176,0.7992857
13249,0.016466174,0.53136134,0.05300977,0.029035643,0.7839885
13250,0.0057974015,0.3545448,0.08269734,0.110279374,0.6899327
13251,0.005343256,0.852199,0.0355444,0.0228462,0.7727022
13252,0.02942358,0.5201155,0.0069306716,0.13262685,0.74521303
13253,0.0037654135,0.5875882,0.04256273,0.04560694,0.71442884
13254,0.019345105,0.93663365,0.04200906,0.037326887,0.61820436
13255,0.024845436,0.43488124,0.0128707485,0.07558479,0.40568414
13256,0.006338922,0.55425936,0.09334688,0.05051767,0.3762793
13257,0.05613278,0.7037531,0.021004366,0.01665704,0.28288904
13258,0.10576342,0.5681762,0.021615332,0.26607114,0.6517983
13259,0.021004366,0.6004813,0.011642224,0.059866417,0.9043131
13260,0.0269635,0.59278446,0.0089161275,0.06717858,0.9242787
13261,0.046119746,0.69233006,0.005001672,0.004591684,0.8873999
13262,0.0060035964,0.5349162,0.024563087,0.008985429,0.77475387
13263,0.009746104,0.69368047,0.021698097,0.023689471,0.8586
13264,0.009670992,0.5850419,0.017309096,0.07572137,0.5571527
13265,0.038394015,0.24835184,0.04185213,0.075995214,0.28328544
13266,0.007725534,0.76383626,0.037821285,0.0011469158,0.2799269
13267,0.020100236,0.79036856,0.060307644,0.00081993215,0.7010995
13268,0.01384861,0.8198933,0.014672035,0.0006641048,0.6545636
13269,0.0064381026,0.8586,0.072243005,8.7503e-05,0.4904873
13270,0.014227047,0.8217605,0.007725534,0.0013045066,0.5963744
13271,0.012383785,0.70069003,0.035211135,0.000104725565,0.53676826
13272,0.0154839875,0.51952136,0.012624949,0.00042554305,0.8388118
13273,0.002387409,0.8253083,0.07382971,0.0029810327,0.63238925
13274,0.021948254,0.72545415,0.21452682,0.0001823546,0.48329782
13275,0.011508149,0.611614,0.05281402,0.0006563728,0.4314045
13276,0.007636216,0.8596637,0.0026522598,0.00027159214,0.83155376
13277,0.04054074,0.4899992,0.020645931,0.00025315638,0.92617035
13278,0.015424552,0.57451415,0.00619299,0.0016040892,0.6321622
13279,0.014957086,0.09721884,0.06779314,0.00040448149,0.9152046
13280,0.017309096,0.5567611,0.024469668,0.0011424496,0.7558173
13281,0.0154839875,0.4801435,0.039342504,0.0007793661,0.6995624
13282,0.01784874,0.36999774,0.0002824081,0.00012148176,0.47324637
13283,0.041539967,0.9383503,0.0016420668,0.00048217614,0.49522415
13284,0.01717671,0.6178009,0.0005420927,0.0004840624,0.46854743
13285,0.007815889,0.71977776,0.00055494095,0.00076729245,0.654674
13286,0.03567855,0.42667985,0.00027372167,0.0002824081,0.80069196
13287,0.0038996208,0.4983015,0.0003275843,0.00049747445,0.86025184
13288,0.027585283,0.57624394,0.00013238186,0.00039051395,0.6490227
13289,0.017712299,0.8238959,0.00036117696,0.0027149853,0.6723317
13290,0.020884218,0.6427689,0.00069054146,0.0006462033,0.2979804
13291,0.011419615,0.7647159,0.00016474655,8.547617e-05,0.58308464
13292,0.025858775,0.84606963,0.00021995338,4.611275e-05,0.70426184
13293,0.059537485,0.55799586,0.0022694687,0.0004583129,0.6135839
13294,0.084191084,0.7927853,0.000559291,0.00268344,0.83907574
13295,0.051941562,0.01584536,0.0003597694,0.00018093576,0.37685242
13296,0.023734685,0.023779983,0.00016219282,0.00092178053,0.6007155
13297,0.07821887,0.06572466,0.00043733438,0.0002082501,0.9298237
13298,0.08929565,0.05281402,0.0008040859,0.00026738262,0.16317856
13299,0.018055335,0.010611421,0.0010817152,7.311254e-05,0.5594706
13300,0.057705317,0.009708476,6.5028165e-05,0.00079783343,0.29219118
13301,0.043772742,0.029873092,0.00075835997,0.00021485926,0.74558365
13302,0.12410682,0.012194132,0.0006361912,0.003135836,0.58249104
13303,0.050611433,0.008156248,0.00023413582,0.003991728,0.67640615
13304,0.008813166,0.025760558,0.00021824206,0.0006693099,0.65367985
13305,0.08464396,0.01678549,7.905304e-05,0.0003433,0.44743013
13306,0.11221036,0.011331754,0.0003597694,0.0007096704,0.8356178
13307,0.033526164,0.037608635,0.000493605,0.00059071044,0.75328517
13308,0.019985152,0.022715755,0.00023968685,0.00026119032,0.33241877
13309,0.05470151,0.025516603,0.00014313738,0.00041406954,0.012007351
13310,0.054903854,0.0063883206,0.0010566838,0.00077632995,0.040769268
13311,0.09041373,0.011687257,0.00013238186,0.03861093,0.004166256
13312,0.03155902,0.004331502,0.0014953384,0.04054074,0.008847355
13313,0.08897849,0.00698465,7.0863265e-05,0.0074606435,0.029145971
13314,0.056966383,0.018725162,0.00018378456,0.007846239,0.013532149
13315,0.03767939,0.0031850608,0.00016997529,0.0047737225,0.017509557
13316,0.011115014,0.05531065,0.0005378764,0.009821793,0.019946935
13317,0.076407686,0.12962294,0.0006771943,0.013795364,0.058131598
13318,0.20850106,0.008445627,0.001455063,0.0016875096,0.023330769
13319,0.032405518,0.08050192,0.00024156629,0.008380453,0.054298937
13320,0.0055119344,0.011869121,0.0007321813,0.003692853,0.037047166
13321,0.020332353,0.009559399,0.0007041516,0.032713123,0.00502115
13322,0.029760094,0.007937994,8.029784e-05,0.01461567,0.027690258
13323,0.04256273,0.02854415,0.00023413582,0.028436033,0.047425874
13324,0.023021257,0.0069306716,0.0046455576,0.015603535,0.041539967
13325,0.018797074,0.0036216856,0.024987794,0.0074030147,0.023330769
13326,0.030502053,0.058131598,0.069921836,0.0057974015,0.0032858334
13327,0.017576884,0.004297939,0.0008693674,0.0063635735,0.06359858
13328,0.0058653383,0.05042407,0.0067449897,0.038756195,0.016340127
13329,0.02508314,0.039564554,0.0074030147,0.026006786,0.1066906
13330,0.014785407,0.3304712,0.010248602,0.00930395,0.051941562
13331,0.0130707845,0.038178273,0.012970386,0.014392336,0.0064882697
13332,0.024099445,0.0154839875,0.012053779,0.01001357,0.03594832
13333,0.01844021,0.05340333,0.0066411127,0.016914913,0.021004366
13334,0.034164816,0.009559399,0.0014269596,0.07004896,0.019531239
13335,0.030733928,0.04698664,0.0045032725,0.041307304,0.012527932
13336,0.023419945,0.046638038,0.010570489,0.033844035,0.005281334
13337,0.020924192,0.0586686,0.03442355,0.100524865,0.031026179
13338,0.025613915,0.06766981,0.0045032725,0.004133968,0.012920474
13339,0.04369106,0.009746104,0.04451443,0.009020279,0.0071491017
13340,0.010448625,0.0056638657,0.0094125895,0.046378206,0.003692853
13341,0.047074176,0.047161866,0.008813166,0.01384861,0.031439852
13342,0.018653521,0.007815889,0.0045208177,0.0034970103,0.0022518474
13343,0.015072629,0.05749328,0.0026419468,0.01836964,0.0715912
13344,0.00044770088,0.035144847,0.008881675,0.0016420668,0.01621503
13345,0.00027159214,0.015130728,0.0026419468,0.009974921,0.003960788
13346,0.002019014,0.041773878,0.008745182,0.010448625,0.059537485
13347,0.00037850367,0.0946777,0.0034564096,0.020449394,0.01384861
13348,0.0006693099,0.07250525,0.0046095722,0.0007947255,0.045777272
13349,0.00012436225,0.008745182,0.0042812545,0.0043653264,0.0058199596
13350,0.0011649561,0.022286186,0.004198795,0.0016875096,0.03038675
13351,0.00021824206,0.0063883206,0.00307537,0.0007350449,0.008061991
13352,0.0010484692,0.10194652,0.002570868,0.0011030267,0.04543722
13353,0.0010005044,0.03234433,0.03027187,0.0003275843,0.016340127
13354,0.00023231418,0.08035747,0.007907292,0.00029365462,0.00268344
13355,0.00010889691,0.083740406,0.019870713,0.0042812545,0.015014749
13356,0.00047656128,0.12581532,0.020844316,0.004054334,0.005576545
13357,0.00047285444,0.019308086,0.01374232,0.0006615174,0.049405243
13358,0.00019716943,0.04038907,0.0011740822,0.00015118199,0.037256766
13359,0.00063124346,0.05042407,0.0072608665,0.0043994132,0.07490528
13360,0.00010637458,0.100878626,0.0058653383,0.0007916296,0.03594832
13361,0.0008295892,0.027014792,0.0007947255,0.00032250723,0.012576348
13362,0.00030061635,0.024750972,0.00685048,0.0006771943,0.04410091
13363,0.00011591935,0.054903854,0.003692853,0.002946405,0.061424043
13364,0.0001634647,0.091220066,0.002463007,0.005001672,0.02132808
13365,0.000113234375,0.06766981,0.008124708,0.0013354007,0.029145971
13366,9.915273e-05,0.051082738,0.009125637,0.0001168284,0.04115289
13367,0.00016219282,0.008745182,0.0013250224,0.0009547317,0.030100338
13368,7.782753e-05,0.012241275,0.04426588,0.0007041516,0.011687257
13369,0.0010859444,0.0121471705,0.007289077,0.00063124346,0.05300977
13370,0.0012207952,0.030043371,0.006413164,0.0012793075,0.005641909
13371,0.0012743262,0.00024536948,0.010368157,0.00014091856,0.06176271
13372,0.0003889921,0.0005132579,0.04995852,0.0039300853,0.08647765
13373,0.00020342697,0.00075835997,0.0007379196,0.00084264233,0.10070161
13374,0.00033015272,0.00024346048,0.010902374,0.0010005044,0.02249997
13375,0.0017207355,0.0003125878,0.009485713,0.0022343625,0.02865267
13376,0.00048029725,0.00019716943,0.0010987311,0.0007321813,0.017242778
13377,0.00047285444,5.7387595e-05,0.001044386,0.01107216,0.02013874
13378,0.000113234375,0.00022693386,0.0023596608,0.0037948343,0.054903854
13379,0.00010889691,0.0011030267,0.004198795,0.0006361912,0.044931643
13380,7.368593e-05,0.00039051395,0.0010649627,0.00025915826,0.056236345
13381,0.00040133507,0.00026119032,0.0013250224,0.0035936027,0.04369106
13382,0.0003077431,0.00074953143,0.00043733438,0.0008072305,0.07172112
13383,0.00020662983,0.000119598575,0.0022430879,0.00016474655,0.032405518
13384,0.0010083435,9.028039e-05,0.00029365462,0.0022872277,0.042403832
13385,0.0005152657,0.00021485926,0.0037217087,0.0011604197,0.0586686
13386,0.00063124346,5.2252268e-05,0.0013939502,0.0006771943,0.15178062
13387,0.00033535014,0.00019260288,0.0045384318,0.004248079,0.049405243
13388,0.021739595,0.0010403185,0.00071802974,0.0017821963,0.1274353
13389,0.005685907,0.00020027377,0.00069867563,0.0002824081,0.037186775
13390,0.0036216856,0.00022516825,0.0020507434,0.0012351678,0.04023794
13391,0.0031115087,0.00011235328,0.00080095365,0.0025909794,0.023286305
13392,0.006073934,0.00031999825,0.00016865275,0.0016613906,0.071332
13393,0.0021912407,0.0001168284,0.0010282109,0.0012113064,0.19590157
13394,0.009783876,0.00023597175,0.004556114,0.00087276706,0.026708463
13395,0.0018602987,0.00040133507,0.00035836728,0.0018748617,0.26265267
13396,0.020645931,0.00019716943,0.0006538155,0.0009547317,0.043936536
13397,0.0035380863,0.00016219282,0.0022083889,0.004314688,0.019531239
13398,0.00268344,0.000621463,0.0012399962,0.0011424496,0.012383785
13399,0.0128707485,4.2315594e-05,0.00033535014,0.00044421837,0.026355354
13400,0.009340025,1.7502925e-05,0.0002287133,0.0007643033,0.007725534
13401,0.01001357,5.4759766e-05,0.00057254656,0.00078241405,0.030792167
13402,0.014899643,0.00012533752,0.00012632043,0.00036543285,0.12819736
13403,0.007289077,6.868318e-05,0.0008231386,0.0015307452,0.15934819
13404,0.036562506,0.0003275843,0.0007733057,0.00012053649,0.09484524
13405,0.0057302467,0.00044421837,0.0013250224,0.0003406293,0.14511536
13406,0.006338922,0.00043733438,0.0029008575,4.870464e-05,0.10266401
13407,0.0026626128,0.000119598575,0.0037654135,0.0011424496,0.046291903
13408,0.0128707485,0.0006641048,9.535461e-05,0.00021152887,0.109134786
13409,0.0046818224,0.0002846224,0.00026738262,0.0011740822,0.05834584
13410,0.004468384,0.0002959571,9.3145936e-05,4.832564e-05,0.090253234
13411,0.00498227,0.00015000567,0.0011247575,0.00095101306,0.02442309
13412,0.01001357,0.0006563728,0.0012113064,0.00063124346,0.041539967
13413,0.010611421,0.00031999825,0.0011160142,0.00011235328,0.068787284
13414,0.012479699,0.00013342,0.001032231,0.0012497094,0.011869121
13415,0.0020507434,7.311254e-05,0.0003175088,0.00016093082,0.01584536
13416,0.0013723687,0.00017813111,0.000117744596,0.0011469158,0.25795195
13417,0.008610767,0.00021654405,0.00029137006,0.0001823546,0.021906367
13418,0.0107351625,6.402006e-05,0.00096975197,0.00017400544,0.033526164
13419,0.004556114,6.108855e-05,0.00057703455,0.0007643033,0.01844021
13420,0.0062170783,3.4537254e-05,0.00060471025,0.00040924744,0.06325052
13421,0.0018172832,4.985958e-05,0.00089693937,0.0019723359,0.03179867
13422,0.00083935994,0.00028910325,0.00016474655,0.00010637458,0.00035143827
13423,0.0006932423,0.00017536995,8.8189234e-05,0.00012148176,0.00020184422
13424,0.0015247863,0.00058840885,0.00022341637,0.000621463,0.00024729347
13425,0.0015011822,0.036562506,0.000628784,0.00017952797,0.0013045066
13426,0.0004897656,0.047958102,0.0006798429,0.00017952797,0.000104725565
13427,0.00092178053,0.026708463,0.00025915826,0.00020342697,0.0010083435
13428,0.0012160416,0.0022430879,0.0005636751,0.00040133507,0.0006641048
13429,0.0014214043,0.013480103,7.311254e-05,0.0010202174,0.00043733438
13430,0.00031999825,0.046464663,0.00058611616,0.0013250224,0.00045121065
13431,0.00402291,0.005598249,0.00040924744,0.001044386,0.0012160416
13432,0.0023051251,0.015365342,0.00010310212,0.0029694452,0.0004583129
13433,0.002463007,0.039195135,7.967301e-05,0.00058155763,0.00021318757
13434,0.001107339,0.00519988,0.0005399804,0.00015720345,0.00012436225
13435,0.0013885233,0.010818449,0.00033535014,0.0002959571,4.870464e-05
13436,0.0007524628,0.009974921,0.0010282109,0.0006538155,4.832564e-05
13437,0.00072648755,0.01450358,0.0026626128,0.0004583129,0.00039666123
13438,0.0011291547,0.012970386,0.0003935756,0.00047101185,0.00027159214
13439,0.004556114,0.022032265,0.00042223287,0.000628784,0.00062389387
13440,0.00024729347,0.014728614,0.00017536995,0.0007096704,0.00026323833
13441,0.00061183405,0.009859855,0.0014437558,0.00014313738,0.00037118542
13442,0.0063883206,0.014281933,0.00024729347,0.00037118542,0.00012243443
13443,0.0017961492,0.02655657,0.00018378456,0.0016875096,0.0005571117
13444,0.0005072813,0.04822634,0.00042720788,0.00062633416,0.00078547397
13445,0.0011203773,0.0044857943,0.0005378764,0.00012339458,0.00095101306
13446,0.0013198634,0.003678509,0.0003029734,0.0010242064,0.00021152887
13447,0.0015669889,0.010130412,0.00042058743,0.00048785712,0.00035143827
13448,0.0025311112,0.004556114,6.402006e-05,6.976471e-05,6.0613183e-05
13449,0.0011786721,0.02076474,0.00095846487,0.00016474655,0.0002098831
13450,0.00016093082,0.007204769,0.0014325366,0.00059071044,0.00014313738
13451,0.00049168157,0.007968815,0.00036117696,0.0060269516,0.00016093082
13452,0.0009399439,0.013325147,0.0031115087,0.0065642493,0.00011591935
13453,0.00020502214,0.043284845,0.00089344557,0.00588816,0.00075540564
13454,0.00050333556,0.0060035964,0.0021322616,0.0016040892,0.00020184422
13455,0.0033766122,0.02433019,0.0022518474,0.0073743653,0.00028685408
13456,0.0025114634,0.008950711,0.0048674177,0.0036216856,0.0002082501
13457,0.0013458604,0.0063883206,0.0009888597,0.012722708,0.00019260288
13458,0.0006436856,0.010693758,0.0010649627,0.0047183693,0.00014313738
13459,0.002693914,0.0119150225,0.0025409926,0.0058199596,0.0005193049
13460,0.010288301,0.03085051,0.00462753,0.00307537,0.00040133507
13461,0.00025315638,0.0066411127,0.0027576224,0.0036216856,0.00014425986
13462,0.002434382,0.018299332,0.003135836,0.0017546144,0.0002846224
13463,0.0005636751,0.019794779,0.0154839875,0.0012160416,0.00019260288
13464,0.003960788,0.013273886,0.0018530593,0.015663648,0.0011740822
13465,0.00036259004,0.0018748617,0.000621463,0.0012448432,0.00015967865
13466,0.0003859661,0.03085051,0.004038592,0.00062389387,7.662102e-05
13467,0.0005680935,0.023916386,0.0026522598,0.0013885233,0.0075187176
13468,0.0006563728,0.03138043,0.0017342081,0.0045738644,0.05023736
13469,0.0011291547,0.0068771075,0.0021239663,0.0055333884,0.008380453
13470,0.00039051395,0.033844035,0.00050137425,0.00305151,0.006241259
13471,0.0008360903,0.0011740822,0.0028783479,0.0019955386,0.0027255826
13472,0.00019411318,0.003260346,0.51247144,0.0039300853,0.0033897832
13473,0.0007916296,0.0013993983,0.12064587,0.004848533,0.0061212815
13474,0.00024156629,0.0048297215,0.15649123,0.08819004,0.009821793
13475,0.0002082501,0.0006070756,0.16926852,0.18447348,0.019308086
13476,0.00080095365,0.0003889921,0.22270013,0.253861,0.03461884
13477,4.298194e-05,0.0015792594,0.028114058,0.31153157,0.0130707845
13478,0.0018602987,0.0022083889,0.17064618,0.09721884,0.0031480708
13479,0.0005378764,0.0039148238,0.29229218,0.1301748,0.00809329
13480,0.00012731104,0.0019267347,0.24256428,0.10141133,0.04200906
13481,0.00048029725,0.0033504236,0.21733753,0.10706346,0.008847355
13482,0.0005442133,0.0043483814,0.19163005,0.02132808,0.0018602987
13483,0.00046552691,0.0032476764,0.27590945,0.04418332,0.033336826
13484,0.00015598028,0.00040606395,0.2467148,0.037397135,0.03308598
13485,0.0010525686,0.0040701376,0.046205748,0.023241926,0.0022783307
13486,0.0006798429,0.011201214,0.35131106,0.25036255,0.012100386
13487,0.00035557945,0.003869391,0.15495056,0.2664527,0.015663648
13488,0.00022341637,0.0012545944,0.26322043,0.17582092,0.00462753
13489,0.0002846224,0.0011832798,0.07850098,0.22473529,0.007785655
13490,0.0004565269,0.0016229671,0.18242553,0.14330755,0.008813166
13491,0.0011559009,0.00089693937,0.075858176,0.20040116,0.010288301
13492,0.00081038737,0.0014381354,0.1665398,0.056029383,0.018761083
13493,0.00085924764,0.0005527786,0.4996922,0.06841291,0.0037800956
13494,0.00017265156,0.0016743992,0.15405756,0.18388654,0.00502115
13495,0.00012436225,0.00022341637,0.067546695,0.19977595,0.0010859444
13496,7.0863265e-05,0.0008167381,0.046119746,0.11656274,0.005598249
13497,0.00010391067,0.0017961492,0.023419945,0.07409726,0.004591684
13498,0.00037702857,0.00081355654,0.10951516,0.14572217,0.0056200367
13499,0.00013032975,0.00053578056,0.22746934,0.06430005,0.0023141264
13500,0.00033797944,0.0012893283,0.4124118,0.28081354,0.010986943
13501,0.0009146137,0.0011380006,0.23196201,0.26990253,0.006289902
13502,0.0006166297,0.0006771943,0.05592617,0.22236224,0.0027149853
13503,0.0004691764,0.0008899655,0.14438997,0.17924304,0.011158031
13504,0.0006386796,0.0011604197,0.06705629,0.050611433,0.015663648
13505,0.0017274586,0.0011925492,0.013171949,0.28388062,0.0025114634
13506,0.005281334,0.0014837189,0.19452077,0.037608635,0.004248079
13507,0.00047285444,0.0016103574,0.29249424,0.39332676,0.012100386
13508,0.007204769,0.007846239,0.09842541,0.21370518,0.002434382
13509,0.002946405,0.0047737225,0.31447142,0.066934206,0.008577486
13510,0.0014664583,0.00189692,0.26284185,0.15895613,0.013636836
13511,0.01784874,0.0023413408,0.18907149,0.019160708,0.0055549247
13512,0.0011160142,0.0022783307,0.27835485,0.060863446,0.0002758679
13513,0.0013564017,0.0006190417,0.057599206,0.017442483,0.003991728
13514,0.0039148238,0.0010649627,0.5591095,0.015784562,0.00060471025
13515,0.0020348171,0.00041731575,0.024563087,0.010570489,0.0013147246
13516,0.0037800956,0.0007947255,0.13730095,0.13262685,0.0005636751
13517,0.006463138,0.0015247863,0.17981842,0.035078675,0.0013406203
13518,0.0029008575,0.0016613906,0.41146553,0.1884733,0.0006589401
13519,0.0015129384,0.0008231386,0.15431228,0.063134894,0.0012448432
13520,0.001044386,0.0037654135,0.053700306,0.254787,0.0015548134
13521,0.0013885233,0.0022343625,0.17356819,0.06097518,0.00027803096
13522,0.6184348,0.00028685408,0.19238758,0.115960725,0.009268014
13523,0.3682921,0.0009622126,0.038466193,0.36636302,0.0015731122
13524,0.061536737,5.694103e-05,0.012576348,0.36647636,0.00049168157
13525,0.08509905,0.0011203773,0.090253234,0.11357959,0.0004994205
13526,0.117572136,7.722192e-05,0.60141796,0.097734325,0.0016678823
13527,0.24148938,0.0003473453,0.73354733,0.13706978,0.00069867563
13528,0.32327327,0.0008559007,0.8746137,0.12158141,0.00010637458
13529,0.1183851,0.0005953407,0.5022278,0.4664203,0.0009966077
13530,0.09568694,0.00021152887,0.3328523,0.10302442,0.0003125878
13531,0.031026179,0.0006166297,0.10320506,0.13318956,0.00026738262
13532,0.2987982,0.00043055712,0.48707104,0.27943507,0.00069867563
13533,0.07382971,0.00028685408,0.17064618,0.048047356,0.0035936027
13534,0.16981852,0.0019646613,0.32584226,0.021409769,0.0011604197
13535,0.13352817,0.00039051395,0.24490438,0.018511046,0.016721142
13536,0.049773447,0.0006641048,0.3833527,0.1274353,0.0009362828
13537,0.13834533,0.00016997529,0.24580847,0.19698064,0.00040924744
13538,0.11476479,0.00014313738,0.6329566,0.1447523,0.00039977103
13539,0.030675802,0.00036973887,0.47600114,0.557755,0.003197487
13540,0.082549304,0.00023968685,0.36590973,0.5257341,0.0011203773
13541,0.24454336,0.0013458604,0.2863688,0.62509483,0.00078854576
13542,0.12085322,0.0003935756,0.1606607,0.35342818,0.0008830458
13543,0.14694206,0.00017952797,0.52016115,0.6581979,0.00109019
13544,0.09534947,0.0013670257,0.60399026,0.29838914,0.0013831174
13545,0.061875988,0.0012448432,0.26588047,0.42298123,0.0008626078
13546,0.13916224,0.0007069056,0.5256884,0.6073721,0.004150081
13547,0.09721884,0.0005614788,0.37782758,0.22575782,0.00044076296
13548,0.5656587,0.00031999825,0.41584745,0.3463202,0.00085924764
13549,0.07329728,5.9209164e-05,0.5852197,0.2979804,0.0040701376
13550,0.030502053,0.00024923251,0.22970797,0.60591567,0.0007069056
13551,0.25275275,0.0017274586,0.44290754,0.32188618,0.0003935756
13552,0.076683804,0.00021654405,0.4374029,0.6206791,0.00307537
13553,0.053206205,0.00040133507,0.5225981,0.076683804,0.001477943
13554,0.09203286,3.3214194e-05,0.39542598,0.72115445,9.028039e-05
13555,0.34356195,0.00025915826,0.6304574,0.45045,7.031184e-05
13556,0.60375667,8.957789e-05,0.25201568,0.55121136,0.00012148176
13557,0.045268092,0.00020184422,0.64299315,0.21304953,0.00050137425
13558,0.06500873,0.00025915826,0.359589,0.52453166,0.00028685408
13559,0.027585283,0.00044421837,0.67362124,0.33057922,0.0007408056
13560,0.1274353,0.00017265156,0.59278446,0.21502088,0.00024536948
13561,0.052521676,0.00027159214,0.53285056,0.6441132,0.0011424496
13562,0.047161866,0.000119598575,0.48762766,0.41294438,0.00021318757
13563,0.07146149,0.0012255674,0.4259634,0.6859495,0.00060945016
13564,0.07544843,0.00044945232,0.4744181,0.3310116,0.0002959571
13565,0.40450743,5.307508e-05,0.63533556,0.28170192,0.00037118542
13566,0.19027224,0.00032503586,0.65057826,0.566738,0.00023231418
13567,0.27076936,6.2050494e-05,0.61120796,0.4442935,3.426849e-05
13568,0.1606607,0.00012053649,0.2995148,0.6788595,0.000101503836
13569,0.32723817,0.00049553596,0.3733045,0.4322431,0.00050137425
13570,0.21321331,0.00021995338,0.31205547,0.09534947,0.00047470425
13571,0.19253936,4.985958e-05,0.56685793,0.091220066,6.868318e-05
13572,0.19620942,0.0003889921,0.32562774,0.50107193,0.00019716943
13573,0.13580412,0.00032503586,0.42119467,0.72749174,0.00018814208
13574,0.22236224,0.00025118678,0.6105696,0.649912,0.00011591935
13575,0.05942822,6.868318e-05,0.54292387,0.56913435,0.00016603847
13576,0.49242073,0.01784874,0.85195273,0.3528705,0.00049168157
13577,0.37639388,0.002570868,0.9027811,0.14438997,0.00029827765
13578,0.41679665,0.0007350449,0.3852012,0.16079243,0.00072932884
13579,0.023109278,0.0064381026,0.17036992,0.10194652,0.00048029725
13580,0.18506189,0.0021912407,0.121790156,0.40327308,0.0004840624
13581,0.16198196,0.0018602987,0.09568694,0.10687689,0.0008231386
13582,0.06903793,0.012100386,0.21125406,0.27474037,6.402006e-05
13583,0.056548133,0.0007096704,0.05165378,0.5493687,9.993032e-05
13584,0.10989668,0.0010083435,0.4164406,0.2893717,0.0027900378
13585,0.3415825,0.00063124346,0.33895183,0.5215625,0.005842605
13586,0.84453726,0.0015487612,0.48793262,0.21634248,0.0027044292
13587,0.6827853,0.004810983,0.18155324,0.527636,0.0021742254
13588,0.6721165,0.0006719278,0.23458195,0.34786937,0.0029121784
13589,0.12656909,0.0011247575,0.39175496,0.44281718,0.005060332
13590,0.5366772,0.0017274586,0.21141681,0.049773447,0.0014437558
13591,0.7466935,0.00081038737,0.2985936,0.30871102,0.0038844766
13592,0.075995214,0.0012497094,0.4321832,0.09947021,0.009936419
13593,0.8262917,0.0015247863,0.0973904,0.35767972,0.0029810327
13594,0.34235165,0.012624949,0.6548947,0.07992552,0.002396731
13595,0.49541104,0.00619299,0.5537768,0.14175598,0.0014158707
13596,0.32820636,0.0016356753,0.3747907,0.37840167,0.0013511209
13597,0.6253237,0.0021657674,0.5880022,0.1991522,0.22084616
13598,0.18698417,0.011687257,0.5233747,0.55395776,0.16478509
13599,0.3637599,0.00042058743,0.426441,0.75617754,0.11397347
13600,0.41994524,0.0018102111,0.38856,0.7541916,0.028870907
13601,0.3952509,0.38196853,0.28477487,0.56913435,0.12315455
13602,0.4009839,0.14854057,0.32156652,0.631026,0.3351332
13603,0.48884764,0.35387462,0.36556992,0.25146383,0.21354114
13604,0.60305554,0.55148315,0.21850258,0.3497548,0.07935289
13605,0.7496374,0.07864238,0.12002562,0.43878523,0.16776334
13606,0.47155783,0.39951876,0.5538371,0.6500231,0.04401865
13607,0.48817664,0.3338289,0.45859116,0.6436653,0.2929997
13608,0.61468315,0.057918087,0.2507293,0.6276089,0.1491592
13609,0.54225737,0.03296124,0.53855854,0.5059468,0.26588047
13610,0.44718865,0.30891946,0.50794154,0.66093874,0.25701845
13611,0.4785288,0.027901376,0.7880943,0.46198758,0.099820666
13612,0.6101051,0.14116298,0.49266484,0.68899184,0.24400254
13613,0.742048,0.15304215,0.041773878,0.3331777,0.095518075
13614,0.8677098,0.28071496,0.4458311,0.36330795,0.18155324
13615,0.6175703,0.06791668,0.41875634,0.7390459,0.13534632
13616,0.70324385,0.10576342,0.32316646,0.5572129,0.04352814
13617,0.36624968,0.1799625,0.053899154,0.7392342,0.27845296
13618,0.651133,0.41733086,0.30404165,0.6437773,0.13251455
13619,0.102844074,0.24310297,0.3619537,0.49117368,0.45226374
13620,0.5131882,0.32359383,0.12326006,0.2971639,0.1431877
13621,0.6369179,0.05634009,0.050611433,0.1668111,0.27454585
13622,0.30891946,0.04922211,0.03234433,0.7268136,0.17881244
13623,0.43887538,0.13523208,0.08122776,0.6551154,0.44495666
13624,0.34268153,0.11066323,0.0658447,0.09687654,0.24184732
13625,0.73278314,0.3124749,0.037326887,0.07094482,0.051082738
13626,0.69378424,0.2737685,0.17398883,0.22286923,0.08586246
13627,0.7055822,0.41170207,0.0053849383,0.4541998,0.11476479
13628,0.38682136,0.1534223,0.035144847,0.19744445,0.17469168
13629,0.2166738,0.11104825,0.002946405,0.41294438,0.06979492
13630,0.15662017,0.100524865,0.11777492,0.4925428,0.13039611
13631,0.10105592,0.17078441,0.0056200367,0.30860683,0.10631887
13632,0.5046004,0.0527164,0.1884733,0.28917092,0.24220563
13633,0.10194652,0.36999774,0.05005131,0.036908064,0.0849471
13634,0.24598956,0.19132768,0.23283306,0.07250525,0.45998567
13635,0.35633466,0.05531065,0.011115014,0.18374003,0.065604836
13636,0.29168653,0.14270912,0.110855594,0.045015533,0.044597577
13637,0.43686226,0.111627996,0.018546565,0.030502053,0.09501305
13638,0.4948389,0.03114383,0.12874405,0.08464396,0.20817892
13639,0.54201496,0.08647765,0.071202725,0.058131598,0.44646454
13640,0.33491564,0.11476479,0.07558479,0.17064618,0.13273923
13641,0.63533556,0.60626537,0.011419615,0.015014749,0.36988392
13642,0.79692537,0.4216709,0.026810195,0.227641,0.34764785
13643,0.49758723,0.47309422,0.03635666,0.010652511,0.22850065
13644,0.22901751,0.39536762,0.059866417,0.023825368,0.09518112
13645,0.4238157,0.25608712,0.027220903,0.011823394,0.07490528
13646,0.52000886,0.026455775,0.058560826,0.025908021,0.19806418
13647,0.39088267,0.1187934,0.18609506,0.13184243,0.107250325
13648,0.7166154,0.5166412,0.083291925,0.08050192,0.15636235
13649,0.16052906,0.13998318,0.040999025,0.08464396,0.52733177
13650,0.45093358,0.053107902,0.011777843,0.08166611,0.087252244
13651,0.48381606,0.060863446,0.054098696,0.23881637,0.31237
13652,0.4186375,0.35064372,0.046119746,0.05014425,0.89274967
13653,0.44495666,0.14487325,0.058776557,0.10266401,0.38577956
13654,0.26855758,0.12421302,0.03289904,0.09041373,0.73829186
13655,0.56481874,0.059537485,0.12357699,0.012007351,0.44489637
13656,0.29604334,0.100878626,0.15495056,0.16411418,0.3316607
13657,0.15140383,0.29451925,0.2590751,0.022802636,0.23283306
13658,0.14572217,0.1046602,0.1261379,0.16424818,0.35633466
13659,0.37250522,0.2168396,0.02220123,0.077099696,0.519567
13660,0.10837754,0.051082738,0.009055264,0.029760094,0.38185328
13661,0.0498659,0.08601588,0.025468083,0.009376237,0.6589664
13662,0.08035747,0.19042274,0.053206205,0.02784845,0.6315943
13663,0.023197627,0.30445513,0.23178808,0.05014425,0.3339375
13664,0.008251599,0.29685807,0.24274375,0.076132484,0.314998
13665,0.03711691,0.26626188,0.37147856,0.06524657,0.4969597
13666,0.026912304,0.5827285,0.067546695,0.23493282,0.7265227
13667,0.008745182,0.49738318,0.04115289,0.24689633,0.4938968
13668,0.05834584,0.4824444,0.22729777,0.023286305,0.71790266
13669,0.09434342,0.39899173,0.24562746,0.05033063,0.25423113
13670,0.015014749,0.44782248,0.0658447,0.048676573,0.3414727
13671,0.1816984,0.4257246,0.059319146,0.1724504,0.6435533
13672,0.16105618,0.14069006,0.004962942,0.025908021,0.124000706
13673,0.015424552,0.1786691,0.044348583,0.052521676,0.17553808
13674,0.044348583,0.3685193,0.04418332,0.0588847,0.10320506
13675,0.11971654,0.5225829,0.012624949,0.030733928,0.19821933
13676,0.22712629,0.43728274,0.038538497,0.04069295,0.7084144
13677,0.017917344,0.6699608,0.013795364,0.067546695,0.20689404
13678,0.13660839,0.6145097,0.10521054,0.020924192,0.51191485
13679,0.14866412,0.32896042,0.03461884,0.2645483,0.35197902
13680,0.030792167,0.3938512,0.010489091,0.11008789,0.7198762
13681,0.03442355,0.5391349,0.04813677,0.1852092,0.6454552
13682,0.025760558,0.5240293,0.008348054,0.011331754,0.55769473
13683,0.05300977,0.28706777,0.012479699,0.011508149,0.70028025
13684,0.076683804,0.5505167,0.030100338,0.011331754,0.5895392
13685,0.04320404,0.10989668,0.023779983,0.00809329,0.66377795
13686,0.101767845,0.23739909,0.022457052,0.09534947,0.7119319
13687,0.357119,0.6239499,0.014899643,0.07504072,0.7320175
13688,0.09351231,0.24508502,0.033462934,0.054499872,0.6663882
13689,0.042882238,0.48113385,0.005911069,0.0056200367,0.3280987
13690,0.06176271,0.14792407,0.025809623,0.014392336,0.37239107
13691,0.05613278,0.17133833,0.0052608517,0.040769268,0.24023944
13692,0.067423776,0.4368022,0.009670992,0.060640547,0.63578796
13693,0.25701845,0.5301453,0.007815889,0.008577486,0.55549556
13694,0.12635334,0.3068385,0.0190509,0.005159623,0.41875634
13695,0.040313438,0.33982763,0.008677716,0.008847355,0.27115518
13696,0.048496,0.5652388,0.0066411127,0.003429604,0.42387533
13697,0.28407922,0.40016317,0.023689471,0.023109278,0.70089483
13698,0.16211458,0.21370518,0.006666932,0.011158031,0.7180016
13699,0.20354916,0.4559252,0.030733928,0.0051797125,0.799129
13700,0.055823144,0.6928498,0.04831607,0.026405517,0.5119759
13701,0.015967654,0.1576549,0.012053779,0.0047552,0.15354916
13702,0.015365342,0.4883444,0.0032858334,0.016403032,0.49543393
13703,0.13006426,0.4837856,0.0057302467,0.02920129,0.38127714
13704,0.36920136,0.8042522,0.011419615,0.007665875,0.64579034
13705,0.034815196,0.22798456,0.0022343625,0.026105914,0.25054586
13706,0.03635666,0.22507577,0.009268014,0.020371294,0.430267
13707,0.077937685,0.44522798,0.018334452,0.013902059,0.21403356
13708,0.009449081,0.5885936,0.0087791085,0.031026179,0.29502675
13709,0.06730107,0.25036255,0.02732453,0.0433658,0.1183851
13710,0.020606475,0.050611433,0.0054269433,0.021044567,0.7472472
13711,0.017712299,0.53324556,0.07146149,0.020606475,0.3685193
13712,0.016340127,0.43236297,0.013480103,0.005911069,0.28140563
13713,0.009268014,0.3227394,0.0075479234,0.0043994132,0.8115267
13714,0.003707253,0.33111975,0.0057525453,0.012288597,0.84632385
13715,0.004451041,0.37284768,0.03581319,0.00809329,0.28170192
13716,0.010529712,0.37102267,0.010130412,0.008577486,0.3511998
13717,0.05005131,0.23899394,0.028328313,0.021084841,0.23970512
13718,0.041773878,0.5349466,0.03155902,0.014672035,0.49171525
13719,0.011029471,0.60328925,0.09089675,0.044348583,0.20102783
13720,0.032405518,0.57969785,0.01450358,0.014009566,0.46944425
13721,0.010169658,0.4500875,0.011029471,0.010693758,0.38983688
13722,0.034684174,0.30497235,0.0119150225,0.01678549,0.41952902
13723,0.015603535,0.27163795,0.0140636265,0.012053779,0.19759925
13724,0.037467506,0.5076822,0.029256709,0.023375316,0.27212125
13725,0.019606182,0.6583077,0.0053225355,0.15241033,0.45986435
13726,0.039195135,0.38919824,0.00588816,0.013171949,0.79645085
13727,0.0058199596,0.30445513,0.0055333884,0.0036216856,0.77081
13728,0.023825368,0.3880961,0.01461567,0.008711385,0.6254381
13729,0.009670992,0.36455128,0.0029579026,0.009161027,0.66093874
13730,0.007665875,0.59643316,0.0269635,0.047074176,0.40262696
13731,0.012053779,0.79581684,0.0007096704,0.019160708,0.23423143
13732,0.024940254,0.7047701,0.005708034,0.008644178,0.5804709
13733,0.01778039,0.072243005,0.0047737225,0.029145971,0.5969619
13734,0.11397347,0.4950754,0.015424552,0.017576884,0.5687153
13735,0.014117893,0.39694446,0.0123361,0.014281933,0.43785352
13736,0.0019723359,0.1193055,0.007636216,0.008610767,0.6573185
13737,0.0057749297,0.4425462,0.0007408056,0.021698097,0.2769838
13738,0.0567569,0.39571783,0.00588816,0.009090384,0.34400254
13739,0.04995852,0.29168653,0.002472623,0.0085443305,0.89010334
13740,0.041230027,0.51996315,0.0190509,0.086632065,0.30362853
13741,0.019382192,0.6311397,0.006903838,0.017110888,0.46277654
13742,0.0037654135,0.47728008,0.0065134983,0.0045032725,0.3782294
13743,0.0046636546,0.03581319,0.009090384,0.008315778,0.67800725
13744,0.004810983,0.037397135,0.01778039,0.004591684,0.34389237
13745,0.0045032725,0.038321972,0.011463798,0.0113756005,0.6148566
13746,0.027376488,0.029535338,0.007489625,0.014281933,0.83169055
13747,0.04443143,0.05975658,0.012673736,0.021906367,0.8431217
13748,0.020100236,0.068537496,0.0061212815,0.004150081,0.8529355
13749,0.007176882,0.032836955,0.0029579026,0.02931223,0.6735139
13750,0.027220903,0.21766995,0.008124708,0.008412978,0.122838534
13751,0.022759154,0.12095703,0.0025509123,0.002800927,0.25926262
13752,0.016152835,0.2168396,0.062103126,0.008030813,0.61306286
13753,0.010248602,0.06512755,0.038178273,0.0065388246,0.35644665
13754,0.0040860027,0.05033063,0.0030278352,0.00198004,0.42465055
13755,0.001133569,0.15304215,0.0027683855,0.014672035,0.49242073
13756,0.009090384,0.026607107,0.0020829707,0.011115014,0.17161581
13757,0.007907292,0.06791668,0.00091819005,0.019870713,0.060640547
13758,0.014009566,0.004848533,0.016979992,0.0066411127,0.350088
13759,0.02178117,0.06176271,0.0074606435,0.0153063545,0.040464837
13760,0.014447852,0.022032265,0.0068771075,0.0007947255,0.01840489
13761,0.009340025,0.071073666,0.0043823365,0.02442309,0.17133833
13762,0.003337405,0.19253936,0.007937994,0.013584392,0.22884515
13763,0.03114383,0.24908175,0.025565214,0.008445627,0.107812636
13764,0.008511303,0.1732882,0.011642224,0.0018895386,0.0073743653
13765,0.015189049,0.025274897,0.0085443305,0.0031603526,0.20040116
13766,0.04594821,0.1201288,0.01990879,0.003692853,0.18698417
13767,0.007815889,0.11496336,0.0015669889,0.0054059005,0.12506539
13768,0.028382124,0.037821285,0.0074030147,0.0017961492,0.04822634
13769,0.0013250224,0.049773447,0.009633652,0.01665704,0.09501305
13770,0.00685048,0.13939638,0.0016420668,0.0014269596,0.13195427
13771,0.0119150225,0.042245496,0.0034564096,0.0071214284,0.0362883
13772,0.015906392,0.34224167,0.0014325366,0.008030813,0.13822897
13773,0.045777272,0.088504665,0.002472623,0.0021997981,0.064653486
13774,0.009090384,0.0079997545,0.016529556,0.0016356753,0.024145423
13775,0.010248602,0.052037824,0.002693914,0.004331502,0.058560826
13776,0.01812472,0.073430054,0.0055333884,0.01844021,0.10989668
13777,0.006338922,0.13150747,0.98651993,0.0074030147,0.10557884
13778,0.0036642202,0.111627996,0.98555213,0.00930395,0.041539967
13779,0.0029926654,0.18271701,0.9881309,0.019832712,0.21452682
13780,0.006289902,0.124000706,0.91413754,0.005060332,0.039862495
13781,0.012821214,0.14584377,0.97529614,0.023825368,0.31048527
13782,0.03314852,0.06572466,0.98971164,0.007093862,0.08819004
13783,0.0057302467,0.14572217,0.81390494,0.002074867,0.051082738
13784,0.005060332,0.05470151,0.9768024,0.007665875,0.037186775
13785,0.0014607495,0.019419348,0.8299059,0.006073934,0.099120855
13786,0.0030873695,0.032283258,0.9698426,0.9027811,0.22798456
13787,0.00090044667,0.025662705,0.98039377,0.96771675,0.075858176
13788,0.002621441,0.017242778,0.9564718,0.9492005,0.015424552
13789,0.0013406203,0.013902059,0.979354,0.9320833,0.15115306
13790,0.0057749297,0.024563087,0.98314995,0.9309621,0.2562732
13791,0.0032730652,0.011029471,0.9803186,0.84234506,0.032100707
13792,0.0042646346,0.15817435,0.9638481,0.96203625,0.3909408
13793,0.0017752605,0.01858215,0.9730877,0.8659059,0.012673736
13794,0.048405956,0.0145595195,0.9750122,0.8864204,0.00619299
13795,0.022286186,0.012053779,0.9905874,0.9199307,0.010209055
13796,0.0024822769,0.0010691263,0.9896718,0.94891727,0.04681203
13797,0.010570489,0.04594821,0.9843364,0.9076402,0.028490042
13798,0.0071491017,0.068537496,0.8059378,0.9444849,0.050988145
13799,0.00079783343,0.0035380863,0.9825575,0.9685601,0.04038907
13800,0.0012399962,0.07276838,0.9474783,0.97272736,0.08632348
13801,0.002463007,0.06278921,0.95379424,0.9523088,0.0588847
13802,0.98340684,0.02942358,0.9451974,0.9487276,0.03890198
13803,0.9860443,0.0570714,0.9830851,0.97414124,0.04569203
13804,0.9962782,0.0058199596,0.9788344,0.9400236,0.2216875
13805,0.95846003,0.025809623,0.9507779,0.9097468,0.0119150225
13806,0.96961325,0.046551272,0.9497627,0.97414124,0.1491592
13807,0.9916196,0.01107216,0.9843364,0.94417685,0.03442355
13808,0.91891783,0.011201214,0.99566853,0.9849274,0.20866227
13809,0.9817707,0.006265534,0.9302051,0.79502225,0.13443464
13810,0.9906238,0.01784874,0.99731654,0.9843364,0.13892843
13811,0.8156734,0.03296124,0.9727791,0.85318035,0.06441767
13812,0.99108386,0.0077555366,0.9528382,0.9716717,0.18257122
13813,0.98134655,0.029929748,0.8916225,0.9014011,0.14463143
13814,0.96741027,0.010448625,0.961678,0.8576489,0.06620602
13815,0.98871195,0.047425874,0.8916225,0.95783347,0.0434469
13816,0.9791955,0.026455775,0.93558234,0.90295243,0.3852012
13817,0.9633687,0.024145423,0.83682144,0.9685601,0.32863715
13818,0.99083894,0.020100236,0.8296301,0.853669,0.011288074
13819,0.9697281,0.007489625,0.96771675,0.97161794,0.03061778
13820,0.9868281,0.020023443,0.9740426,0.93451476,0.06418265
13821,0.993255,0.029090757,0.89715594,0.9900636,0.016090874
13822,0.9777564,0.01798621,0.98201376,0.99047756,0.04001227
13823,0.9882676,0.0054692747,0.9933589,0.9744834,0.06267437
13824,0.9875683,0.014281933,0.9535353,0.96391606,0.0498659
13825,0.9492946,0.01374232,0.98046875,0.9908744,0.032651376
13826,0.9908744,0.018617803,0.99378294,0.9370958,0.003869391
13827,0.9827572,0.012527932,0.9881309,0.94479126,0.024563087
13828,0.979354,0.028925717,0.98771137,0.90747637,0.02865267
13829,0.9231778,0.016029147,0.9869795,0.89010334,0.016979992
13830,0.9305845,0.05033063,0.98951083,0.82018155,0.009268014
13831,0.9617499,0.027169233,0.98190993,0.8969756,0.01450358
13832,0.98871195,0.040922303,0.98087597,0.6928498,0.01717671
13833,0.9822196,0.009020279,0.98282325,0.94844174,0.0019043302
13834,0.9510514,0.0024534282,0.8197491,0.9217811,0.024145423
13835,0.99298817,0.011642224,0.9860443,0.94218844,0.008881675
13836,0.99455196,0.008219693,0.97903574,0.97754294,0.019160708
13837,0.9791158,0.04320404,0.99262565,0.98215127,0.0130707845
13838,0.95159405,0.010248602,0.72154707,0.9749169,0.002621441
13839,0.98197925,0.0040072887,0.9885361,0.9905509,0.0069306716
13840,0.8864204,0.0032858334,0.93868846,0.97923523,0.006073934
13841,0.96073127,0.04352814,0.9571178,0.98521465,0.07409726
13842,0.9480585,0.024376597,0.9562273,0.9736447,0.04401865
13843,0.96138906,0.05232763,0.93721074,0.7898827,0.0030994155
13844,0.980053,0.05127242,0.9459013,0.9772842,0.030502053
13845,0.9923638,0.016340127,0.95783347,0.95013416,0.051082738
13846,0.9926542,0.01621503,0.32305968,0.9390248,0.0034030052
13847,0.9876639,0.02076474,0.3331777,0.93220687,0.03321117
13848,0.93686515,0.046899255,0.12592277,0.8891444,0.0416178
13849,0.91978675,0.003991728,0.16708273,0.84260434,0.020685459
13850,0.96458924,0.009783876,0.19744445,0.99021614,0.002621441
13851,0.9411153,0.021864556,0.04681203,0.9763557,0.008677716
13852,0.99411184,0.004962942,0.27347738,0.909907,0.00305151
13853,0.98327893,0.016593177,0.022672439,0.9657707,0.008251599
13854,0.9853279,0.027795624,0.115960725,0.5723643,0.019719128
13855,0.98609793,0.0018458483,0.099120855,0.05419873,0.010986943
13856,0.90397453,0.028114058,0.29320207,0.053601142,0.025858775
13857,0.9400236,0.008813166,0.102844074,0.14139993,0.044348583
13858,0.9725715,0.030559862,0.21983956,0.14282866,0.10248422
13859,0.9328214,0.0051196762,0.15482272,0.25776508,0.0062170783
13860,0.9486325,0.0038244836,0.16572809,0.040769268,0.0055549247
13861,0.9787533,0.009522486,0.06430005,0.02800752,0.007815889
13862,0.9914887,0.0022518474,0.04995852,0.02355433,0.06669065
13863,0.9893885,0.008985429,0.036220055,0.09534947,0.0041019293
13864,0.9427181,0.046638038,0.13072868,0.053601142,0.039564554
13865,0.95751673,0.007176882,0.32788345,0.25460163,0.015784562
13866,0.9822196,0.008847355,0.21783626,0.25664565,0.019985152
13867,0.9539661,0.0070664007,0.33372033,0.33057922,0.012970386
13868,0.8978745,0.015543648,0.23057307,0.4181622,0.005159623
13869,0.95814794,0.0073743653,0.28537196,0.15546273,0.023109278
13870,0.11377637,0.0075187176,0.22371607,0.13764834,0.0053849383
13871,0.31584147,0.005240449,0.12158141,0.12852514,0.062904246
13872,0.07978202,0.0028560124,0.31541958,0.059646938,0.002019014
13873,0.15178062,0.014728614,0.63883525,0.025858775,0.0052608517
13874,0.0751764,0.0022872277,0.5032425,0.11104825,0.0039148238
13875,0.10502681,0.0053849383,0.1559763,0.26607114,0.0024534282
13876,0.21634248,0.020293485,0.07146149,0.30054024,0.013273886
13877,0.032836955,0.0043483814,0.16505408,0.036493767,0.0089161275
13878,0.3575675,0.0051797125,0.029035643,0.1112412,0.0032099616
13879,0.3955427,0.0045032725,0.09484524,0.04995852,0.0075479234
13880,0.07369627,0.0065897717,0.052134257,0.19667186,0.015603535
13881,0.25982565,0.03534408,0.068662286,0.02947941,0.018299332
13882,0.10484336,0.021739595,0.015014749,0.18374003,0.008511303
13883,0.23370637,0.0022083889,0.038178273,0.16858302,0.011463798
13884,0.20165595,0.0067188703,0.015603535,0.4059785,0.0026419468
13885,0.022457052,0.004297939,0.114566505,0.046724956,0.043772742
13886,0.1066906,0.021491766,0.068537496,0.12252322,0.008881675
13887,0.048405956,0.006289902,0.058238626,0.10539454,0.0053225355
13888,0.100348406,0.0022606407,0.15152934,0.09351231,0.010860331
13889,0.17667161,0.014227047,0.08897849,0.010052369,0.0073173973
13890,0.16384642,0.011244561,0.08977328,0.14767806,0.027376488
13891,0.09807933,0.006097562,0.08897849,0.046551272,0.0053018946
13892,0.15203226,0.019271137,0.012241275,0.012624949,0.01461567
13893,0.55302256,0.030100338,0.0996453,0.09585608,0.0013723687
13894,0.17441027,0.9947595,0.31753206,0.23651622,0.0020269002
13895,0.036977556,0.98722816,0.30054024,0.14199378,0.0031726826
13896,0.090735495,0.95068645,0.1133831,0.01717671,0.0013406203
13897,0.012771867,0.92359227,0.12485182,0.115960725,0.0034564096
13898,0.08464396,0.93183565,0.19132768,0.28866935,0.008380453
13899,0.039937314,0.87663436,0.24006125,0.06596494,0.005343256
13900,0.24364243,0.9567152,0.101767845,0.13695431,0.019719128
13901,0.121790156,0.88523525,0.064653486,0.09842541,0.008511303
13902,0.06267437,0.9323302,0.20593424,0.17567945,0.0075772414
13903,0.24835184,0.9480585,0.09089675,0.053206205,0.0069576087
13904,0.31626368,0.97529614,0.1362632,0.49730876,0.06705629
13905,0.3628563,0.87589324,0.14390805,0.11221036,0.036493767
13906,0.24490438,0.9174507,0.010368157,0.059319146,0.017045317
13907,0.1561049,0.8929365,0.039490405,0.021739595,0.011201214
13908,0.1742697,0.97850823,0.07382971,0.124319285,0.009596455
13909,0.26683462,0.94853723,0.08616956,0.109705776,0.0022606407
13910,0.14080817,0.9820826,0.1431877,0.04256273,0.007907292
13911,0.13788036,0.9488225,0.084795415,0.9631613,0.9549004
13912,0.23161423,0.9675945,0.090735495,0.99111825,0.84247476
13913,0.04256273,0.992961,0.9885804,0.9596866,0.81257004
13914,0.49204317,0.9791158,0.9924521,0.9941347,0.9889705
13915,0.34953272,0.9576754,0.98445636,0.99248135,0.9704086
13916,0.09186979,0.99040353,0.9962346,0.9563089,0.92827886
13917,0.29604334,0.9199307,0.990732,0.95362175,0.98403233
13918,0.0416178,0.97931457,0.9938309,0.9824905,0.84117436
13919,0.12765263,0.95388025,0.9851003,0.9827572,0.9049869
13920,0.9888849,0.78032786,0.99108386,0.8828326,0.8240375
13921,0.9955835,0.95679593,0.9878996,0.98771137,0.883236
13922,0.98302,0.95938325,0.9809491,0.98498523,0.9436599
13923,0.9968273,0.83761996,0.99608517,0.95938325,0.8113773
13924,0.9873262,0.8489722,0.94776917,0.9935868,0.9739932
13925,0.9905874,0.9899476,0.95806944,0.9694401,0.9537082
13926,0.9987405,0.9812029,0.86737317,0.971564,0.9302051
13927,0.98555213,0.98190993,0.9839091,0.95961094,0.89423656
13928,0.9881765,0.89199936,0.9530133,0.97662467,0.94417685
13929,0.9968273,0.8889517,0.78099674,0.9829547,0.9637117
13930,0.95540243,0.9599126,0.99366105,0.9812029,0.8774768
13931,0.98955137,0.98469365,0.97458035,0.9116528,0.9353465
13932,0.9881765,0.8530579,0.9685006,0.97796774,0.9130583
13933,0.995037,0.84234506,0.9868787,0.89606965,0.90312344
13934,0.98998636,0.96131647,0.9697281,0.9792749,0.8958876
13935,0.98646784,0.96080494,0.97272736,0.9653158,0.91565824
13936,0.98235554,0.9145963,0.9777139,0.9732915,0.8290773
13937,0.9932811,0.9443824,0.97767127,0.8957053,0.9630224
13938,0.9905509,0.98439646,0.9874236,0.9737447,0.96182173
13939,0.9759006,0.8923751,0.9948403,0.9776285,0.6796041
13940,0.99273914,0.9027811,0.98046875,0.94796216,0.9505947
13941,0.9953904,0.9761292,0.9783019,0.9901782,0.9723097
13942,0.9820826,0.9604354,0.93581736,0.97344345,0.88778967
13943,0.9939261,0.99341017,0.9914556,0.9878996,0.90295243
13944,0.99591404,0.9592307,0.9841546,0.9727791,0.8976953
13945,0.9968149,0.7673414,0.98677725,0.9924521,0.93581736
13946,0.88483775,0.9265699,0.9921537,0.99437994,0.9324533
13947,0.96961325,0.97023994,0.9936365,0.8938666,0.7318259
13948,0.9882222,0.74576885,0.9857729,0.9931229,0.8899121
13949,0.99394965,0.47945797,0.98922324,0.93991333,0.9240048
13950,0.9542227,0.82573026,0.9830851,0.9885361,0.96210754
13951,0.93569994,0.90448195,0.99256825,0.9885804,0.95998776
13952,0.9837225,0.89982784,0.9944666,0.99165195,0.8933094
13953,0.9873262,0.8996516,0.9638481,0.9915216,0.98228765
13954,0.99688846,0.959001,0.98922324,0.9574373,0.741674
13955,0.9871293,0.91655886,0.97068775,0.9878996,0.96472245
13956,0.9740426,0.9478657,0.98403233,0.97462875,0.8933094
13957,0.99723166,0.98934746,0.9314625,0.9887988,0.9470882
13958,0.9888849,0.91625965,0.96203625,0.98421544,0.98190993
13959,0.99371004,0.9347534,0.9757161,0.9806178,0.9014011
13960,0.9928509,0.9664738,0.98403233,0.9326989,0.87873113
13961,0.9497627,0.9630224,0.9859364,0.97023994,0.88700897
13962,0.9957684,0.99187535,0.98862445,0.94910634,0.91700584
13963,0.9957188,0.97684664,0.980053,0.9735945,0.65401137
13964,0.9955662,0.98555213,0.9780936,0.9828892,0.9914225
13965,0.98971164,0.9639839,0.95565146,0.8987666,0.8967949
13966,0.99279517,0.9437636,0.8951567,0.93721074,0.92107415
13967,0.98527133,0.8671483,0.9754836,0.9878528,0.93318766
13968,0.97754294,0.96425414,0.9744348,0.9841546,0.983597
13969,0.9976495,0.9486325,0.8933094,0.9888419,0.92290026
13970,0.96741027,0.9757161,0.9838472,0.98662347,0.9280184
13971,0.9950755,0.97788346,0.9859904,0.98582757,0.891811
13972,0.9803186,0.96329963,0.9530133,0.99317604,0.9503189
13973,0.9883128,0.96309197,0.983597,0.9869292,0.76454014
13974,0.99568534,0.83004373,0.98527133,0.98262435,0.90295243
13975,0.90481883,0.12158141,0.8441522,0.98087597,0.64980084
13976,0.9938309,0.5626572,0.9826909,0.99040353,0.68920106
13977,0.99773055,0.023197627,0.9906961,0.9437636,0.09186979
13978,0.99196917,0.14057204,0.9960699,0.96926606,0.1161611
13979,0.99346113,0.08740792,0.9943141,0.9905874,0.26626188
13980,0.9720986,0.09704756,0.9551521,0.9957848,0.10989668
13981,0.9651191,0.039416388,0.92709976,0.9932811,0.49014407
13982,0.97267544,0.083291925,0.93306583,0.97644573,0.12918286
13983,0.9962782,0.036700353,0.9598375,0.9341553,0.18227991
13984,0.9933589,0.1561049,0.99193794,0.9907678,0.092359796
13985,0.99762183,0.03574581,0.97947216,0.96498734,0.1877276
13986,0.990329,0.11397347,0.983597,0.99066,0.10557884
13987,0.9974885,0.042166542,0.97313875,0.95540243,0.1328517
13988,0.9928509,0.058024745,0.9856076,0.94218844,0.08632348
13989,0.9500415,0.08509905,0.9621787,0.98190993,0.16304526
13990,0.99495924,0.04543722,0.99014014,0.9430336,0.15052763
13991,0.99248135,0.09203286,0.97288233,0.98951083,0.14270912
13992,0.9882676,0.30208218,0.9493885,0.9703525,0.3055937
13993,0.9809125,0.077099696,0.9905874,0.9843364,0.34257153
13994,0.9918121,0.13318956,0.9658996,0.9789554,0.25146383
13995,0.9916196,0.047780067,0.9789956,0.98871195,0.051082738
13996,0.98835784,0.16899405,0.9871788,0.91565824,0.33491564
13997,0.9812749,0.27757087,0.9811307,0.9595352,0.16398026
13998,0.9853843,0.11066323,0.96641046,0.8814109,0.29047745
13999,0.99346113,0.3018763,0.99647564,0.9877587,0.14092636
14000,0.99518895,0.45601612,0.9813107,0.9864157,0.09636511
14001,0.9877587,0.10932483,0.98427594,0.9959299,0.19284318
14002,0.97779876,0.047425874,0.992597,0.9932811,0.06278921
14003,0.9955662,0.25293726,0.98998636,0.96557647,0.09518112
14004,0.9965166,0.04443143,0.96544635,0.96131647,0.28897023
14005,0.99253935,0.08449275,0.9816304,0.9722571,0.29098085
14006,0.9912209,0.07369627,0.98646784,0.97719735,0.13386749
14007,0.9987551,0.16079243,0.9771538,0.9635748,0.28836864
14008,0.99750805,0.24635197,0.9540518,0.9348725,0.45907614
14009,0.98314995,0.039268754,0.97462875,0.80821866,0.3629692
14010,0.980053,0.052037824,0.950503,0.9144437,0.18982129
14011,0.9693242,0.076683804,0.9187722,0.94600123,0.11104825
14012,0.9985104,0.22832851,0.78825736,0.92455155,0.009232215
14013,0.9890976,0.2607658,0.9568766,0.9572778,0.063134894
14014,0.99415743,0.16304526,0.96765566,0.9744834,0.46590385
14015,0.98926485,0.044931643,0.9680808,0.78431904,0.10951516
14016,0.99869555,0.12095703,0.98327893,0.8480936,0.2757144
14017,0.99273914,0.45986435,0.86488205,0.9720986,0.042882238
14018,0.99010193,0.11318691,0.9887988,0.93558234,0.114566505
14019,0.96124375,0.067546695,0.8520759,0.9097468,0.017576884
14020,0.9583042,0.112600096,0.9514138,0.9813107,0.22901751
14021,0.9643886,0.015072629,0.8978745,0.9667888,0.038178273
14022,0.96021223,0.06632687,0.98481095,0.9791158,0.45804566
14023,0.9777564,0.48191097,0.9689738,0.9347534,0.061536737
14024,0.98159516,0.0570714,0.97458035,0.9818056,0.047337715
14025,0.9542227,0.12304913,0.966156,0.9548163,0.08035747
14026,0.9873262,0.028925717,0.9939964,0.94834626,0.029035643
14027,0.95388025,0.274157,0.99343574,0.98752034,0.15934819
14028,0.97943294,0.16586316,0.9768024,0.99596137,0.0992954
14029,0.988085,0.95759624,0.9835338,0.97433734,0.14780103
14030,0.98722816,0.96425414,0.9510514,0.9755769,0.08137364
14031,0.97792566,0.9541374,0.99178034,0.98340684,0.18550412
14032,0.9775858,0.967225,0.9952077,0.99262565,0.0434469
14033,0.98421544,0.99731654,0.9815244,0.96771675,0.9582261
14034,0.9274948,0.98197925,0.9877587,0.97462875,0.9751545
14035,0.98986953,0.94024336,0.96080494,0.9874721,0.9697854
14036,0.99025387,0.99343574,0.99588215,0.96961325,0.9643886
14037,0.97419035,0.9809856,0.9670388,0.99442345,0.98955137
14038,0.99304235,0.997065,0.85989916,0.97334224,0.98998636
14039,0.97529614,0.9717254,0.9649213,0.9757161,0.93569994
14040,0.98844737,0.98871195,0.9673486,0.8707073,0.98201376
14041,0.9961903,0.95735765,0.98549646,0.98934746,0.8828326
14042,0.9758546,0.9930153,0.99083894,0.9888419,0.97394365
14043,0.98065484,0.9092645,0.99440175,0.9635062,0.7692537
14044,0.9774139,0.96820134,0.9348725,0.980053,0.99528164
14045,0.98486924,0.9069832,0.98752034,0.9761746,0.96138906
14046,0.99083894,0.9811307,0.99343574,0.97140163,0.9502266
14047,0.99608517,0.8933094,0.9954261,0.9805807,0.97962874
14048,0.998259,0.90582335,0.9828892,0.9976586,0.9786719
14049,0.9905143,0.9238675,0.971779,0.95257413,0.9786719
14050,0.9814889,0.99014014,0.9308365,0.9757624,0.9049869
14051,0.9352283,0.979784,0.98228765,0.9704086,0.8872046
14052,0.9907678,0.9774139,0.98242307,0.97085404,0.9467938
14053,0.9382373,0.9604354,0.9946774,0.9908035,0.98862445
14054,0.9888419,0.96826136,0.9870297,0.98197925,0.9920312
14055,0.9963924,0.9878996,0.9768024,0.97671366,0.88263035
14056,0.9961004,0.88856554,0.9838472,0.99632156,0.9784259
14057,0.98282325,0.9324533,0.9924521,0.99718815,0.9434519
14058,0.9950563,0.97644573,0.9889705,0.98707944,0.9411153
14059,0.9874236,0.9675945,0.9810946,0.8814109,0.94853723
14060,0.96538115,0.9841546,0.9470882,0.765418,0.9806919
14061,0.9839091,0.9775,0.9718326,0.9339146,0.9685006
14062,0.97891515,0.9422947,0.99719906,0.91181,0.97112906
14063,0.99273914,0.8504686,0.99759394,0.98527133,0.9237301
14064,0.994089,0.97334224,0.98947024,0.98752034,0.91550726
14065,0.98314995,0.9963924,0.99036634,0.9518632,0.99165195
14066,0.97997653,0.9806919,0.8304567,0.96329963,0.9803186
14067,0.9762654,0.9456007,0.8992984,0.9872773,0.9273633
14068,0.9954261,0.9950755,0.92944044,0.97324073,0.9771538
14069,0.9939964,0.99021614,0.97324073,0.9806919,0.9749646
14070,0.9904406,0.9757161,0.9935369,0.9759006,0.9921233
14071,0.98215127,0.9513234,0.99448806,0.9407897,0.9793935
14072,0.9712385,0.966347,0.98871195,0.96028674,0.98403233
14073,0.9701269,0.9871293,0.98840266,0.98439646,0.9843364
14074,0.98201376,0.9906961,0.98862445,0.8388118,0.9870297
14075,0.9953904,0.98934746,0.98521465,0.00038747612,0.87779135
14076,0.9946359,0.96641046,0.9835338,0.0019267347,0.9404625
14077,0.99273914,0.9686789,0.989791,0.00014313738,0.91228
14078,0.98190993,0.96095175,0.98986953,0.0024438868,0.98662347
14079,0.98722816,0.9645224,0.98228765,0.002621441,0.9631613
14080,0.9839708,0.9430336,0.98080254,0.00065126823,0.9870297
14081,0.9914556,0.9064877,0.0013045066,0.0009850083,0.9750122
14082,0.9811669,0.87418467,0.0002216781,0.0019192374,0.8221891
14083,0.9798997,0.9877587,0.0011160142,0.00016219282,0.9736447
14084,0.99209267,0.98439646,0.0003459916,0.00189692,0.9900636
14085,0.9881765,0.9700703,0.0013670257,0.00077632995,0.93439513
14086,0.99633574,0.9567152,0.0041179177,0.0008231386,0.9766692
14087,0.9951514,0.9797453,0.0017274586,0.0015854308,0.9653158
14088,0.9913892,0.98922324,0.0016678823,0.0011116682,0.9772842
14089,0.9887554,0.98942953,0.0011972112,0.0004076526,0.9606575
14090,0.9890976,0.950411,0.0016743992,0.000720838,0.9351099
14091,0.99457306,0.94427973,0.00025714198,0.0017614696,0.96323055
14092,0.98707944,0.94355595,0.004886375,0.00065126823,0.97887486
14093,0.0033897832,0.96641046,0.00039666123,0.0005571117,0.99135584
14094,0.0023596608,0.82796735,0.00013342,0.00061183405,0.959001
14095,0.0011030267,0.9775858,9.09884e-05,0.007204769,0.98892784
14096,0.00041731575,0.98302,0.00043563012,0.008677716,0.8707073
14097,0.00026530237,0.9738444,0.0006798429,0.015014749,0.93183565
14098,0.00018667821,0.9285385,0.0005295418,0.013171949,0.9812749
14099,0.00039051395,0.8729984,0.002387409,0.0020269002,0.9906238
14100,0.0006615174,0.9948403,0.00060471025,0.038394015,0.98892784
14101,0.0008864989,0.95362175,0.00062389387,0.054903854,0.96995664
14102,0.00089344557,0.9651191,0.00026530237,0.014672035,0.88700897
14103,0.00069867563,0.9351099,0.001507049,0.025130946,0.98975134
14104,0.00071802974,0.94468933,0.00045474793,0.026155617,0.9738444
14105,0.00028021098,0.94176143,0.0047552,0.013325147,0.9890131
14106,0.0023688741,0.9734938,0.03044435,0.010288301,0.9885361
14107,0.001507049,0.9237301,0.02237146,0.0012448432,0.9736447
14108,0.0030396497,0.90448195,0.013689478,0.01461567,0.95806944
14109,0.001294368,0.9921233,0.0063883206,0.021739595,0.7977145
14110,0.0012497094,0.98215127,0.004038592,0.0089161275,0.97090924
14111,0.0007733057,0.91274774,0.002693914,0.002822833,0.879043
14112,0.001507049,0.91490096,0.013171949,0.0030160663,0.97140163
14113,0.00017813111,0.9434519,0.026056303,0.016721142,0.9810946
14114,0.0013250224,0.96131647,0.00698465,0.006073934,0.9390248
14115,0.0009927262,0.9158089,0.0119150225,0.023962023,0.96628344
14116,7.843789e-05,0.98752034,0.01784874,0.00930395,0.9755769
14117,0.0012303583,0.95447797,0.002463007,0.0047552,0.9546474
14118,0.0017073674,0.9588471,0.02136889,0.016152835,0.9976311
14119,0.0010691263,0.9492946,0.031858854,0.02470387,0.9806919
14120,0.022414217,0.99196917,0.007968815,0.007289077,0.950411
14121,0.0140636265,0.9871293,0.001648483,0.0085443305,0.91212356
14122,0.03027187,0.96753323,0.003311519,0.0018031665,0.98242307
14123,0.008283626,0.77390057,0.005641909,0.013902059,0.9636434
14124,0.006265534,0.9845754,0.0028671585,0.022629201,0.96485513
14125,0.039787807,0.97706646,0.003004343,0.03461884,0.9701269
14126,0.014785407,0.9053223,0.011732464,0.0019955386,0.94600123
14127,0.0107767265,0.97079873,0.0077555366,0.01001357,0.96909106
14128,0.0063143647,0.97947216,0.006903838,0.008511303,0.93913656
14129,0.038683496,0.81844676,0.004810983,0.007289077,0.8893368
14130,0.013171949,0.94776917,0.0032099616,0.0053640567,0.92944044
14131,0.04008736,0.8895288,0.0041179177,0.05330468,0.8388118
14132,0.003750789,0.9400236,0.00930395,0.030043371,0.91321325
14133,0.008315778,0.9875683,0.044680867,0.003337405,0.87234735
14134,0.0089161275,0.84325075,0.048405956,0.011331754,0.81859183
14135,0.01627746,0.9539661,0.0010044164,0.01384861,0.9774139
14136,0.0067449897,0.9329437,0.077937685,0.0070390454,0.94165415
14137,0.006692851,0.9952632,0.0059803305,0.0011291547,0.9698426
14138,0.035211135,0.98469365,0.0009547317,0.24148938,0.9697854
14139,0.0153063545,0.9947595,0.0046818224,0.086632065,0.94815457
14140,0.008711385,0.98159516,0.014392336,0.09947021,0.96329963
14141,0.014392336,0.9887554,0.0028449097,0.23757592,0.9552357
14142,0.0013354007,0.9168571,0.0046455576,0.055412795,0.9868787
14143,0.008950711,0.98771137,0.010169658,0.08897849,0.90397453
14144,0.0022872277,0.9714559,0.020685459,0.0824015,0.9563089
14145,0.0032858334,0.94957596,0.06916356,0.1422319,0.9878996
14146,0.007606672,0.96080494,0.3243424,0.034684174,0.96432143
14147,0.0015731122,0.7352616,0.2672169,0.112600096,0.9911527
14148,0.0014437558,0.96989965,0.024845436,0.054098696,0.99549675
14149,0.0075479234,0.913368,0.16858302,0.076132484,0.9911527
14150,0.049773447,0.92482364,0.09894659,0.10105592,0.93439513
14151,0.01621503,0.9856076,0.07043161,0.09252366,0.97821885
14152,0.03038675,0.87191176,0.17412923,0.27308947,0.961171
14153,0.017375665,0.9921233,0.16132024,0.16613355,0.9792749
14154,0.009821793,0.85776806,0.1732882,0.19790912,0.9799382
14155,0.0045738644,0.97887486,0.3394991,0.15830442,0.93257624
14156,0.009449081,0.9360516,0.2692295,0.15140383,0.98662347
14157,0.0011030267,0.7973991,0.18802562,0.3243424,0.9910493
14158,0.03197956,0.9670388,0.041930523,0.100878626,0.9545628
14159,0.0119150225,0.9921537,0.111821815,0.04443143,0.98141783
14160,0.20545557,0.9851003,0.07185127,0.101767845,0.99128854
14161,0.38954654,0.99453074,0.02854415,0.03971326,0.9505947
14162,0.30280325,0.9326989,0.18952109,0.325199,0.878627
14163,0.12995382,0.9675945,0.15726623,0.29370826,0.9864157
14164,0.3060083,0.96557647,0.4254262,0.40262696,0.9223426
14165,0.34114337,0.9710193,0.0570714,0.062103126,0.97324073
14166,0.10356715,0.98544043,0.20561503,0.19728975,0.98609793
14167,0.16026603,0.98262435,0.107812636,0.2989005,0.9946568
14168,0.335242,0.7816641,0.20212802,0.09636511,0.9716717
14169,0.05561761,0.97140163,0.17023194,0.10951516,0.97344345
14170,0.1943678,0.8565725,0.090253234,0.2737685,0.97684664
14171,0.26894143,0.99256825,0.35947657,0.23952718,0.9674718
14172,0.24598956,0.97057647,0.21850258,0.047691282,0.97324073
14173,0.12885363,0.7227227,0.054098696,0.12951279,0.9498557
14174,0.18155324,0.93403506,0.025858775,0.02076474,0.96210754
14175,0.09947021,0.8407826,0.22953519,0.18713269,0.9709644
14176,0.11008789,0.94699025,0.071073666,0.31079894,0.95938325
14177,0.101767845,0.9908744,0.023197627,0.06791668,0.92905515
14178,0.24635197,0.97046465,0.061424043,0.019568674,0.9795506
14179,0.032222297,0.9555686,0.17161581,0.06176271,0.99648935
14180,0.027117657,0.9606575,0.076132484,0.012920474,0.88582915
14181,0.16926852,0.9511422,0.10631887,0.15127839,0.9917163
14182,0.053899154,0.9763557,0.02655657,0.4132995,0.8733229
14183,0.071073666,0.87450653,0.1495314,0.14463143,0.97510713
14184,0.10248422,0.87568074,0.13788036,0.29900283,0.78858316
14185,0.19193278,0.8586,0.037326887,0.16465074,0.9274948
14186,0.037047166,0.9744834,0.2649285,0.024237635,0.8301815
14187,0.039268754,0.94757545,0.25590113,0.070176296,0.8679338
14188,0.28298813,0.97339284,0.30002728,0.061424043,0.9551521
14189,0.33003917,0.9425068,0.13986565,0.088504665,0.9020933
14190,0.5853382,0.9885804,0.05592617,0.12852514,0.76699245
14191,0.25776508,0.98076576,0.2878679,0.13706978,0.97029626
14192,0.15140383,0.91789335,0.17924304,0.13881165,0.94479126
14193,0.14706452,0.0064882697,0.21502088,0.21634248,0.9585377
14194,0.052618954,0.002019014,0.13788036,0.064653486,0.7163179
14195,0.05155819,0.0002846224,0.13184243,0.0930168,0.941007
14196,0.18462045,0.000628784,0.590425,0.044847902,0.98187524
14197,0.17092276,0.00049168157,0.10158945,0.1266771,0.95751673
14198,0.26020142,0.0015608892,0.05330468,0.22185606,0.96267307
14199,0.1201288,0.00057703455,0.20963143,0.30891946,0.9730877
14200,0.5416816,0.0025311112,0.50407016,0.012100386,0.9014011
14201,0.4079819,0.00059071044,0.41780585,0.22490549,0.0020111583
14202,0.084795415,0.0003077431,0.45522887,0.17681369,0.0006615174
14203,0.12852514,0.0004583129,0.009783876,0.084191084,0.00037118542
14204,0.16331197,0.003678509,0.011642224,0.02665774,0.0007321813
14205,0.12506539,0.00047656128,0.1576549,0.12874405,0.001648483
14206,0.011597362,0.00089344557,0.1490353,0.19027224,0.0003668626
14207,0.029591374,0.007204769,0.18967113,0.13986565,0.00021152887
14208,0.17967445,0.045862664,0.15090263,0.008644178,0.00014202365
14209,0.15687835,0.010489091,0.021004366,0.005220126,0.0017614696
14210,0.061311536,0.03015741,0.1185891,0.02655657,0.00015476662
14211,0.14306793,0.02970375,0.03567855,0.015424552,0.0037654135
14212,0.13330235,0.01858215,0.054600604,0.012970386,0.00033015272
14213,0.44881877,0.0058653383,0.09268778,0.1495314,0.0001673405
14214,0.087096825,0.0060035964,0.034229323,0.10576342,0.0008167381
14215,0.20291664,0.0033504236,0.059537485,0.014672035,0.00046010586
14216,0.23528406,0.0020427648,0.12907304,0.006289902,0.00698465
14217,0.4563492,0.025468083,0.1322902,0.050611433,0.008881675
14218,0.1169656,0.0123361,0.03767939,0.28477487,0.024563087
14219,0.05155819,0.005576545,0.076407686,0.4344613,0.02145073
14220,0.027066175,0.0054905633,0.13206616,0.09170697,0.0010525686
14221,0.121372975,0.023330769,0.034880888,0.05155819,0.0055549247
14222,0.122838534,0.0056200367,0.23091978,0.3339375,0.01450358
14223,0.14780103,0.008030813,0.2148561,0.0355444,0.014899643
14224,0.22901751,0.002074867,0.19421494,0.02470387,0.0013302015
14225,0.08740792,0.0034564096,0.08866235,0.035611413,0.0039148238
14226,0.19868536,0.024053553,0.14069006,0.1185891,0.025035424
14227,0.10706346,0.0025809042,0.079495706,0.02898063,0.008030813
14228,0.0751764,0.006265534,0.27532452,0.09285216,0.012007351
14229,0.047425874,0.00402291,0.03442355,0.26971012,0.054298937
14230,0.04069295,0.014728614,0.13951357,0.055515114,0.029986508
14231,0.51255536,0.0119150225,0.13128456,0.10105592,0.012920474
14232,0.03314852,0.010408314,0.06928941,0.19375686,0.0064882697
14233,0.071332,0.0010403185,0.027117657,0.06779314,0.007815889
14234,0.21833587,0.01461567,0.13580412,0.27048022,0.006338922
14235,0.13986565,0.003750789,0.20118472,0.14139993,0.0026010936
14236,0.11476479,0.037821285,0.054903854,0.05834584,0.003311519
14237,0.05439932,0.0074030147,0.019087434,0.258326,0.011029471
14238,0.05379964,0.001882186,0.008577486,0.35913935,0.007176882
14239,0.25256833,0.014957086,0.124532074,0.100172214,0.014392336
14240,0.046551272,0.01844021,0.0913821,0.01384861,0.010052369
14241,0.20946968,0.0113756005,0.03015741,0.16198196,0.0027900378
14242,0.10576342,0.0013723687,0.10447732,0.06198946,0.00462753
14243,0.045015533,0.0041019293,0.026305279,0.037892427,0.010052369
14244,0.058238626,0.0065642493,0.05834584,0.048676573,0.006692851
14245,0.1538032,0.0038844766,0.06359858,0.112795405,0.03429395
14246,0.08225395,0.6055075,0.07935289,0.05330468,0.0032730652
14247,0.021906367,0.41982633,0.06255973,0.008412978,0.009268014
14248,0.020410309,0.08093671,0.13822897,0.05051767,0.009821793
14249,0.121790156,0.088504665,0.27923846,0.32799107,0.0020507434
14250,0.115960725,0.03061778,0.0045208177,0.8597815,0.11143445
14251,0.061649624,0.032713123,0.05379964,0.6916015,0.02297737
14252,0.26903743,0.36988392,0.3100673,0.350088,0.0015427324
14253,0.10484336,0.2761046,0.6183772,0.29818472,0.1185891
14254,0.12754393,0.07878401,0.6025879,0.695338,0.12043882
14255,0.37022537,0.13296424,0.6722241,0.1805397,0.6591858
14256,0.31289464,0.06572466,0.20641373,0.4195885,0.3336118
14257,0.027742893,0.099820666,0.3987576,0.21337718,0.4065085
14258,0.032528225,0.41935068,0.7071014,0.26265267,0.13217813
14259,0.07850098,0.120232075,0.5431662,0.32552055,0.5930202
14260,0.06816438,0.19884087,0.7237978,0.335242,0.064653486
14261,0.09653532,0.3316607,0.35164496,0.6101051,0.015603535
14262,0.07696084,0.25851312,0.83508044,0.4112291,0.037821285
14263,0.08961382,0.10557884,0.258326,0.40981114,0.054098696
14264,0.083142914,0.2810108,0.29401222,0.3280987,0.019643761
14265,0.043609526,0.100172214,0.620909,0.48143858,0.13998318
14266,0.21783626,0.17092276,0.22101425,0.43950677,0.21419789
14267,0.039787807,0.15960999,0.60241246,0.37570646,0.13764834
14268,0.36082682,0.16981852,0.2656899,0.1336412,0.1559763
14269,0.061199225,0.2914848,0.44351003,0.5939037,0.05613278
14270,0.020527788,0.13534632,0.5546514,0.5993679,0.2391716
14271,0.03085051,0.24310297,0.33742183,0.43374163,0.023197627
14272,0.03442355,0.12776141,0.7068991,0.32971537,0.07654563
14273,0.063714996,0.37182066,0.64657176,0.53095096,0.111627996
14274,0.009821793,0.031738594,0.39251146,0.6460137,0.10576342
14275,0.0139557095,0.0527164,0.4361417,0.41935068,0.344223
14276,0.18068421,0.28061637,0.47839177,0.2944178,0.15974101
14277,0.039787807,0.105948284,0.48203287,0.5479479,0.17852582
14278,0.09807933,0.051845465,0.47099513,0.3707948,0.3717066
14279,0.19042274,0.14021848,0.68909645,0.29118237,0.19605544
14280,0.22067817,0.18271701,0.6444489,0.19852993,0.297572
14281,0.014227047,0.099120855,0.50785,0.5687751,0.13206616
14282,0.12863456,0.39729518,0.4687602,0.692122,0.1501534
14283,0.068787284,0.70150864,0.61120796,0.46113813,0.29088014
14284,0.03767939,0.25776508,0.6280653,0.14645308,0.09790669
14285,0.10338596,0.17356819,0.20930801,0.8143483,0.3706809
14286,0.098772585,0.028436033,0.38219908,0.7512834,0.054298937
14287,0.04681203,0.020177318,0.6664968,0.4097521,0.13881165
14288,0.02145073,0.2961451,0.6548947,0.41099265,0.030214587
14289,0.023153413,0.11636177,0.2920902,0.22185606,0.20055768
14290,0.054098696,0.49151698,0.2168396,0.57612467,0.5017109
14291,0.020527788,0.309128,0.5116708,0.28051782,0.07544843
14292,0.11736965,0.3443332,0.2260994,0.589421,0.50015974
14293,0.1066906,0.18579942,0.49828818,0.2786492,0.26626188
14294,0.4598947,0.019493872,0.47101036,0.15405756,0.11417085
14295,0.55450064,0.39111522,0.39012724,0.68920106,0.561305
14296,0.32380763,0.39140594,0.618838,0.33198547,0.03197956
14297,0.7324005,0.05899303,0.48018923,0.18344729,0.111821815
14298,0.65057826,0.50389093,0.15987214,0.3409239,0.029535338
14299,0.39957732,0.1112412,0.12189466,0.35443306,0.07682221
14300,0.604107,0.13139597,0.43284237,0.48801655,0.0705596
14301,0.34587815,0.101767845,0.47242483,0.29380956,0.11516222
14302,0.17809659,0.05439932,0.5798168,0.10894504,0.012288597
14303,0.40356684,0.029535338,0.17272931,0.41881573,0.2923932
14304,0.5591697,0.047780067,0.114368536,0.08359067,0.11066323
14305,0.398582,0.14390805,0.5811842,0.21601155,0.063366346
14306,0.6838419,0.3711366,0.08601588,0.30860683,0.1066906
14307,0.20165595,0.35611072,0.3733045,0.25330648,0.090735495
14308,0.14390805,0.14342749,0.2165081,0.21011727,0.012722708
14309,0.23510839,0.098772585,0.41264847,0.3752485,0.22729777
14310,0.28616926,0.036769465,0.594669,0.5142402,0.28407922
14311,0.12962294,0.03461884,0.2617081,0.7243831,0.47452462
14312,0.39152226,0.07004896,0.8109285,0.7594039,0.044597577
14313,0.11656274,0.115560874,0.8134608,0.63770795,0.1187934
14314,0.48748282,0.05592617,0.16465074,0.43122488,0.39653543
14315,0.45238474,0.16613355,0.1775255,0.19559409,0.12700157
14316,0.32691577,0.05613278,0.4088077,0.19544049,0.4683651
14317,0.37501955,0.22118242,0.7077078,0.100172214,0.108566426
14318,0.5836187,0.25870037,0.78727776,0.36387292,0.36477757
14319,0.5222022,0.08866235,0.44203427,0.31869715,0.08035747
14320,0.64400125,0.07765744,0.36229208,0.54301476,0.17681369
14321,0.57481253,0.030908957,0.6548947,0.56427854,0.2705766
14322,0.15817435,0.017375665,0.4864459,0.34820172,0.22084616
14323,0.3761647,0.1183851,0.45625833,0.55766463,0.0139557095
14324,0.18374003,0.020488555,0.510466,0.7325918,0.059210252
14325,0.18565173,0.036425155,0.31289464,0.4664203,0.03296124
14326,0.5898936,0.13986565,0.38139236,0.81508535,0.20721471
14327,0.29502675,0.20181322,0.0002287133,0.68637,0.1884733
14328,0.08601588,0.22918998,7.967301e-05,0.43644187,0.07878401
14329,0.2776688,0.08740792,0.00035006859,0.29838914,0.1337543
14330,0.282691,0.19390947,0.00046371284,0.16424818,0.12549345
14331,0.64299315,0.06572466,0.00062633416,0.6371437,0.006097562
14332,0.35812855,0.10411242,0.0002758679,0.4241138,0.068288535
14333,0.47347465,0.027901376,0.0006959537,0.27405986,0.05155819
14334,0.6212537,0.026155617,0.00043055712,0.41572884,0.022759154
14335,0.32723817,0.02942358,0.00061183405,0.4613201,0.08897849
14336,0.6918097,0.17314835,0.0003726377,0.2516477,0.39530927
14337,0.615319,0.039490405,0.00042388475,0.23318209,0.21223202
14338,0.22524615,0.07906799,0.0012448432,0.49971342,0.2146914
14339,0.6111499,0.071981624,0.0002082501,0.38537464,0.25497246
14340,0.21535076,0.02076474,0.0015247863,0.00057703455,0.114368536
14341,0.6982266,0.022802636,0.00014883849,0.0005112579,0.0567569
14342,0.52425766,0.040464837,0.00041731575,0.0001465313,0.15090263
14343,0.3501991,0.3548801,0.00032250723,0.00016474655,0.075858176
14344,0.17272931,0.33220208,0.00040924744,0.00042554305,0.013532149
14345,0.11636177,0.068040416,7.031184e-05,0.0008693674,0.012920474
14346,0.25201568,0.1991522,0.00023968685,0.0006337125,0.100348406
14347,0.611614,0.07751766,2.9773117e-05,0.0004156895,0.090735495
14348,0.4144248,0.2487166,5.7387595e-05,0.00044421837,0.20465964
14349,0.5369807,0.088504665,0.000493605,0.00032503586,0.08299415
14350,0.61647415,0.34323168,0.00023968685,0.00047656128,0.10521054
14351,0.4042722,0.22354652,0.00036259004,0.0008796062,0.11961367
14352,0.30819026,0.06717858,0.0005053046,0.00077632995,0.20149879
14353,0.48536336,0.06644793,0.00029137006,0.0012207952,0.12797922
14354,0.27405986,0.077099696,0.0005420927,0.00075835997,0.037608635
14355,0.4005735,0.03179867,0.00023413582,0.0017342081,0.15726623
14356,0.33993718,0.14247034,0.0011030267,0.00023413582,0.061424043
14357,0.43104526,0.013636836,8.888085e-05,0.00012632043,0.29047745
14358,0.51545984,0.097734325,0.0010859444,0.0004156895,0.13006426
14359,0.5984882,0.10411242,0.00026119032,0.00020342697,0.05439932
14360,0.2693256,0.072374016,0.00037850367,6.5028165e-05,0.020527788
14361,0.33971807,0.18506189,0.00017952797,0.00029137006,0.047602657
14362,0.23353152,0.23775287,0.0007643033,0.00015476662,0.09089675
14363,0.81844676,0.86545163,0.00014202365,9.387641e-05,0.052424565
14364,0.2798285,0.4201832,0.00024536948,0.00032250723,0.04922211
14365,0.56457865,0.62406445,0.18286288,0.00026738262,0.19759925
14366,0.30125925,0.4139509,0.21717146,0.0001313518,0.065365784
14367,0.47266826,0.309128,0.7191864,0.00025915826,0.07978202
14368,0.00063124346,0.42036164,0.18624303,0.00026738262,0.05165378
14369,0.00022341637,0.44080022,0.26999876,8.092757e-05,0.09602549
14370,0.00016093082,0.14755519,0.5064846,8.092757e-05,0.14247034
14371,0.0006719278,0.24635197,0.26588047,0.001648483,0.10158945
14372,0.00045121065,0.41093355,0.10631887,0.001012286,0.14451066
14373,0.00023968685,0.5440142,0.04922211,0.0010282109,0.265309
14374,0.00047656128,0.2146914,0.08632348,9.028039e-05,0.14187485
14375,0.0003935756,0.6907677,0.13443464,0.00058840885,0.073963374
14376,0.00018093576,0.17412923,0.19178137,0.00031999825,0.16995624
14377,0.00063124346,0.728362,0.28467542,0.00037118542,0.36274344
14378,0.00012436225,0.552932,0.1908748,0.00038747612,0.28061637
14379,0.00044421837,0.59066117,0.20721471,0.0011469158,0.7314424
14380,0.0005378764,0.68961924,0.28130686,0.00018667821,0.57755494
14381,0.0013406203,0.23057307,0.16371268,0.0011925492,0.37353298
14382,0.00023413582,0.5657786,0.28666824,4.5753914e-05,0.2232077
14383,0.00010975091,0.40486038,0.44655505,0.00038747612,0.5185614
14384,0.0015307452,0.5456489,0.6489114,0.00021152887,0.7194822
14385,0.00047285444,0.32455644,0.2617081,0.00043733438,0.63148063
14386,0.00059302105,0.5378911,0.38502774,0.00055494095,0.29279748
14387,0.0010691263,0.1799625,0.11008789,9.610242e-05,0.12710987
14388,0.00037118542,0.50965,0.37708178,0.00077632995,0.47227272
14389,0.00041894842,0.3394991,0.29512835,0.25238407,0.30580097
14390,0.00066670234,0.43350178,0.227641,0.6312534,0.24526574
14391,0.00069054146,0.49503723,0.13649325,0.034815196,0.61537683
14392,0.00042388475,0.2786492,0.16762705,0.23828422,0.121372975
14393,0.00075540564,0.25460163,0.20625381,0.2874677,0.33545968
14394,0.0025114634,0.7401744,0.38375676,0.10212548,0.13974822
14395,0.0003982131,0.4353013,0.17624587,0.21766995,0.6525736
14396,0.0015487612,0.6272665,0.2607658,0.43980747,0.6631238
14397,0.0003029734,0.09203286,0.29512835,0.06608538,0.36681652
14398,0.0003029734,0.521989,0.110279374,0.22918998,0.55733335
14399,0.000113234375,0.2961451,0.22575782,0.117572136,0.08570928
14400,0.00024923251,0.35432136,0.2703839,0.08079154,0.2338813
14401,9.915273e-05,0.6591858,0.067546695,0.1491592,0.3635339
14402,0.00048785712,0.42853233,0.34897783,0.25036255,0.39175496
14403,0.00268344,0.3054901,0.16885695,0.4086897,0.43506128
14404,0.00017813111,0.15190639,0.51407254,0.17272931,0.32199275
14405,0.0006771943,0.19329962,0.57015187,0.29746994,0.55021465
14406,0.00017265156,0.58367807,0.25534365,0.22439517,0.3408142
14407,0.00020662983,0.6042238,0.3636469,0.09434342,0.2641685
14408,0.0004390453,0.59966093,0.21076629,0.15830442,0.42119467
14409,0.00081993215,0.46286756,0.19117662,0.04069295,0.115560874
14410,0.0004859561,0.08834723,0.08509905,0.15002882,0.78858316
14411,0.0016103574,0.49769208,0.26246357,0.35365137,0.4216709
14412,8.156225e-05,0.7318259,0.33873305,0.3017734,0.19421494
14413,0.00025118678,0.77063745,0.13511792,0.111627996,0.32852942
14414,0.0010733063,0.39513415,0.3205022,0.04352814,0.4011012
14415,0.00051728135,0.36037648,0.057918087,0.24256428,0.50286484
14416,0.00058840885,0.33263552,0.4894882,0.18111832,0.20930801
14417,0.00026738262,0.23952718,0.6020031,0.09825223,0.3213535
14418,0.00022693386,0.33187717,0.35644665,0.4486376,0.42954904
14419,0.00025118678,0.24562746,0.66115755,0.24310297,0.31352484
14420,0.19682622,0.3999874,0.124000706,0.12896329,0.10613344
14421,0.7446563,0.16871995,0.05439932,0.17766815,0.27212125
14422,0.33873305,0.68920106,0.32177958,0.12863456,0.8071568
14423,0.20481864,0.60328925,0.18862271,0.067546695,0.71163136
14424,0.16572809,0.67071617,0.1066906,0.1765296,0.70344764
14425,0.16995624,0.45859116,0.037750274,0.20641373,0.89256257
14426,0.07737811,0.4088077,0.25851312,0.14199378,0.5939626
14427,0.19467382,0.18892181,0.05834584,0.04401865,0.6011839
14428,0.11992252,0.70456684,0.08632348,0.16749083,0.42298123
14429,0.22101425,0.19775414,0.028490042,0.3528705,0.84169555
14430,0.07765744,0.40250954,0.23213604,0.55015427,0.1666754
14431,0.3455468,0.621828,0.25590113,0.33372033,0.29624692
14432,0.07696084,0.39227864,0.10818896,0.06430005,0.790692
14433,0.07250525,0.3807014,0.2590751,0.062445287,0.34764785
14434,0.4461327,0.5613651,0.23458195,0.07751766,0.36161548
14435,0.25460163,0.44773194,0.17175469,0.1765296,0.7895584
14436,0.43944663,0.41715273,0.29512835,0.1133831,0.35925174
14437,0.42936954,0.45190093,0.19027224,0.05975658,0.36863297
14438,0.40409586,0.25256833,0.58332205,0.039121646,0.36161548
14439,0.51667166,0.5798168,0.04296247,0.037256766,0.7858021
14440,0.44821495,0.26057756,0.27279878,0.06418265,0.40356684
14441,0.17624587,0.3276683,0.035012625,0.11961367,0.33622208
14442,0.2979804,0.40603742,0.34389237,0.5252775,0.3233801
14443,0.21518578,0.10302442,0.11736965,0.49572384,0.084795415
14444,0.08601588,0.41929123,0.28726768,0.36037648,0.5846862
14445,0.2982869,0.36026397,0.21436232,0.07356305,0.7027341
14446,0.4222664,0.40910277,0.12754393,0.11417085,0.12765263
14447,0.25256833,0.30331892,0.36105207,0.021165619,0.11047116
14448,0.5092229,0.17441027,0.10951516,0.39210403,0.41040182
14449,0.44477576,0.0003668626,0.5772571,0.098772585,0.64657176
14450,0.09807933,0.00072932884,0.4411613,0.46025854,0.17709816
14451,0.43410143,0.0005132579,0.16981852,0.3133147,0.08787644
14452,0.29543313,0.00017130819,0.13822897,0.095518075,0.06097518
14453,0.1501534,9.09884e-05,0.06278921,0.3697701,0.11920292
14454,0.117572136,0.0007947255,0.17398883,0.056966383,0.49654773
14455,0.110855594,0.00028910325,0.07146149,0.62245935,0.00087276706
14456,0.56949353,0.0002758679,0.060640547,0.10613344,0.00014091856
14457,0.2193375,5.5189234e-05,0.04903962,0.023330769,0.00052133633
14458,0.17106119,0.00010975091,0.17582092,0.3176379,0.00017400544
14459,0.22473529,0.00043055712,0.12995382,0.2180027,8.888085e-05
14460,0.08284563,9.09884e-05,0.14817041,0.19574778,0.0003327413
14461,0.19605544,0.0001465313,0.2664527,0.019946935,3.1446623e-05
14462,0.09721884,0.00032503586,0.19375686,0.10212548,0.0014895174
14463,0.48491362,2.0145691e-05,0.32917604,0.27221796,0.00012931564
14464,0.18832397,9.83812e-05,0.32799107,0.27202454,0.00052133633
14465,0.115560874,0.0010403185,0.17384852,0.15987214,0.0004322415
14466,0.03904829,0.0003175088,0.30954528,0.51106846,0.00035419365
14467,0.08079154,0.001032231,0.2359876,0.2359876,0.00046552691
14468,0.05592617,0.00021318757,0.23196201,0.3874006,0.0002824081
14469,0.1989965,0.000110611596,0.2615195,0.18713269,0.00023231418
14470,0.38682136,0.00047285444,0.111821815,0.2654994,0.0003029734
14471,0.37708178,0.00042554305,0.5196889,0.2928986,7.905304e-05
14472,0.23144047,0.0001168284,0.4254262,0.3063195,0.00038296366
14473,0.18447348,3.3214194e-05,0.4505407,0.5306166,0.00020502214
14474,0.13753247,0.00041406954,0.38554814,0.18388654,0.00032503586
14475,0.4514474,0.0001673405,0.45759112,0.41543236,0.00011591935
14476,0.24944726,9.028039e-05,0.13454832,0.15482272,0.00020184422
14477,0.48733792,0.00012533752,0.20307462,0.30850264,2.7321414e-05
14478,0.47449422,0.00020184422,0.3233801,0.30673468,0.0003150387
14479,0.051367506,8.415109e-05,0.17342815,0.314998,0.00035697065
14480,0.31605253,0.00020184422,0.3619537,0.050705366,6.922184e-05
14481,0.30012983,0.00010229985,0.2738656,0.47790438,0.00023231418
14482,0.22354652,0.00019563535,0.33426335,0.13161905,0.00027159214
14483,0.18491465,0.00044945232,0.37891862,0.43002766,0.18286288
14484,0.20625381,0.0011972112,0.02479816,0.34103364,0.45011768
14485,0.07369627,0.00032503586,0.1603975,0.47479856,0.32734567
14486,0.10557884,0.0007041516,0.64467263,0.5159705,0.09585608
14487,0.19713514,0.0003597694,0.48603418,0.20118472,0.11221036
14488,0.52051157,0.0008525666,0.39420095,0.46678483,0.15152934
14489,0.56247693,0.00018814208,0.3203959,0.4201832,0.14755519
14490,0.027690258,0.00033015272,0.24041775,0.36398596,0.155591
14491,0.05572029,0.00029137006,0.13718532,0.3190153,0.1183851
14492,0.034488525,0.0023231625,0.21601155,0.22084616,0.23440666
14493,0.046638038,0.0001896174,0.38983688,0.13511792,0.16357902
14494,0.23863891,0.00045297583,0.15674923,0.14645308,0.12896329
14495,0.2052962,0.00018378456,0.31721473,0.2926964,0.2487166
14496,0.06730107,0.1786691,0.39123148,0.14669742,0.21866935
14497,0.17370832,0.17738296,0.21452682,0.2441827,0.34931073
14498,0.31668615,0.5110303,0.25330648,0.4862401,0.14499426
14499,0.059866417,0.5260232,0.21617697,0.41164294,0.03378023
14500,0.12231338,0.10302442,0.09384396,0.22101425,0.372277
14501,0.309754,0.3863582,0.1183851,0.31510335,0.23863891
14502,0.25757828,0.23144047,0.25441632,0.2649285,0.18862271
14503,0.2485342,0.2955348,0.6547844,0.17161581,0.20769641
14504,0.063366346,0.47333768,0.19961986,0.5003426,0.22815649
14505,0.43062615,0.44764137,0.5482805,0.1510278,0.3860688
14506,0.38260272,0.18698417,0.39922592,0.2822951,0.08137364
14507,0.49742702,0.20102783,0.33698532,0.07737811,0.086632065
14508,0.49714088,0.38381448,0.3816228,0.08344117,0.06097518
14509,0.09687654,0.11476479,0.3274532,0.12896329,0.17272931
14510,0.21983956,0.24148938,0.06348236,0.28967303,0.7540105
14511,0.1664043,0.043854564,0.092359796,0.16545822,0.35053253
14512,0.06903793,0.357119,0.25054586,0.13683893,0.14010079
14513,0.29787827,0.44978532,0.058453243,0.21535076,0.26626188
14514,0.12874405,0.29108164,0.23881637,0.083142914,0.0658447
14515,0.46593416,0.26340988,0.21354114,0.34400254,0.041384716
14516,0.23265864,0.18683577,0.25870037,0.18668745,0.09636511
14517,0.35353976,0.08122776,0.19193278,0.61265737,0.09484524
14518,0.37799978,0.10613344,0.083291925,0.19406214,0.1437878
14519,0.30290636,0.12304913,0.0012994275,0.21518578,0.06500873
14520,0.3473157,0.24184732,0.0005399804,0.24617071,0.036493767
14521,0.19329962,0.37559193,0.0019117695,0.07696084,0.047425874
14522,0.13974822,0.19868536,0.0011030267,0.12678517,0.36624968
14523,0.4329023,0.33720353,0.0009927262,0.5910743,0.1603975
14524,0.4181622,0.0996453,0.0003668626,0.4263216,0.38687927
14525,0.10070161,0.12710987,0.0003393018,0.20930801,0.11008789
14526,0.38369903,0.50777376,0.00040606395,0.37662312,0.59384483
14527,0.13834533,0.052134257,0.00095101306,0.22135067,0.078359805
14528,0.38312188,0.052521676,0.0006745559,0.14866412,0.40992928
14529,0.35824078,0.24944726,0.0003125878,0.256832,0.14829372
14530,0.27154136,0.46380854,6.761842e-05,0.21568096,0.34897783
14531,0.42506817,0.39530927,0.0018315102,0.6858443,0.32188618
14532,0.47418985,0.45202187,0.0036216856,0.61236763,0.18242553
14533,0.28160313,0.274157,0.0027362213,0.112015955,0.57517046
14534,0.7162186,0.031026179,0.00035697065,0.2467148,0.1201288
14535,0.43122488,0.07779745,0.00032503586,0.22490549,0.23475733
14536,0.33241877,0.15636235,0.0006641048,0.4294892,0.1465752
14537,0.6784335,0.058560826,0.001648483,0.12754393,0.29849136
14538,0.70659554,0.49910545,0.0005953407,0.2858701,0.10338596
14539,0.22988081,0.15804437,0.00042720788,0.00048785712,0.2860695
14540,0.30105373,0.19269122,0.00012632043,0.0018895386,0.23248434
14541,0.09384396,0.19375686,0.0003406293,0.0010649627,0.13557506
14542,0.10631887,0.023464657,0.00039977103,8.415109e-05,0.110855594
14543,0.08093671,0.1183851,0.0006411777,0.0024534282,0.11299101
14544,0.09894659,0.18242553,0.0016420668,0.00023413582,0.43494126
14545,0.21157968,0.12189466,0.0017683518,0.00089344557,0.16357902
14546,0.11736965,0.14330755,0.00023231418,0.0003740956,0.13834533
14547,0.12158141,0.21011727,0.00024923251,0.00072648755,0.20817892
14548,0.14270912,0.10447732,0.00040133507,0.0011160142,0.79085356
14549,0.19574778,0.100878626,0.00072932884,0.0010733063,0.35543922
14550,0.03574581,0.2104416,0.00029137006,0.0017614696,0.5808871
14551,0.15908672,0.3414727,0.001012286,0.0006487308,0.7401744
14552,0.09790669,0.17709816,0.0006719278,0.0020992735,0.18907149
14553,0.31027624,0.21535076,0.0038244836,0.0012497094,0.38306415
14554,0.07821887,0.13195427,0.00043055712,0.0003406293,0.26435837
14555,0.6348829,0.24908175,0.00055062474,0.0006142272,0.23213604
14556,0.39653543,0.22337708,0.00055494095,0.0007408056,0.44646454
14557,0.18462045,0.4259634,0.00014091856,0.0020587533,0.08819004
14558,0.28907055,0.18068421,0.00060471025,0.0009966077,0.0610871
14559,0.49583066,0.21288584,0.0046455576,0.0017614696,0.20228557
14560,0.55012405,0.057599206,0.000965975,0.00056588,0.34786937
14561,0.5373752,0.59425694,0.0022872277,0.0011740822,0.10105592
14562,0.36093944,0.16105618,0.000559291,0.00039511538,0.19961986
14563,0.20260091,0.17398883,0.0044337655,0.00462753,0.15882562
14564,0.13927926,0.02806074,0.0006589401,0.00033535014,0.19513355
14565,0.24780536,0.15405756,0.0013458604,0.00035419365,0.26322043
14566,0.300951,0.6586371,0.00028910325,0.0002758679,0.6274948
14567,0.16211458,0.6752295,0.0042151595,0.0027469008,0.2892713
14568,0.0705596,0.040845715,0.003337405,0.00012533752,0.41383246
14569,0.4188752,0.079210326,0.0013564017,0.0017274586,0.12560067
14570,0.061536737,0.030733928,0.003324437,0.00019716943,0.24202643
14571,0.34015632,0.21272224,0.0003029734,0.0020111583,0.100172214
14572,0.17106119,0.11777492,0.0054059005,0.00462753,0.22286923
14573,0.2852724,0.056966383,0.0019877742,0.00037118542,0.18668745
14574,0.12189466,0.1786691,0.0005463421,7.368593e-05,0.15546273
14575,0.15203226,0.17596246,0.005911069,6.108855e-05,0.7634837
14576,0.21700548,0.5161992,0.0025608707,0.0010859444,0.25515804
14577,0.00043733438,0.112600096,0.0006023541,7.905304e-05,0.45298958
14578,0.0023688741,0.23810701,0.0027255826,0.0010005044,0.25720495
14579,0.00019716943,0.35197902,0.0066153924,0.001455063,0.41117
14580,0.00041406954,0.054098696,0.009596455,0.009055264,0.32509187
14581,9.610242e-05,0.5781505,0.002396731,0.0019192374,0.29310086
14582,0.0003740956,0.093678005,0.0021912407,0.0079997545,0.24238491
14583,0.000720838,0.13660839,0.0057974015,0.028436033,0.16411418
14584,0.0023231625,0.5343088,0.0017546144,0.0035936027,0.42119467
14585,0.0020911063,0.25146383,0.0015792594,0.012576348,0.12043882
14586,0.0017752605,0.14743239,0.0040860027,0.0016809418,0.16344544
14587,0.00066670234,0.23669262,0.004556114,0.00036973887,0.35947657
14588,0.0012351678,0.09585608,0.0036216856,0.0018530593,0.6618136
14589,0.0009547317,0.28150436,0.0034030052,0.0011030267,0.200871
14590,0.0011116682,0.28897023,0.00024346048,0.009670992,0.15649123
14591,0.0005463421,0.3090237,0.008348054,0.0024060889,0.056236345
14592,0.00026738262,0.5643386,0.0070117954,0.005099818,0.05300977
14593,0.00014091856,0.49825096,0.00052133633,0.0032099616,0.12940274
14594,0.0013670257,0.5387709,0.0014325366,0.0019117695,0.42435235
14595,0.00074661145,0.41495812,0.0012448432,0.0017546144,0.2867681
14596,0.0020587533,0.59343255,0.0006386796,0.00026323833,0.16532342
14597,0.0011604197,0.30466196,0.00095846487,0.0023781238,0.5102525
14598,0.0008525666,0.73961055,0.00021318757,0.0010987311,0.097734325
14599,0.00021654405,0.34356195,0.00041084853,0.002217013,0.18922126
14600,0.0005614788,0.4999472,0.0013511209,0.0017614696,0.08787644
14601,0.0004897656,0.14021848,0.0012065897,0.0033897832,0.36523023
14602,0.0010005044,0.23335676,0.003839395,0.0024060889,0.11299101
14603,0.00023782204,0.21634248,0.0013831174,0.0087791085,0.3860688
14604,0.0013045066,0.15190639,0.007289077,0.0013723687,0.04698664
14605,0.0003275843,0.28947213,0.0019955386,0.0009622126,0.6327297
14606,0.0010608152,0.07094482,0.0019877742,0.005911069,0.48893917
14607,0.00078547397,0.22354652,0.0028449097,0.0003175088,0.30777398
14608,0.0007916296,0.5684158,0.009522486,0.0051196762,0.09203286
14609,0.0006959537,0.29787827,0.0016941031,0.0065642493,0.13963085
14610,0.0029349518,0.13963085,0.0041179177,0.0032986512,0.13161905
14611,0.00047470425,0.18639107,0.0015669889,0.0010817152,0.32146
14612,0.0001673405,0.43380156,0.010288301,0.0006023541,0.19544049
14613,0.0011247575,0.3619537,0.00021654405,0.0021657674,0.29098085
14614,0.00090396777,0.203866,0.00020502214,0.0038244836,0.27874738
14615,0.0013564017,0.43284237,0.002946405,0.010529712,0.18359363
14616,0.004297939,0.59766656,0.007846239,0.004962942,0.13963085
14617,0.00071802974,0.5712285,0.0015427324,0.003707253,0.4954378
14618,0.0004322415,0.41235265,0.0024438868,0.0026112476,0.00048785712
14619,0.0015854308,0.039564554,0.38393,0.014392336,0.0012303583
14620,0.0003889921,0.15304215,0.22524615,0.011463798,0.0008796062
14621,0.00046190585,0.2120688,0.5346429,0.003004343,0.0021997981
14622,0.00035143827,0.1201288,0.3133147,0.0006361912,0.00049168157
14623,0.0014048677,0.09947021,0.2622746,0.006413164,0.0005132579
14624,0.0026010936,0.4697027,0.6769403,0.00462753,0.0014895174
14625,0.0010484692,0.36477757,0.51497966,0.005842605,0.0013723687
14626,0.0008761799,0.1625129,0.26133093,0.003429604,0.00021654405
14627,0.00079783343,0.24908175,0.8098782,0.012383785,0.0004424873
14628,0.0005053046,0.49418288,0.27532452,0.005576545,0.00013982208
14629,0.0006538155,0.31552503,0.6803479,0.00071802974,0.0010608152
14630,0.0006538155,0.03861093,0.2776688,0.00060945016,0.0016875096
14631,0.0022783307,0.41347715,0.19790912,0.0021742254,0.00026738262
14632,0.00057703455,0.48646876,0.38658977,0.0036076165,0.0002959571
14633,0.0010202174,0.16264586,0.626924,0.008881675,0.0012497094
14634,0.0013250224,0.1183851,0.53728414,0.0063635735,0.0005527786
14635,0.0019955386,0.12043882,0.29138398,0.0051396107,0.00010071401
14636,0.013273886,0.2600135,0.33742183,0.22405544,0.00029365462
14637,0.004905406,0.22422527,0.32820636,0.46144146,0.0017891593
14638,0.0008459375,0.3801835,0.37182066,0.61952883,0.0002824081
14639,0.0032099616,0.22388572,0.15700756,0.55929005,0.00038747612
14640,0.0046818224,0.36761075,0.09484524,0.27115518,0.00023968685
14641,0.0154839875,0.20181322,0.18668745,0.38577956,0.00046010586
14642,0.0011786721,0.19744445,0.43833435,0.2991052,0.00010071401
14643,0.011463798,0.4527174,0.61901075,0.393152,7.368593e-05
14644,0.00094730896,0.119819485,0.20402452,0.0973904,6.253713e-05
14645,0.0067712096,0.4220877,0.53136134,0.107812636,0.0027791904
14646,0.008251599,0.66421366,0.46484083,0.3644382,0.0014158707
14647,0.0022343625,0.5439234,0.39402604,0.22627032,0.0004859561
14648,0.001507049,0.3607142,0.48997632,0.090253234,0.00059071044
14649,0.0048297215,0.15533456,0.5096805,0.14891149,0.00010975091
14650,0.0025909794,0.2712517,0.42250463,0.32477057,0.00015598028
14651,0.005343256,0.47670147,0.30259714,0.4035081,0.00026947918
14652,0.014899643,0.44755083,0.44251603,0.2724115,0.0009146137
14653,0.0020911063,0.2737685,0.20450072,0.30497235,0.0004583129
14654,0.012288597,0.21535076,0.05686155,0.5077966,0.0017891593
14655,0.0030278352,0.36060163,0.13050689,0.5291113,0.00078854576
14656,0.010693758,0.0018458483,0.3015677,0.36523023,0.008985429
14657,0.0015188508,0.00014425986,0.45898518,0.34687307,0.010860331
14658,0.0029008575,0.00018667821,0.4411613,0.6177433,0.007176882
14659,0.0013564017,0.0004390453,0.5448014,0.5354932,0.0053849383
14660,0.003260346,0.00031999825,0.44993636,0.57033134,0.00502115
14661,0.0010044164,0.000118667966,0.10411242,0.5235269,0.0033897832
14662,0.0020587533,0.002434382,0.36795136,0.21750368,0.0047552
14663,0.0045208177,0.0006615174,0.5924898,0.54292387,0.0007096704
14664,0.0010566838,0.00029365462,0.54234827,0.18359363,0.0012594986
14665,0.0021074724,0.0005703157,0.19314739,0.4210756,0.0015367271
14666,0.0028671585,0.00054847926,0.14451066,0.25238407,0.0027683855
14667,0.008348054,0.0012743262,0.40033904,0.76699245,0.010860331
14668,0.003324437,0.00066670234,0.078078166,0.1821344,0.0029926654
14669,0.0010044164,0.0017140384,0.4749051,0.071981624,0.009821793
14670,0.0038096302,0.0007041516,0.87599933,0.17147702,0.0016103574
14671,0.00698465,0.00025714198,0.2776688,0.33644006,0.003839395
14672,0.002491968,0.0025608707,0.37949336,0.22067817,0.00085924764
14673,0.007695647,0.00042388475,0.54667765,0.47869635,0.0038096302
14674,0.00074953143,0.0006023541,0.2979804,0.1390453,0.0021997981
14675,0.0017546144,0.0017342081,0.09401018,0.3039384,0.003197487
14676,0.0059803305,0.00035557945,0.06255973,0.48514992,0.0023504829
14677,0.00095101306,0.0036216856,0.3409239,0.23934935,0.003869391
14678,0.49147877,0.0007643033,0.17036992,0.20323272,0.0016040892
14679,0.20866227,0.0019877742,0.36988392,0.6247515,0.00809329
14680,0.5743351,0.00021318757,0.40603742,0.58699644,0.0068239546
14681,0.3427915,0.00042388475,0.3859531,0.11299101,0.0034564096
14682,0.50875765,0.0007947255,0.55655026,0.38052872,0.0020829707
14683,0.6011839,0.0003889921,0.13273923,0.10557884,0.0028560124
14684,0.23863891,0.002396731,0.6043989,0.30084828,0.00060945016
14685,0.38844404,0.005448068,0.32896042,0.26855758,0.0027255826
14686,0.38075897,0.00019260288,0.36692995,0.27639747,0.020527788
14687,0.14633106,0.0011832798,0.6261242,0.095518075,0.0010817152
14688,0.120542295,0.0011925492,0.3284217,0.47365725,0.0029579026
14689,0.17455094,0.00030534892,0.7240906,0.33545968,0.001882186
14690,0.30404165,0.0006771943,0.22541662,0.13006426,0.0029810327
14691,0.5266471,0.0003740956,0.27096224,0.2692295,0.0019117695
14692,0.20593424,0.002217013,0.48589703,0.1664043,0.0006745559
14693,0.35925174,9.993032e-05,0.39204586,0.37501955,0.004150081
14694,0.57892436,0.0007947255,0.7189892,0.5017729,0.0012255674
14695,0.37399015,0.0011740822,0.44007817,0.68961924,0.026708463
14696,0.42679936,0.00045121065,0.820757,0.29849136,0.005001672
14697,0.50267214,0.00042720788,0.36511704,0.16145241,0.0003487043
14698,0.5617859,0.00027372167,0.14755519,0.26133093,0.0013831174
14699,0.5800547,0.0017683518,0.56463873,0.18039525,0.004314688
14700,0.41258934,0.0047737225,0.4911356,0.3208213,0.00024346048
14701,0.22507577,0.004468384,0.13951357,0.24635197,0.0033897832
14702,0.13006426,0.0016875096,0.0021827165,0.23493282,0.0029235429
14703,0.30105373,0.038756195,0.00018667821,0.34389237,0.21060391
14704,0.23669262,0.0007350449,0.0022783307,0.6217706,0.84389514
14705,0.53458214,0.008813166,0.0010242064,0.08647765,0.64690644
14706,0.59749043,0.0012207952,0.00023782204,0.3031126,0.1821344
14707,0.437463,0.004886375,0.00030534892,0.69616497,0.08299415
14708,0.18787657,0.007695647,0.0018602987,0.39653543,0.3017734
14709,0.13927926,0.008985429,0.0011559009,0.16052906,0.19012183
14710,0.397646,0.008061991,0.0025409926,0.05439932,0.14608724
14711,0.09203286,0.00081993215,0.00049168157,0.22084616,0.1495314
14712,0.26779094,0.0019192374,0.00094361923,0.32820636,0.59766656
14713,0.12646118,0.0027469008,0.00047470425,0.42895088,0.099120855
14714,0.52348125,0.00502115,0.000118667966,0.2564594,0.40245083
14715,0.16026603,0.00024536948,0.0015247863,0.0004156895,0.59572774
14716,0.19452077,0.0021489493,0.00062633416,0.0017891593,0.12581532
14717,0.77475387,0.0008796062,0.0012497094,0.00071244594,0.20307462
14718,0.713731,0.0064381026,0.0065388246,0.0014103585,0.25349122
14719,0.33622208,0.0020111583,0.0005703157,0.0015731122,0.40521333
14720,0.30033502,0.0006851713,0.35053253,0.0015731122,0.5825504
14721,0.39729518,0.0032730652,0.46605572,0.0011879054,0.5535958
14722,0.28967303,0.0028449097,0.62772304,0.001957017,0.6633419
14723,0.06572466,0.00047101185,0.13672362,0.000621463,0.7541916
14724,0.15882562,0.0038844766,0.24184732,0.0008263576,0.14743239
14725,0.07356305,0.0016941031,0.46253374,0.0015548134,0.2752271
14726,0.20657375,0.006168995,0.38144997,0.004331502,0.7064943
14727,0.26284185,0.00083935994,0.24526574,0.0003935756,0.1732882
14728,0.20497774,0.0016356753,0.1877276,0.001591626,0.27757087
14729,0.18609506,0.0021997981,0.45759112,0.0006337125,0.48204812
14730,0.09401018,0.010091316,0.061649624,0.0004691764,0.13730095
14731,0.36127737,0.000932636,0.22135067,0.00045297583,0.3648907
14732,0.22781274,0.009055264,0.27192786,5.433365e-05,0.5020485
14733,0.14487325,0.0030396497,0.13206616,0.0004322415,0.40751025
14734,0.7108291,0.0019494022,0.16026603,0.0017683518,0.32885265
14735,0.5907202,0.002463007,0.2391716,0.0036358088,0.67168593
14736,0.5727825,0.0063635735,0.38473874,0.0043653264,0.41359556
14737,0.39030153,0.0025311112,0.37863138,0.0013511209,0.5439234
14738,0.4292499,0.0029008575,0.2705766,0.0021742254,0.19452077
14739,0.28967303,0.0008899655,0.16184944,0.00018814208,0.3233801
14740,0.3055937,0.022286186,0.26817408,0.0018172832,0.6514658
14741,0.41810283,0.025178842,0.48384655,0.0009850083,0.62314755
14742,0.25219983,0.0038996208,0.0551069,0.00026323833,0.72095805
14743,0.21733753,0.29533154,0.37639388,0.0006462033,0.4103427
14744,0.19147882,0.1490353,0.19132768,0.0006142272,0.27115518
14745,0.30105373,0.828523,0.33372033,0.15316878,0.28547153
14746,0.4956399,0.32799107,0.2384615,0.11536139,0.30012983
14747,0.2693256,0.08021325,0.17078441,0.4186375,0.29838914
14748,0.37891862,0.40344933,0.06418265,0.039195135,0.19314739
14749,0.2991052,0.099820666,0.19012183,0.1284158,0.2683658
14750,0.18713269,0.3526475,0.3431216,0.0992954,0.15482272
14751,0.37828684,0.11516222,0.5075792,0.12368282,0.50977963
14752,0.36704338,0.08344117,0.45277786,0.31478733,0.3836413
14753,0.00039977103,0.26511872,0.6584175,0.111627996,0.46687597
14754,0.0008693674,0.62658125,0.4336816,0.15908672,0.31689754
14755,0.00096975197,0.44462508,0.20641373,0.041539967,0.65665823
14756,0.0020587533,0.29787827,0.14163722,0.3192275,0.18565173
14757,0.00024156629,0.13834533,0.083142914,0.4081588,0.4960061
14758,0.00057929166,0.28032076,0.20657375,0.28051782,0.18862271
14759,0.0010362669,0.34037554,0.35925174,0.23353152,0.36330795
14760,0.00089693937,0.41935068,0.3909408,0.27474037,0.1603975
14761,0.0037217087,0.47449422,0.35053253,0.09170697,0.077937685
14762,0.0005152657,0.5658986,0.36161548,0.29158565,0.29920757
14763,0.002889581,0.0894546,0.25739157,0.07030385,0.27134824
14764,0.0013617034,0.1989965,0.1261379,0.062904246,0.6859495
14765,0.0002846224,0.37662312,0.18300885,0.3644382,0.14596547
14766,0.0005571117,0.5215473,0.036769465,0.1187934,0.745954
14767,0.0010608152,0.1431877,0.028870907,0.20785716,0.7272012
14768,0.0055119344,0.4743268,0.22746934,0.042245496,0.27590945
14769,0.0010282109,0.3229529,0.124319285,0.18242553,0.24725968
14770,0.00036829791,0.24635197,0.13811268,0.14928317,0.45129624
14771,0.0013147246,0.29017562,0.42685908,0.33545968,0.2738656
14772,0.0037948343,0.12116485,0.078078166,0.25757828,0.4942553
14773,0.00059071044,0.3599264,0.17681369,0.40680307,0.46392995
14774,0.0011972112,0.5343999,0.41235265,0.120232075,0.2773751
14775,0.001882186,0.36568317,0.40362564,0.1665398,0.48508132
14776,0.001284308,0.09534947,0.25664565,0.041075893,0.554772
14777,0.0012351678,0.3156305,0.18683577,0.093678005,0.61618555
14778,0.0006386796,0.5384372,0.3233801,0.0894546,0.27019128
14779,0.00023597175,0.68151486,0.19345194,0.07737811,0.079210326
14780,0.0010691263,0.55841726,0.21109138,0.13822897,0.840259
14781,0.000932636,0.13523208,0.42333883,0.44565013,0.22067817
14782,0.1337543,0.29017562,0.03904829,0.1526628,0.57755494
14783,0.73163426,0.34620965,0.1538032,0.4069209,0.21141681
14784,0.34004676,0.27884555,0.09334688,0.085403666,0.3752485
14785,0.31048527,0.7325918,0.12085322,0.6865802,0.4380639
14786,0.49513263,0.16981852,0.21833587,0.29421496,0.31142685
14787,0.18817474,0.535311,0.54576993,0.22354652,0.5090398
14788,0.24310297,0.36037648,0.26961395,0.20721471,0.49658206
14789,0.17795369,0.19528697,0.12995382,0.03296124,0.7318259
14790,0.34875605,0.24346252,0.22678363,0.16735472,0.20450072
14791,0.06766981,0.52112085,0.16803622,0.15830442,0.43686226
14792,0.11143445,0.39963588,0.023689471,0.48794022,0.20275873
14793,0.18491465,0.24835184,0.11299101,0.26894143,0.37239107
14794,0.2672169,0.43122488,0.14804721,0.5129061,0.4220877
14795,0.41750893,0.15856485,0.15934819,0.17881244,0.00027159214
14796,0.3634209,0.5696133,0.012053779,0.39676917,0.0014381354
14797,0.15140383,0.35320508,0.008030813,0.30115646,0.0011879054
14798,0.4998522,0.37834427,0.00028685408,0.29128316,0.0009850083
14799,0.041462272,0.75833166,0.0005399804,0.5140649,0.0002959571
14800,0.350088,0.8076124,0.00090750254,0.22592856,0.00016219282
14801,0.112600096,0.15856485,0.0051196762,0.17781086,0.00050137425
14802,0.4240542,0.20866227,0.0065642493,0.3220994,0.0002824081
14803,0.24006125,0.13649325,0.0005399804,0.61508787,0.0020992735
14804,0.10613344,0.227641,0.0029235429,0.53628254,0.0009399439
14805,0.07531231,0.5470709,0.0054905633,0.19329962,0.00035419365
14806,0.34609914,0.62498045,0.0063883206,0.027690258,0.000118667966
14807,0.41762772,0.53324556,0.0035106493,0.22405544,0.001477943
14808,0.07382971,0.5742157,0.0028560124,0.100878626,0.0004565269
14809,0.07004896,0.21141681,0.0014953384,0.26607114,0.0008167381
14810,0.1534223,0.06572466,0.0021742254,0.023599293,0.00074953143
14811,0.37239107,0.7390459,0.0021912407,0.1852092,0.0004897656
14812,0.12896329,0.5070605,0.0013564017,0.13184243,0.28368217
14813,0.18447348,0.3017734,0.005598249,0.021491766,0.6286354
14814,0.3211406,0.16357902,0.0019342611,0.006073934,0.6966811
14815,0.17823957,0.15002882,0.0008040859,0.00046190585,0.04858621
14816,0.090253234,0.06979492,0.0026522598,0.002822833,0.14175598
14817,0.1561049,0.25757828,0.0024249144,0.0013406203,0.09825223
14818,0.13117322,0.33938956,0.00038747612,0.0011203773,0.29007506
14819,0.27221796,0.55700207,0.00095846487,0.00076729245,0.1169656
14820,0.47799578,0.25664565,0.009196552,0.0023051251,0.48238337
14821,0.5706305,0.24653335,0.0019723359,0.0012448432,0.0493136
14822,0.12776141,0.55178505,0.0056638657,0.0022430879,0.18506189
14823,0.10105592,0.27474037,0.002396731,0.0014895174,0.04038907
14824,0.63635314,0.29401222,0.0016613906,0.0045738644,0.0992954
14825,0.22405544,0.57612467,0.014672035,0.0023504829,0.12560067
14826,0.120542295,0.43764323,0.00024346048,0.010209055,0.10894504
14827,0.17709816,0.00062389387,0.00047842565,0.00071244594,0.121790156
14828,0.3744475,0.002387409,0.0018458483,0.0069576087,0.16586316
14829,0.56571865,0.0015978456,0.004736749,0.002822833,0.28517285
14830,0.36772424,0.0018386652,0.0027900378,0.0054059005,0.48983142
14831,0.19299524,0.0025809042,0.0025016968,0.00402291,0.35588682
14832,0.19713514,0.00029365462,0.040845715,0.0013885233,0.48479167
14833,0.28467542,0.00089693937,0.010693758,0.00462753,0.31584147
14834,0.53043413,0.0005233757,0.031084951,0.0034564096,0.2052962
14835,0.29098085,0.00043733438,0.003311519,0.0010005044,0.46104708
14836,0.6979178,0.0001896174,0.007815889,0.00094361923,0.036083944
14837,0.22832851,0.00041731575,0.007785655,0.0034698907,0.09252366
14838,0.3088152,0.00046552691,0.020527788,0.010529712,0.3197583
14839,0.29818472,0.00019563535,0.012007351,0.0017207355,0.050988145
14840,0.24131057,0.0038244836,0.39350155,0.0021827165,0.30259714
14841,0.018653521,0.0014607495,0.18344729,0.004556114,0.2260994
14842,0.05232763,0.0006462033,0.33720353,0.00047101185,0.035078675
14843,0.109134786,0.00025915826,0.52859426,0.0014325366,0.07290027
14844,0.38734266,0.00030061635,0.13028541,0.0027362213,0.25497246
14845,0.20149879,0.0004424873,0.44206437,0.001264422,0.12918286
14846,0.030908957,0.2961451,0.4119386,0.0002824081,0.21223202
14847,0.24544658,0.07094482,0.18639107,0.0024822769,0.4824596
14848,0.0996453,0.16079243,0.24744146,0.0029926654,0.59296125
14849,0.012007351,0.28378138,0.50247765,0.0022518474,0.40039763
14850,0.002296159,0.12656909,0.54930824,0.0018386652,0.19299524
14851,0.00036117696,0.24526574,0.19868536,0.009522486,0.34786937
14852,0.0006693099,0.09568694,0.30746198,0.0015669889,0.13660839
14853,0.0073173973,0.20753574,0.4607438,0.013795364,0.31237
14854,0.0058653383,0.17823957,0.16518871,0.0022518474,0.08344117
14855,0.0010242064,0.09501305,0.11516222,0.0074606435,0.091220066
14856,0.0021489493,0.1799625,0.36477757,0.0018458483,0.35868996
14857,0.00685048,0.31753206,0.24544658,0.0071214284,0.33057922
14858,0.0073173973,0.24454336,0.43803382,0.00930395,0.15140383
14859,0.0039300853,0.60614884,0.35767972,0.00026738262,0.1435475
14860,0.0010691263,0.16940588,0.107812636,0.0013831174,0.24346252
14861,0.0012497094,0.34235165,0.21125406,0.0014103585,0.037467506
14862,0.0006641048,0.027117657,0.034488525,0.000621463,0.07303239
14863,0.0033897832,0.3242354,0.32799107,0.0013723687,0.19360435
14864,0.008061991,0.43506128,0.5404085,0.002217013,0.28061637
14865,0.009821793,0.12074952,0.20930801,0.0038543637,0.36048904
14866,0.0029694452,0.13523208,0.29310086,0.007876706,0.35812855
14867,0.006692851,0.43752307,0.46098644,0.0071214284,0.6004813
14868,0.0007041516,0.26265267,0.105948284,0.020061802,0.38081652
14869,0.002693914,0.06717858,0.3161581,0.010860331,0.4290107
14870,0.0006878511,0.48954922,0.52364874,0.02970375,0.15178062
14871,0.0011203773,0.06669065,0.13695431,0.0128707485,0.061199225
14872,0.0007643033,0.13753247,0.27747297,0.0011380006,0.455683
14873,0.002621441,0.57475287,0.05291181,0.007093862,0.48459348
14874,0.002621441,0.1504028,0.34809092,0.009783876,0.15662017
14875,0.0018315102,0.16844618,0.1328517,0.013273886,0.32455644
14876,0.017509557,0.1532955,0.20673385,0.15253653,0.33274388
14877,0.0021912407,0.200871,0.2600135,0.4455597,0.12421302
14878,0.00041406954,0.18155324,0.2148561,0.5123342,0.24635197
14879,0.009783876,0.3794359,0.46632913,0.16132024,0.64400125
14880,0.007785655,0.06176271,0.08993301,0.282592,0.6631238
14881,0.0007379196,0.16844618,0.37547746,0.28776783,0.60223705
14882,0.0024438868,0.31362996,0.24744146,0.06052939,0.2649285
14883,0.0016166499,0.48412097,0.28716773,0.051462766,0.17441027
14884,0.0020348171,0.29098085,0.12808825,0.12315455,0.024053553
14885,0.016593177,0.28209728,0.7255514,0.19868536,0.14438997
14886,0.01798621,0.20323272,0.6543428,0.20339088,0.16749083
14887,0.029816542,0.27943507,0.42119467,0.40192252,0.25851312
14888,0.0047000605,0.35042137,0.038683496,0.053107902,0.001867566
14889,0.015663648,0.5036945,0.112015955,0.37719646,0.007489625
14890,0.022802636,0.4683651,0.13006426,0.24653335,0.003692853
14891,0.0038096302,0.12410682,0.046378206,0.19102567,0.009268014
14892,0.0035936027,0.088504665,0.15077755,0.23074637,0.0032224844
14893,0.77149934,0.2615195,0.07382971,0.3094409,0.0006745559
14894,0.35812855,0.3744475,0.09602549,0.16092426,0.0006563728
14895,0.5509094,0.12273334,0.18982129,0.05470151,0.0017409837
14896,0.45495644,0.08225395,0.42518753,0.3181673,0.0028560124
14897,0.54945934,0.06779314,0.48898494,0.2148561,0.0006190417
14898,0.17217185,0.0015548134,0.289874,0.4065085,0.0029121784
14899,0.21452682,0.0014158707,0.47406808,0.12527926,0.003442981
14900,0.47031084,0.002157342,0.612947,0.3746763,0.0015188508
14901,0.19238758,0.0035936027,0.20102783,0.41638127,0.0017207355
14902,0.11716747,0.0005571117,0.34444344,0.55492276,0.0010044164
14903,0.18097353,0.003750789,0.75617754,0.26588047,0.0035106493
14904,0.15830442,0.0013147246,0.24835184,0.2712517,0.008881675
14905,0.17881244,0.007636216,0.22524615,0.18068421,0.0042812545
14906,0.4399278,0.0017683518,0.67179364,0.25330648,0.00032250723
14907,0.27757087,0.0025016968,0.41590676,0.24148938,0.0066153924
14908,0.27659282,0.0032986512,0.5048788,0.22388572,0.0010859444
14909,0.37731123,0.00096975197,0.30850264,0.2168396,0.0013831174
14910,0.12819736,0.023464657,0.13500383,0.42202815,0.0006462033
14911,0.36409897,0.002472623,0.18535663,0.2928986,0.0006023541
14912,0.10158945,0.0022083889,0.16304526,0.6725468,0.0040860027
14913,0.111821815,0.00032503586,0.2467148,0.098772585,0.0003487043
14914,0.4027444,0.0024249144,0.0017752605,0.16491956,0.0016040892
14915,0.2639787,0.00081038737,0.0028783479,0.5627172,0.0034030052
14916,0.042403832,0.012920474,0.0023504829,0.111821815,0.0015978456
14917,0.31341976,0.00095846487,0.0019877742,0.3930355,0.0023688741
14918,0.4073334,0.0017207355,0.00024536948,0.3981724,0.00047842565
14919,0.2944178,0.002387409,0.0016166499,0.12863456,0.0027900378
14920,0.18344729,0.0070117954,0.0020507434,0.4117612,0.006666932
14921,0.5301757,0.002019014,0.005598249,0.20817892,0.0013885233
14922,0.061536737,0.0002082501,0.00046371284,0.054499872,0.0017073674
14923,0.2725083,0.00588816,0.004792317,0.60498255,0.001032231
14924,0.4128852,0.002019014,0.0008231386,0.39105707,0.00307537
14925,0.19406214,0.0023141264,0.0008231386,0.14487325,0.008711385
14926,0.5090551,0.00092538487,0.0013045066,0.1185891,0.00046190585
14927,0.18639107,0.0006386796,0.0039300853,0.19238758,0.0042151595
14928,0.1301748,0.0027149853,0.009055264,0.14866412,0.004166256
14929,0.08601588,0.0011160142,0.01374232,0.3744475,0.0026522598
14930,0.30331892,0.00080095365,0.0022518474,0.35432136,0.011508149
14931,0.52160823,0.0016103574,0.0043823365,0.23581158,0.007345827
14932,0.53148293,0.0040860027,0.001867566,0.21109138,0.013480103
14933,0.7604728,0.0060035964,0.0024060889,0.21403356,0.04426588
14934,0.038466193,0.006666932,0.0001344663,0.049589027,0.0067449897
14935,0.21223202,0.0010691263,0.0003327413,0.3575675,0.0037948343
14936,0.111627996,0.010860331,0.0014721896,0.5774358,0.02865267
14937,0.21700548,0.00028685408,0.0028560124,0.20291664,0.0036076165
14938,0.19513355,0.0075772414,0.0013885233,0.46553937,0.0055333884
14939,0.5859899,0.0014953384,0.0019494022,0.18982129,0.27318642
14940,0.102844074,0.0013096057,0.0012018913,0.42357722,0.68246794
14941,0.41881573,0.0034698907,0.007606672,0.27279878,0.7446563
14942,0.1133831,0.0016941031,0.0024534282,0.25870037,0.29634872
14943,0.0946777,0.05330468,0.0027362213,0.35812855,0.049773447
14944,0.041307304,0.01665704,0.0015129384,0.29047745,0.07850098
14945,0.4395669,0.01302049,0.0014269596,0.50625193,0.31216028
14946,0.3094409,0.038321972,0.0005442133,0.58829796,0.6012424
14947,0.20979328,0.007785655,0.0018315102,0.26626188,0.13534632
14948,0.5111905,0.0123361,0.0004859561,0.049130786,0.060863446
14949,0.19467382,0.03825006,0.001294368,0.11920292,0.09351231
14950,0.34565726,0.018761083,0.002019014,0.17272931,0.15431228
14951,0.16913125,0.4087487,0.012821214,0.26798248,0.26999876
14952,0.22712629,0.32412842,0.0588847,0.0498659,0.500095
14953,0.7053793,0.52655584,0.01433703,0.25312182,0.10650459
14954,0.59825355,0.4437812,0.028490042,0.3961266,0.30580097
14955,0.070816204,0.08359067,0.034684174,0.16398026,0.28022227
14956,0.19574778,0.38508555,0.007345827,0.05520869,0.55950063
14957,0.19946389,0.25219983,0.009783876,0.0024534282,0.4480942
14958,0.13892843,0.29178745,0.052134257,0.011115014,0.36761075
14959,0.19961986,0.050705366,0.01665704,0.01584536,0.43674216
14960,0.0031115087,0.015365342,0.12304913,0.0008559007,0.25982565
14961,0.0018102111,0.050893717,0.00930395,0.008251599,0.48668218
14962,0.0049436893,0.38508555,0.033652965,0.003429604,0.2726051
14963,0.0033897832,0.039416388,0.0140636265,0.0021489493,0.46065283
14964,0.0019192374,0.34202188,0.039195135,0.008950711,0.5215625
14965,0.00078854576,0.051462766,0.046638038,0.0059340666,0.6491339
14966,0.0010282109,0.09653532,0.0054692747,0.002570868,0.51978034
14967,0.002074867,0.051845465,0.005576545,0.0022606407,0.22236224
14968,0.010693758,0.3588023,0.0066411127,0.008124708,0.45877305
14969,0.004905406,0.40415466,0.011732464,0.0014607495,0.42685908
14970,0.00046734812,0.4207186,0.011201214,0.0042151595,0.19238758
14971,0.0032476764,0.058776557,0.008445627,0.0026112476,0.14572217
14972,0.0029121784,0.16830945,0.012007351,0.0073173973,0.1336412
14973,0.0038996208,0.49373657,0.017242778,0.00034196206,0.06198946
14974,0.003960788,0.3338289,0.00502115,0.0014953384,0.22953519
14975,0.000981172,0.16803622,0.034749623,0.0004691764,0.02025469
14976,0.00619299,0.1724504,0.020410309,0.0023141264,0.22236224
14977,0.0013250224,0.40262696,0.094176665,0.003945407,0.12252322
14978,0.00041406954,0.38473874,0.025858775,0.002822833,0.23423143
14979,0.003442981,0.14547919,0.02898063,0.007665875,0.33133605
14980,0.0020992735,0.12863456,0.0065642493,0.006413164,0.24562746
14981,0.0013885233,0.18097353,0.042802144,0.010652511,0.6454552
14982,0.0020667946,0.3018763,0.02442309,0.0008899655,0.30756596
14983,0.0029121784,0.18344729,0.0018031665,0.0016743992,0.67779404
14984,0.0003487043,0.026405517,0.030792167,0.0022343625,0.1603975
14985,0.003260346,0.20102783,0.017644463,0.0021742254,0.25515804
14986,0.0014953384,0.18713269,0.006413164,0.00074953143,0.19284318
14987,0.012194132,0.23091978,0.034553625,0.0006142272,0.6438893
14988,0.006241259,0.42889106,0.0029926654,0.0023413408,0.53740555
14989,0.0011160142,0.36897394,0.063714996,0.020332353,0.47126883
14990,0.0027149853,0.43590155,0.04410091,0.007636216,0.47154266
14991,0.00057929166,0.6568784,0.01001357,0.05781161,0.13591877
14992,0.0026112476,0.44408253,0.013222822,0.028167473,0.25664565
14993,0.00069054146,0.42232594,0.0037800956,0.08151976,0.1831549
14994,0.0013617034,0.49477783,0.01778039,0.09451043,0.100524865
14995,0.0085443305,0.19868536,0.03149938,0.018194368,0.35824078
14996,0.0009966077,0.492867,0.0279544,0.01584536,0.40415466
14997,0.0021322616,0.5341265,0.024099445,0.01572399,0.13420755
14998,0.04903962,0.24454336,0.019271137,0.01665704,0.15418488
14999,0.0269635,0.25183165,0.00588816,0.008677716,0.36217928
15000,0.005220126,0.16291204,0.0015307452,0.011288074,0.25441632
15001,0.04185213,0.24580847,0.00075540564,0.041462272,0.2148561
15002,0.011419615,0.19452077,0.00033797944,0.029986508,0.4896331
15003,0.009633652,0.18257122,0.0002216781,0.008348054,0.22422527
15004,0.03149938,0.21255878,0.002434382,0.010052369,0.2842779
15005,0.019419348,0.29604334,0.00031999825,0.019606182,0.13161905
15006,0.018475594,0.03149938,0.0011740822,0.011777843,0.1765296
15007,0.048676573,0.23616375,0.002387409,0.03890198,0.010489091
15008,0.004331502,0.20689404,0.0013147246,0.051082738,0.004054334
15009,0.02508314,0.7009972,0.0010608152,0.02199022,0.0008263576
15010,0.0037217087,0.25036255,0.0018102111,0.008711385,0.015967654
15011,0.01717671,0.1504028,0.0010525686,0.014392336,0.003678509
15012,0.005842605,0.21011727,0.00025915826,0.043936536,0.0009888597
15013,0.024237635,0.12973315,0.002225671,0.019643761,0.00619299
15014,0.024376597,0.31700322,0.0003029734,0.03061778,0.0020587533
15015,0.017576884,0.01001357,0.00021654405,0.025226826,0.0034834242
15016,0.036908064,0.007176882,5.6497935e-05,0.030733928,0.009559399
15017,0.15895613,0.0047000605,0.0028783479,0.08210663,0.0035936027
15018,0.00809329,0.0045384318,0.0003799845,0.020215968,0.00038446192
15019,0.010944578,0.0037217087,0.0002216781,0.008950711,0.00619299
15020,0.016979992,0.0010649627,0.00015598028,0.053700306,0.0074606435
15021,0.02920129,0.0005112579,0.00039666123,0.012527932,0.0031603526
15022,0.020804489,0.0028338498,0.00021152887,0.021004366,0.0062170783
15023,0.010130412,0.0016743992,0.0003726377,0.016721142,0.011687257
15024,0.014392336,0.00014202365,0.00029365462,0.011961099,0.0013939502
15025,0.031261913,0.0013831174,0.00091819005,0.048948623,0.0013406203
15026,0.064653486,0.0004691764,0.0007014083,0.0043823365,0.00047842565
15027,0.01621503,0.0027044292,0.0011649561,0.0025114634,0.0031850608
15028,0.0045208177,0.022243667,0.0003366622,0.0011879054,0.0046455576
15029,0.010328152,0.007968815,0.00022516825,0.00092538487,0.0025608707
15030,0.0023231625,0.0012497094,0.00023050673,0.002396731,0.00050333556
15031,0.021864556,0.0022343625,9.610242e-05,0.00024923251,0.0059803305
15032,0.003311519,0.0039148238,0.00071802974,0.0005636751,0.00402291
15033,0.019643761,0.0073743653,0.00020027377,0.0009110512,0.020293485
15034,0.018941708,0.00095101306,0.0040860027,0.0005295418,0.0001673405
15035,0.01822929,0.0061212815,0.00091819005,0.0012693645,0.0003327413
15036,0.023734685,0.012288597,0.0005636751,0.0014493985,0.0015854308
15037,0.007937994,0.0047552,0.0002551414,0.00032503586,0.0007321813
15038,0.051177494,0.0012994275,0.000118667966,0.0010403185,0.0003459916
15039,0.023109278,0.0014048677,0.0007152324,0.00047842565,0.00092538487
15040,0.017917344,0.0019117695,0.00078241405,0.00071244594,0.000720838
15041,0.06267437,0.002693914,0.0005953407,0.00075540564,0.004736749
15042,0.020449394,0.0064882697,0.0006436856,0.0017342081,0.007289077
15043,0.01685008,0.0020033333,0.00030061635,0.0009888597,0.0027576224
15044,0.010902374,0.0018458483,0.00077632995,0.0020427648,0.0037362205
15045,0.053601142,0.0039148238,8.888085e-05,0.00462753,0.0056200367
15046,0.09401018,0.0014269596,0.0008830458,0.0019043302,0.001477943
15047,0.022586042,0.0034698907,0.00090396777,0.00026323833,0.004905406
15048,0.007606672,0.01717671,0.00042058743,0.0011291547,0.029535338
15049,0.022414217,0.0021157034,0.0012497094,0.00041406954,0.0014664583
15050,0.008644178,0.0030396497,0.00036259004,0.00051728135,0.012970386
15051,0.001957017,0.002673006,0.0005747862,0.0018102111,0.00017952797
15052,0.05634009,0.0022606407,0.00019411318,0.0016875096,0.003429604
15053,0.007636216,0.0026419468,0.00040924744,0.00058155763,0.0016549242
15054,0.0009888597,0.009485713,0.00047842565,0.0012545944,0.0023141264
15055,0.0009773504,0.0016040892,0.00013552078,0.00089344557,0.0014953384
15056,0.0004840624,0.00058155763,0.00021318757,0.0005976694,0.023021257
15057,0.0010691263,0.20753574,0.0002551414,0.0006932423,0.020100236
15058,0.00041245588,0.08359067,0.0006436856,0.0010282109,0.087720014
15059,0.00017400544,0.011463798,0.00027372167,0.00069867563,0.027117657
15060,0.0010525686,0.022286186,0.001455063,0.0014214043,0.037750274
15061,0.0025016968,0.017375665,0.00019110432,0.00035697065,0.037538007
15062,0.0010202174,0.17497347,0.0011925492,0.0015367271,0.06730107
15063,0.0012160416,0.011777843,0.0011832798,0.0018031665,0.039787807
15064,0.002463007,0.021044567,0.00062633416,0.00015476662,0.015424552
15065,0.00027803096,0.009633652,0.0005442133,0.0007408056,0.013171949
15066,0.00037850367,0.028328313,0.0013511209,0.0006878511,0.085403666
15067,0.00189692,0.021165619,0.001107339,5.433365e-05,0.010529712
15068,0.001133569,0.09585608,0.00038747612,0.00024729347,0.062103126
15069,0.0006023541,0.0045032725,0.00025118678,0.00026947918,0.072243005
15070,0.00039977103,0.0079997545,0.0006411777,0.00046734812,0.0139557095
15071,0.0027683855,0.011419615,0.0015669889,0.0003433,0.025908021
15072,0.0001465313,0.022542967,0.00092178053,0.000110611596,0.005842605
15073,0.0003459916,0.004451041,6.5028165e-05,0.0006190417,0.046291903
15074,0.00021318757,0.031084951,0.0007041516,0.00016474655,0.007232764
15075,0.0014158707,0.0355444,0.00014768039,6.302759e-05,0.01450358
15076,0.0018386652,0.1765296,0.0003726377,0.00076729245,0.079638734
15077,0.00084264233,0.0085443305,0.0004994205,0.00038147115,0.032100707
15078,0.00084264233,0.020410309,0.0012497094,0.0027149853,0.017644463
15079,0.0011380006,0.0051396107,0.00014539114,0.00015598028,0.09203286
15080,0.003649987,0.0012693645,0.00011591935,0.00028910325,0.019234259
15081,0.0006825019,0.12951279,0.0005463421,0.00074370287,0.03027187
15082,0.00012830943,0.012821214,0.0005953407,0.00040606395,0.008445627
15083,6.553816e-05,0.016979992,0.00023782204,0.000720838,0.031618766
15084,0.00047470425,0.014447852,0.00021485926,0.00026323833,0.016340127
15085,0.0002959571,0.01778039,0.0001896174,0.00015476662,0.25590113
15086,0.00021152887,0.044348583,0.00049168157,0.0005571117,0.04115289
15087,0.0009622126,0.048496,0.0008231386,0.00018093576,0.033907957
15088,0.0025809042,0.016090874,0.00037118542,0.000628784,0.017110888
15089,0.0044337655,0.013273886,0.0010817152,0.0005976694,0.14104463
15090,0.0005092657,0.015424552,0.00017536995,0.0002216781,0.08404061
15091,0.0003393018,0.03461884,0.00015236755,5.874842e-05,0.0022083889
15092,0.00072365726,0.009232215,0.0001823546,0.001012286,0.010860331
15093,0.002631674,0.0041824942,0.0004076526,0.00054847926,0.0567569
15094,0.000118667966,0.041384716,0.0004583129,0.0004424873,0.05005131
15095,0.0009362828,0.007907292,0.0009622126,0.0013564017,0.020332353
15096,0.0006166297,0.015906392,0.00042554305,0.00010071401,0.024563087
15097,0.0005614788,0.06301947,0.00024536948,0.0003668626,0.034488525
15098,0.004886375,0.03711691,9.387641e-05,0.00013873412,0.0140636265
15099,0.00090750254,0.01844021,0.00027372167,0.9890554,0.089136936
15100,0.0008263576,0.002396731,0.00041406954,0.8155265,0.04560694
15101,0.0009850083,0.00043733438,0.0003125878,0.9706322,0.034880888
15102,0.0009547317,0.0007152324,0.95388025,0.79518133,0.031738594
15103,0.00044770088,0.0055549247,0.9587699,0.98105836,0.0005233757
15104,0.00026530237,0.00011412239,0.9739932,0.8413048,0.00053369283
15105,0.0009399439,5.9209164e-05,0.9158089,0.8923751,0.0010944522
15106,0.00065126823,0.0004390453,0.8159669,0.9537082,0.005641909
15107,0.00038747612,0.00023597175,0.966347,0.95869267,0.0008864989
15108,0.00010391067,0.00036259004,0.8500957,0.8631611,0.00047842565
15109,0.00045121065,0.00037702857,0.937669,0.9183339,0.0018530593
15110,0.00046371284,0.000559291,0.97369474,0.7778066,0.0023688741
15111,0.0014664583,0.000101503836,0.8286616,0.8934954,0.0006487308
15112,0.0003473453,0.00026738262,0.90000373,0.891811,0.0015608892
15113,0.0008761799,0.0004029052,0.9222025,0.790692,0.00023782204
15114,0.00063124346,0.0005527786,0.89552265,0.9253649,0.00021824206
15115,0.0008864989,0.0011513996,0.97788346,0.9641868,0.0018386652
15116,0.0014664583,0.0008040859,0.9731898,0.84758973,0.00021824206
15117,0.0004339325,0.0011786721,0.94468933,0.9193534,0.00030061635
15118,0.00057703455,0.0010608152,0.91490096,0.93880075,0.00056588
15119,0.0007096704,0.00041731575,0.9829547,0.94699025,0.0011160142
15120,0.00026323833,0.00037850367,0.93880075,0.93306583,0.0009399439
15121,0.00024536948,0.00023231418,0.9546474,0.9265699,0.00035419365
15122,0.00050333556,0.0003150387,0.9656413,0.92683524,0.00025915826
15123,0.00036543285,0.001648483,0.86488205,0.9583042,0.00010804956
15124,0.00024729347,0.0003175088,0.8992984,0.92495924,0.00038147115
15125,0.00059071044,0.00041894842,0.9145963,0.8110782,0.0003275843
15126,0.0002216781,0.00060945016,0.9590777,0.92879725,0.0003889921
15127,0.0008899655,0.00019871553,0.9695556,0.9697854,0.00059302105
15128,0.00081355654,0.0005463421,0.8493474,0.98475236,0.00017400544
15129,0.00022516825,0.0006190417,0.96028674,0.9535353,0.001507049
15130,0.00042058743,0.0008899655,0.6831025,0.72066325,0.00024923251
15131,0.00078241405,0.0014158707,0.89218736,0.853669,0.0011925492
15132,0.0003366622,0.0009850083,0.97754294,0.9565531,0.0003406293
15133,8.029784e-05,0.00019716943,0.86522406,0.8716935,0.00036117696
15134,0.0006386796,0.0011832798,0.9935868,0.86849254,6.868318e-05
15135,0.0001313518,0.00018378456,0.9617499,0.7547343,0.00023597175
15136,0.0005152657,0.0006538155,0.9465967,0.7405498,0.00076729245
15137,0.95783347,5.4759766e-05,0.8653379,0.8050198,0.0003935756
15138,0.9773276,0.00034196206,0.90894175,0.8502201,6.0613183e-05
15139,0.962462,0.00016093082,0.95565146,0.9293122,0.0007733057
15140,0.9404625,5.1442217e-05,0.9107044,0.8581252,0.0019494022
15141,0.95150405,0.00085924764,0.8655654,0.72154707,0.0004583129
15142,0.94417685,0.000621463,0.95430803,0.9467938,0.0003175088
15143,0.9789554,0.00025315638,0.98242307,0.983597,0.0040860027
15144,0.96295285,0.00055062474,0.93732566,0.96753323,0.00081355654
15145,0.9817007,0.0008072305,0.9709644,0.94427973,0.0021157034
15146,0.99242276,0.0009966077,0.96926606,0.9223426,0.00013342
15147,0.98427594,0.00039977103,0.95540243,0.97966766,0.00029137006
15148,0.9652504,0.000621463,0.97344345,0.90414387,0.00018522576
15149,0.9167081,0.00045297583,0.97520185,0.5920771,0.00028685408
15150,0.96557647,0.00012931564,0.9145963,0.8597815,0.0004583129
15151,0.96879715,0.00047470425,0.6932653,0.73028994,0.00052542303
15152,0.988085,0.0005295418,0.92482364,0.7678639,0.0005976694
15153,0.9923638,0.0003668626,0.6906634,0.7826625,0.0009146137
15154,0.9803562,0.00015843622,0.8197491,0.5004835,0.0004076526
15155,0.8773718,6.4522144e-05,0.98486924,0.8908652,0.0002959571
15156,0.990732,0.00029365462,0.921499,0.8106289,0.00018522576
15157,0.9824905,7.782753e-05,0.8080672,0.9217811,0.00027803096
15158,0.967225,0.0005953407,0.9130583,0.9508692,0.00028910325
15159,0.91700584,0.000115017356,0.9231778,0.71273226,0.00028685408
15160,0.9791955,0.00011412239,0.08344117,0.9429286,0.00050137425
15161,0.9670388,0.00019871553,0.14045411,0.94355595,0.00024536948
15162,0.9912548,0.00050137425,0.029256709,0.97724086,0.00014768039
15163,0.9944666,6.302759e-05,0.32359383,0.9772842,0.00011591935
15164,0.9383503,0.000113234375,0.120232075,0.88543355,0.00021995338
15165,0.9627432,0.00032250723,0.17412923,0.9349913,0.00029137006
15166,0.96609205,0.0005152657,0.22473529,0.7647159,0.000110611596
15167,0.9769348,0.00027803096,0.08509905,0.9223426,0.0003327413
15168,0.9462997,0.00032250723,0.044931643,0.9280184,0.00036259004
15169,0.91321325,0.0002551414,0.11299101,0.9280184,0.0011116682
15170,0.9465967,0.0001344663,0.071073666,0.94834626,0.00014768039
15171,0.96021223,0.00031999825,0.1336412,0.9628132,0.00024346048
15172,0.9615338,0.0007613258,0.22286923,0.94796216,0.00013342
15173,0.9750122,0.0003473453,0.31415576,0.48572928,3.295573e-05
15174,0.90105337,4.611275e-05,0.049130786,0.64779824,0.00017536995
15175,0.9233162,0.0002846224,0.27154136,0.14608724,0.0001673405
15176,0.9743861,0.0006337125,0.20102783,0.19452077,0.9241418
15177,0.98475236,0.00032503586,0.13660839,0.14645308,0.9843364
15178,0.9943581,0.0006361912,0.21766995,0.14092636,0.8468312
15179,0.99440175,0.00023968685,0.06489012,0.32788345,0.94509614
15180,0.9871788,0.00025315638,0.10070161,0.097734325,0.9774139
15181,0.9883128,0.0004029052,0.035880696,0.07263671,0.65445316
15182,0.95695716,0.003429604,0.25534365,0.35443306,0.91228
15183,0.99437994,0.0001465313,0.08464396,0.1559763,0.9432431
15184,0.98521465,6.108855e-05,0.15987214,0.03442355,0.7699463
15185,0.95695716,0.0003889921,0.14306793,0.033462934,0.57349926
15186,0.98646784,0.00012436225,0.24944726,0.12357699,0.9380106
15187,0.9701269,0.00084264233,0.58195657,0.12581532,0.8873999
15188,0.8989441,0.00025714198,0.29320207,0.22729777,0.8992984
15189,0.98521465,0.00024923251,0.09170697,0.124319285,0.2622746
15190,0.9730877,0.9509604,0.17967445,0.24635197,0.87621135
15191,0.9906961,0.89199936,0.0269635,0.30704626,0.7801604
15192,0.97543687,0.979784,0.015603535,0.18242553,0.8934954
15193,0.9627432,0.8174288,0.085251234,0.04115289,0.92788786
15194,0.95473194,0.6837363,0.079495706,0.12678517,0.8806945
15195,0.12995382,0.38745853,0.086632065,0.123365626,0.8899121
15196,0.2948237,0.9084556,0.2726051,0.13139597,0.7814974
15197,0.1187934,0.5306318,0.096705794,0.011732464,0.5493687
15198,0.43458128,0.9775,0.1183851,0.19544049,0.66225064
15199,0.078359805,0.91655886,0.1943678,0.31341976,0.57564765
15200,0.20055768,0.9530133,0.06359858,0.15934819,0.97482115
15201,0.058776557,0.85741025,0.057176597,0.16105618,0.78032786
15202,0.045352582,0.97662467,0.020567095,0.11516222,0.8580062
15203,0.05572029,0.9308365,0.48952636,0.28288904,0.9518632
15204,0.08897849,0.70028025,0.13477592,0.053899154,0.77321637
15205,0.31647488,0.8564525,0.13568956,0.19590157,0.79117644
15206,0.18922126,0.9103862,0.13998318,0.07477004,0.96741027
15207,0.062904246,0.86488205,0.22337708,0.1362632,0.9253649
15208,0.2961451,0.9370958,0.033907957,0.25851312,0.9124362
15209,0.09842541,0.8190264,0.064535476,0.2929997,0.86726075
15210,0.27048022,0.89368117,0.11377637,0.100348406,0.94994867
15211,0.36026397,0.86916035,0.042403832,0.2961451,0.86838096
15212,0.17023194,0.9498557,0.12940274,0.6355618,0.70629174
15213,0.099120855,0.9791955,0.36761075,0.18862271,0.7134316
15214,0.14560063,0.9792749,0.032283258,0.09451043,0.91102153
15215,0.07356305,0.9863631,0.15584777,0.21584621,0.6220577
15216,0.11716747,0.93581736,0.12189466,0.107250325,0.5662584
15217,0.2923932,0.852199,0.22405544,0.13488984,0.84325075
15218,0.016721142,0.9530133,0.18286288,0.0153063545,0.73163426
15219,0.3022881,0.7756048,0.35902697,0.04885778,0.93913656
15220,0.25720495,0.95150405,0.5868188,0.032222297,0.9468921
15221,0.07572137,0.9619649,0.022889841,0.060863446,0.9751545
15222,0.4156695,0.97943294,0.023689471,0.058131598,0.9583042
15223,0.37376153,0.89947516,0.067423776,0.07850098,0.9583042
15224,0.03963884,0.8916225,0.08269734,0.047691282,0.8030194
15225,0.3819109,0.9159594,0.05531065,0.07850098,0.84645087
15226,0.35420963,0.9908744,0.03371654,0.068787284,0.93183565
15227,0.05997644,0.72242916,0.16626887,0.12410682,0.5703911
15228,0.3490888,0.67875296,0.026105914,0.3562227,0.9878528
15229,0.08787644,0.8356178,0.078359805,0.04008736,0.81390494
15230,0.23739909,0.86601925,0.15507847,0.057705317,0.98020524
15231,0.16132024,0.9253649,0.23686911,0.1377643,0.92441523
15232,0.31373507,0.90312344,0.31373507,0.017509557,0.9723097
15233,0.048676573,0.74316794,0.26246357,0.34919977,0.43326193
15234,0.37136456,0.9638481,0.20275873,0.20323272,0.7689067
15235,0.03197956,0.96378,0.1337543,0.12929276,0.8143483
15236,0.026455775,0.9116528,0.16224726,0.22541662,0.8153795
15237,0.12506539,0.9114953,0.17781086,0.1066906,0.8136089
15238,0.20339088,0.96995664,0.028816197,0.16572809,0.8322367
15239,0.23651622,0.92879725,0.19977595,0.08093671,0.5658986
15240,0.067423776,0.92495924,0.5231158,0.12951279,0.90295243
15241,0.14175598,0.9498557,0.14535783,0.18271701,0.9053223
15242,0.07303239,0.96102494,0.08006927,0.07696084,0.14451066
15243,0.07878401,0.7789858,0.10521054,0.053700306,0.10557884
15244,0.17638768,0.7195807,0.2791402,0.0119150225,0.2615195
15245,0.038683496,0.87125593,0.12710987,0.33633107,0.47105595
15246,0.14211279,0.89947516,0.16817279,0.30486888,0.39309373
15247,0.13939638,0.9449947,0.24202643,0.18922126,0.2955348
15248,0.29634872,0.9570375,0.65390086,0.07276838,0.16264586
15249,0.17286891,0.9076402,0.5196737,0.3368762,0.052230857
15250,0.38098922,0.12929276,0.1742697,0.15052763,0.4263216
15251,0.088504665,0.65201986,0.014672035,0.0527164,0.042882238
15252,0.094176665,0.3427915,0.04001227,0.052230857,0.06705629
15253,0.2902762,0.14033625,0.0551069,0.06596494,0.21304953
15254,0.25275275,0.13251455,0.09401018,0.02727267,0.16981852
15255,0.170508,0.20609398,0.26189688,0.2683658,0.14755519
15256,0.047869004,0.1112412,0.29900283,0.048047356,0.3260568
15257,0.15090263,0.21783626,0.01717671,0.30746198,0.16505408
15258,0.0973904,0.112600096,0.19528697,0.1786691,0.16518871
15259,0.11104825,0.3986405,0.05014425,0.30218512,0.27639747
15260,0.27815875,0.03027187,0.114566505,0.2995148,0.13251455
15261,0.11716747,0.15662017,0.1522842,0.335242,0.13811268
15262,0.09384396,0.19605544,0.23863891,0.060418423,0.14366761
15263,0.060086653,0.08122776,0.04426588,0.07978202,0.5796384
15264,0.19620942,0.10894504,0.12549345,0.09721884,0.37319025
15265,0.06766981,0.06500873,0.14438997,0.01584536,0.1491592
15266,0.10613344,0.17370832,0.20513691,0.21027938,0.44363055
15267,0.036700353,0.075995214,0.14306793,0.17272931,0.19775414
15268,0.04751419,0.07382971,0.026708463,0.08694165,0.06766981
15269,0.12940274,0.08050192,0.0006745559,0.18432662,0.26740816
15270,0.23792988,0.31827325,0.007489625,0.3361131,0.3055937
15271,0.21584621,0.110279374,0.0016420668,0.059319146,0.31226513
15272,0.03371654,0.41081536,0.0018458483,0.1526628,0.18892181
15273,0.037892427,0.05834584,6.657017e-05,0.084795415,0.39747056
15274,0.03015741,0.14045411,0.00027372167,0.114368536,0.07821887
15275,0.04560694,0.2923932,0.00039204178,0.1384618,0.14235108
15276,0.0930168,0.08509905,0.00014883849,0.17881244,0.16000336
15277,0.24328269,0.10818896,0.00065126823,0.09384396,0.12560067
15278,0.25054586,0.10070161,0.0037362205,0.14560063,0.27009502
15279,0.11940814,0.12220858,0.0013723687,0.08359067,0.19042274
15280,0.30704626,0.07906799,0.00061183405,0.41264847,0.29838914
15281,0.021698097,0.10230471,8.547617e-05,0.15869519,0.03861093
15282,0.066934206,0.18097353,0.00015720345,0.04995852,0.07544843
15283,0.041930523,0.1112412,0.0008525666,0.43380156,0.22286923
15284,0.12199923,0.103748634,0.0015669889,0.19821933,0.26588047
15285,0.111627996,0.27173457,0.0009773504,0.11397347,0.53003883
15286,0.070176296,0.06717858,0.0017007225,0.015967654,0.19513355
15287,0.1046602,0.18653922,0.00045121065,0.04995852,0.06766981
15288,0.093678005,0.18417984,0.0017140384,0.10650459,0.058453243
15289,0.0930168,0.1328517,0.00034464317,0.038321972,0.46338353
15290,0.0607519,0.12220858,0.0003668626,0.05399884,0.076683804
15291,0.15934819,0.07978202,0.00027803096,0.21535076,0.10266401
15292,0.18698417,0.019756919,0.000981172,0.4279943,0.056966383
15293,0.050893717,0.2859698,0.00090044667,0.24166831,0.05572029
15294,0.43230304,0.14511536,0.000310156,0.07369627,0.034164816
15295,0.24816957,0.2193375,0.00055494095,0.1877276,0.07276838
15296,0.2656899,0.5157114,0.0017409837,0.053899154,0.07850098
15297,0.08882029,0.06779314,0.00096975197,0.030043371,0.36274344
15298,0.06572466,0.17161581,0.0009622126,0.020371294,0.17497347
15299,0.16505408,0.49567422,7.031184e-05,0.098772585,0.28776783
15300,0.036769465,0.07654563,0.0021157034,0.10762492,0.19253936
15301,0.067546695,0.2562732,0.002631674,0.12095703,0.13150747
15302,0.10302442,0.38317955,0.0006337125,0.019794779,0.21255878
15303,0.2859698,0.24944726,0.00052133633,0.062103126,0.14451066
15304,0.00052542303,0.07864238,0.00075540564,0.09807933,0.10447732
15305,0.0020033333,0.15241033,0.006463138,0.17681369,0.019568674
15306,0.0015427324,0.06418265,5.967352e-05,0.12368282,0.042403832
15307,0.0002846224,0.16000336,0.00013238186,0.08284563,0.20866227
15308,0.00081993215,0.007695647,0.0005233757,0.008610767,0.11318691
15309,0.0003935756,0.08299415,0.003004343,0.111821815,0.17638768
15310,0.00025915826,0.06656919,0.013376604,0.06730107,0.22592856
15311,0.0003740956,0.14247034,0.03327394,0.05634009,0.19961986
15312,0.0019192374,0.1559763,0.008348054,0.012920474,0.1435475
15313,0.00081355654,0.050893717,0.0024060889,0.13409412,0.38682136
15314,0.0021322616,0.20577459,0.0107767265,0.0028671585,0.025516603
15315,0.0006851713,0.03635666,0.0020829707,0.0008231386,0.14523655
15316,0.0010691263,0.11476479,0.00058840885,0.0008559007,0.115960725
15317,0.0021997981,0.28378138,0.011419615,0.00013238186,0.24544658
15318,0.00058611616,0.10894504,0.0034698907,0.00017400544,0.41721213
15319,0.0010282109,0.016721142,0.0010649627,0.0003982131,0.10800066
15320,0.0012594986,0.14633106,0.0058199596,0.0016420668,0.18082882
15321,0.0005838325,0.23283306,0.0017752605,0.00023050673,0.032100707
15322,0.0004322415,0.08882029,0.0020427648,0.00017674513,0.17217185
15323,0.0029579026,0.12973315,0.0047000605,0.0009622126,0.07765744
15324,0.0003366622,0.057176597,0.0023688741,0.0005838325,0.1816984
15325,0.0008072305,0.1742697,0.0007524628,0.0019494022,0.022586042
15326,0.0010202174,0.06176271,0.0027900378,0.0008360903,0.10411242
15327,0.00016093082,0.12678517,0.0029349518,0.00010071401,0.032222297
15328,0.00046734812,0.012288597,0.0016678823,0.0003125878,0.07821887
15329,0.0011786721,0.11104825,0.0010202174,0.00045121065,0.1317307
15330,0.0003125878,0.13881165,0.011777843,0.002074867,0.29350573
15331,0.0021489493,0.03149938,0.0030994155,0.0020348171,0.15960999
15332,0.0003327413,0.022286186,0.00063124346,0.0016613906,0.32670093
15333,0.001044386,0.053206205,0.0008525666,0.0003150387,0.16304526
15334,0.0028338498,0.10484336,0.00052133633,0.00042720788,0.13443464
15335,0.0007096704,0.13892843,0.0005274784,0.00042058743,0.064065434
15336,0.00044421837,0.5176166,0.0070117954,0.0009735438,0.21518578
15337,0.00039977103,0.274157,0.007876706,0.0005399804,0.25739157
15338,0.00043055712,0.1484171,0.0011695103,0.0042646346,0.041384716
15339,0.00089344557,0.12273334,0.0029579026,0.00039204178,0.18952109
15340,0.0005527786,0.035211135,0.0033766122,0.0018386652,0.4790467
15341,0.0045384318,0.25926262,0.0043653264,0.00053578056,0.30259714
15342,0.005911069,0.08269734,0.00042388475,0.0018748617,0.08064661
15343,0.0063883206,0.08993301,0.00028685408,0.00037118542,0.29992476
15344,0.0015608892,0.23057307,0.0013564017,0.0008626078,0.13963085
15345,0.011463798,0.095518075,0.0013777326,5.391084e-05,0.059646938
15346,0.0015854308,0.350088,0.0043653264,0.0008263576,0.107250325
15347,0.00044421837,0.058453243,0.0017614696,0.0065388246,0.04822634
15348,0.010328152,0.2666436,0.0035380863,0.003960788,0.04822634
15349,0.0011116682,0.23704566,0.004886375,0.001133569,0.26511872
15350,0.007907292,0.020449394,0.0023781238,0.0020269002,0.19806418
15351,0.003869391,0.09568694,0.0006932423,9.6856085e-05,0.100878626
15352,0.003991728,0.08093671,0.25460163,0.0026010936,0.06669065
15353,0.010529712,0.15908672,0.14755519,0.0065134983,0.02470387
15354,0.009559399,0.023109278,0.07490528,0.00588816,0.030043371
15355,0.011869121,0.11377637,0.23248434,0.0057302467,0.17398883
15356,0.007937994,0.26588047,0.21601155,0.012673736,0.1201288
15357,0.011597362,0.2354598,0.17455094,0.0131212715,0.09619517
15358,0.0034698907,0.08093671,0.15495056,0.008187911,0.14730969
15359,0.003337405,0.100348406,0.17469168,0.0005132579,0.05051767
15360,0.002946405,0.14199378,0.065604836,0.006073934,0.12973315
15361,0.0014269596,0.021864556,0.016090874,0.00698465,0.2635994
15362,0.0058653383,0.09268778,0.109705776,0.002693914,0.4744181
15363,0.0016613906,0.083142914,0.1284158,0.0029235429,0.12064587
15364,0.0021239663,0.05738754,0.34477428,0.003260346,0.040769268
15365,0.036562506,0.23633993,0.15778464,0.004133968,0.08449275
15366,0.007093862,0.42465055,0.39735362,0.0022872277,0.13998318
15367,0.0053225355,0.13799648,0.0721122,0.0024060889,0.5800547
15368,0.003991728,0.09585608,0.060086653,0.0019494022,0.14755519
15369,0.007968815,0.29360697,0.093678005,0.0015129384,0.051367506
15370,0.0021827165,0.068288535,0.14499426,0.0014269596,0.16331197
15371,0.0018031665,0.25275275,0.20625381,0.0022518474,0.098772585
15372,0.00198004,0.20833994,0.06620602,0.003197487,9.610242e-05
15373,0.001648483,0.1133831,0.1724504,0.003976228,0.00090750254
15374,0.008315778,0.4820024,0.016529556,0.0008360903,0.0003029734
15375,0.0019955386,0.100348406,0.06359858,0.0016229671,0.00018814208
15376,0.003524341,0.34169233,0.21584621,0.0010202174,0.0004339325
15377,0.0036216856,0.07043161,0.090735495,0.005576545,0.0003077431
15378,0.007204769,0.01665704,0.04418332,0.0043483814,0.00026119032
15379,0.0058653383,0.013636836,0.10266401,0.004451041,0.0005680935
15380,0.0031603526,0.06500873,0.0012497094,0.002822833,0.00013765463
15381,0.007232764,0.22101425,0.00030534892,0.0006436856,0.0021657674
15382,0.0019342611,0.028598359,0.0013617034,0.0039300853,0.0002098831
15383,0.0027255826,0.06572466,0.00031999825,0.0045384318,0.00015476662
15384,0.00094361923,0.043854564,0.0003175088,0.001867566,0.00053578056
15385,0.0020667946,0.09384396,3.4808123e-05,0.000981172,9.83812e-05
15386,0.0024249144,0.10230471,0.0007613258,0.008124708,0.00035281325
15387,0.0046095722,0.03581319,0.0011469158,0.0063143647,9.387641e-05
15388,0.0018386652,0.0005703157,0.0014269596,0.0005571117,0.0005442133
15389,0.0008167381,0.00072365726,0.00047285444,0.0047000605,0.0014214043
15390,0.0016743992,0.00058155763,0.00039666123,0.0037654135,0.00043055712
15391,0.009268014,0.0007321813,0.0003175088,0.0045384318,0.0001344663
15392,0.004314688,0.00048217614,7.967301e-05,0.1668111,4.4694072e-05
15393,0.009161027,0.00024729347,0.00033797944,0.05781161,0.00040448149
15394,0.0009547317,0.00017130819,0.00013552078,0.23144047,0.00023231418
15395,0.0023051251,0.00092538487,0.00031999825,0.098772585,0.0007793661
15396,0.54265124,0.0003740956,0.00041245588,0.032589745,0.0036642202
15397,0.111627996,0.0008295892,0.00021318757,0.12656909,0.00018093576
15398,0.44101086,0.000621463,3.5633544e-05,0.15649123,5.967352e-05
15399,0.03825006,0.0024060889,9.610242e-05,0.035880696,0.00056588
15400,0.05165378,0.000932636,0.00042887923,0.114368536,0.000101503836
15401,0.13432106,0.0007702932,0.00025118678,0.068537496,0.00025118678
15402,0.08050192,0.0027149853,0.00042223287,0.208018,0.00025915826
15403,0.12787028,0.0013045066,0.00028021098,0.04543722,0.00023050673
15404,0.06903793,0.0014953384,3.7931623e-05,0.10706346,0.0001634647
15405,0.24963011,0.00059302105,0.0015487612,0.24131057,0.0005463421
15406,0.26114246,0.0001896174,0.00042720788,0.3685193,0.0024060889
15407,0.34875605,0.0013511209,0.0005378764,0.46423358,0.00023413582
15408,0.23005375,0.0005193049,2.9311539e-05,0.025809623,0.00049168157
15409,0.13262685,0.0008830458,0.00042554305,0.04061678,0.000113234375
15410,0.12656909,0.001044386,0.0010162441,0.06928941,0.0011604197
15411,0.28497383,0.0008360903,0.0021997981,0.04001227,0.0008525666
15412,0.16545822,0.00024923251,8.156225e-05,0.1437878,0.0010242064
15413,0.036083944,0.00087276706,0.0004859561,0.31415576,0.0005132579
15414,0.07382971,0.002472623,0.0009547317,0.009161027,0.00033797944
15415,0.33209375,0.00012339458,0.00020027377,0.13986565,0.00050333556
15416,0.14767806,0.00017813111,0.00081355654,0.16518871,0.0006641048
15417,0.3296075,0.00015476662,0.0003935756,0.33187717,0.00053161324
15418,0.1559763,0.000310156,0.0009146137,0.15140383,0.00087276706
15419,0.14282866,0.0015792594,0.00034196206,0.20118472,0.0003935756
15420,0.06681232,0.0014664583,0.0018315102,0.17895588,0.0027469008
15421,0.14342749,0.0020992735,0.0006436856,0.05033063,0.00809329
15422,0.38456538,0.0005193049,0.00055494095,0.12700157,0.001591626
15423,0.0003393018,0.00036543285,0.00072648755,0.046551272,0.0024534282
15424,0.00034196206,0.0004994205,0.0004390453,0.16721867,0.00092538487
15425,0.00025714198,0.00023968685,0.00092538487,0.00033535014,0.00069054146
15426,0.00010391067,0.0003175088,0.0007613258,8.7503e-05,0.004905406
15427,0.0011513996,4.985958e-05,0.0006798429,0.0009362828,0.0020111583
15428,0.00035006859,0.000101503836,0.0003597694,0.00023968685,0.00619299
15429,0.0007408056,9.83812e-05,0.0007793661,0.0006745559,0.010130412
15430,0.0011695103,0.00013342,0.0013302015,0.000493605,0.0023688741
15431,0.0006462033,0.0005747862,0.001032231,0.0015307452,0.008577486
15432,0.0010649627,0.0008899655,0.00016865275,0.0017073674,0.008156248
15433,0.0001535624,0.0006693099,0.0012497094,0.00017674513,0.009161027
15434,0.002521268,0.00014202365,0.00023597175,0.0014214043,0.011597362
15435,0.00046190585,0.00065126823,0.0009146137,0.0005399804,0.0027791904
15436,0.00050333556,0.0001823546,0.0010282109,9.83812e-05,0.008219693
15437,0.00046552691,0.0033634927,0.00017265156,0.0014269596,0.003337405
15438,0.00071802974,0.011201214,0.00041245588,0.0006693099,0.005598249
15439,0.0002082501,0.0023231625,0.00013552078,0.00026530237,0.0013831174
15440,0.0008899655,0.00619299,3.8229115e-05,0.0008040859,0.008644178
15441,0.00026323833,0.0009547317,8.957789e-05,0.0017891593,0.0017683518
15442,0.0004076526,0.00025714198,7.031184e-05,0.002491968,0.008610767
15443,6.605215e-05,0.002693914,0.0003597694,0.00048217614,0.0029121784
15444,0.00044421837,0.0034834242,0.00016865275,0.00024346048,0.0019877742
15445,0.00020662983,0.0041019293,0.00023413582,0.00024923251,0.009125637
15446,5.5189234e-05,0.0048674177,0.0005399804,0.0005092657,0.0045384318
15447,0.0002287133,0.039564554,0.000118667966,0.00017952797,0.0020269002
15448,0.0001823546,0.008577486,0.00018093576,0.00046190585,0.00044945232
15449,0.00012632043,0.0048674177,0.0013670257,0.00020342697,0.0030396497
15450,0.0026522598,0.0048674177,0.0010525686,0.00021824206,0.0034698907
15451,0.000621463,0.0018895386,0.00042223287,0.00011147904,0.0020033333
15452,0.0006745559,0.00094730896,0.0009362828,0.00052133633,0.0014269596
15453,0.0003393018,0.0045208177,0.00018093576,0.00029137006,0.00090750254
15454,0.00081355654,0.0010944522,0.0003473453,0.0005571117,0.003839395
15455,0.0017207355,0.006265534,0.0011604197,0.00046371284,0.0015669889
15456,0.00022341637,0.0038996208,0.000310156,0.00089693937,0.0025409926
15457,0.00083935994,0.0006023541,0.0006411777,0.0008864989,0.002621441
15458,9.6856085e-05,0.0011291547,0.00024156629,6.976471e-05,0.009670992
15459,0.00036829791,0.0020269002,0.00024346048,0.0006000072,0.0008459375
15460,0.00047842565,0.048405956,0.0003473453,0.0003433,0.007093862
15461,0.00022693386,0.008348054,0.0006386796,0.0002758679,0.0035657366
15462,0.0005463421,0.002673006,0.0006538155,0.00018522576,0.0010608152
15463,9.761566e-05,0.009376237,0.0003175088,0.0005399804,0.002225671
15464,0.0006000072,0.13128456,0.0029349518,0.00042223287,0.026861202
15465,6.5028165e-05,0.2596379,0.004314688,0.00024729347,0.00089693937
15466,0.0002551414,0.026205415,0.0018748617,0.00021318757,0.0030873695
15467,0.0002824081,0.12252322,0.005001672,0.0010566838,0.0023504829
15468,0.0010944522,0.44155264,0.0006386796,0.00016093082,0.009708476
15469,0.00016093082,0.21816924,0.00038296366,0.00010975091,0.1606607
15470,0.0003433,0.112795405,0.00042720788,0.0006693099,0.24184732
15471,0.0006878511,0.16844618,0.0012207952,0.0011832798,0.40480152
15472,0.00015720345,0.22490549,0.002157342,0.0008796062,0.028925717
15473,0.0010362669,0.18624303,0.0007014083,0.00014425986,0.09518112
15474,0.00035006859,0.03234433,0.0012160416,0.00045474793,0.04922211
15475,0.00015843622,0.14199378,0.00045121065,0.00026530237,0.08093671
15476,0.00010975091,0.05997644,0.0009773504,0.00015476662,0.24328269
15477,0.00039511538,0.06176271,0.003649987,0.00024346048,0.28041926
15478,0.00035557945,0.1559763,0.0007524628,0.00033015272,0.16830945
15479,0.00047656128,0.019870713,0.0005442133,0.00017674513,0.17064618
15480,0.00012931564,0.047958102,0.0003029734,0.00052133633,0.041230027
15481,0.00015476662,0.22798456,0.0005132579,0.0006615174,0.12852514
15482,0.00041245588,0.18728128,0.0002959571,8.957789e-05,0.12984344
15483,0.00027159214,0.2654994,0.0013198634,0.00040606395,0.38554814
15484,0.0005953407,0.15752527,0.00072365726,0.00026323833,0.26855758
15485,0.00019260288,0.07423137,0.0009622126,0.0013670257,0.23722234
15486,0.00024156629,0.3843343,0.00046190585,0.00018093576,0.050893717
15487,0.00024536948,0.065365784,0.00026947918,0.00025915826,0.054903854
15488,0.00017674513,0.03527755,0.001477943,0.00089693937,0.068662286
15489,0.0003459916,0.12830654,0.00084924564,0.0005152657,0.22101425
15490,9.4612624e-05,0.020924192,0.0012113064,8.092757e-05,0.28557116
15491,0.001867566,0.0005976694,0.001133569,0.000101503836,0.03767939
15492,0.005220126,0.0005274784,0.0017342081,0.0011786721,0.059319146
15493,0.0003150387,0.0003597694,0.0009146137,0.0004859561,0.3929773
15494,0.00039204178,0.00027372167,0.0008040859,0.0007321813,0.12646118
15495,0.00045297583,0.00019716943,0.003337405,0.0010242064,0.2630311
15496,0.00050333556,0.0011160142,0.001294368,0.0001465313,0.17909943
15497,0.0006589401,5.7387595e-05,0.00017536995,0.0011291547,0.19178137
15498,0.0006771943,0.00049747445,0.0017140384,0.0007096704,0.3747907
15499,0.00062633416,0.0006023541,0.0035106493,0.00042388475,0.09170697
15500,0.00036829791,0.000865981,0.0020348171,0.0013885233,0.5609743
15501,0.0009146137,0.00047285444,0.007093862,0.00047101185,0.20402452
15502,4.1986306e-05,0.0006166297,0.0005274784,0.0012743262,0.35577488
15503,0.00041084853,0.0013777326,0.004810983,0.0024154831,0.29138398
15504,0.0001313518,5.7837664e-05,0.0005527786,0.003135836,0.00045297583
15505,0.00012339458,0.001032231,0.0006589401,0.017110888,0.00019871553
15506,0.00042554305,0.0004994205,0.0005463421,0.00072648755,0.0011291547
15507,0.0017752605,0.0011291547,0.0021827165,0.0013406203,0.00095101306
15508,0.0007041516,0.00019260288,0.001455063,0.001264422,0.0001465313
15509,0.0011513996,0.00019411318,0.0021157034,0.007665875,0.001477943
15510,0.0034834242,0.00077632995,0.00047656128,0.00060945016,0.00046190585
15511,0.0012743262,6.253713e-05,0.00019716943,0.016029147,0.0004565269
15512,0.00053369283,0.00025915826,0.00013552078,0.0051396107,0.0002551414
15513,0.0022783307,0.0002551414,0.00023050673,0.0018602987,0.0009362828
15514,0.0011879054,0.0001673405,0.00059302105,0.0077555366,0.00057703455
15515,0.00028021098,0.0003275843,0.00047285444,0.0042151595,0.00010889691
15516,0.004591684,0.00013765463,8.4811036e-05,0.007665875,0.00039051395
15517,0.00074661145,0.0007613258,0.0016040892,0.0067188703,0.0012893283
15518,0.0017409837,0.00013658353,0.0006142272,0.00685048,0.0005636751
15519,0.00065126823,0.0006719278,0.0005680935,0.0025114634,0.0007096704
15520,0.00056588,3.194182e-05,0.00028910325,0.003678509,0.0004583129
15521,0.0013885233,0.0003473453,0.0006693099,0.009783876,0.00012243443
15522,0.00095846487,0.0003487043,0.0003327413,0.001032231,0.00026530237
15523,0.0017683518,0.00044945232,0.0021322616,0.0011116682,8.957789e-05
15524,0.0021405893,0.00027803096,0.00058611616,0.0045738644,0.00039051395
15525,0.0013831174,0.003429604,0.0011695103,0.029035643,0.00037118542
15526,0.0015731122,0.0002098831,0.0022518474,0.0008559007,9.09884e-05
15527,0.0003487043,0.00035143827,0.0006641048,0.00045121065,6.976471e-05
15528,0.0004424873,0.00024729347,0.0001535624,0.00039977103,0.0003150387
15529,0.001882186,0.00058840885,0.00013873412,0.002491968,0.00014425986
15530,0.0040701376,0.0005132579,0.0011649561,0.001455063,0.00024536948
15531,0.0017961492,0.0006693099,0.011115014,0.0007152324,0.00017813111
15532,0.0012594986,0.00018522576,0.025371311,0.000981172,4.5397872e-05
15533,0.00021654405,0.00042058743,0.0065388246,0.003839395,0.0005233757
15534,0.00056588,5.5189234e-05,0.01822929,0.004848533,9.915273e-05
15535,0.00047101185,0.00053578056,0.006413164,0.009376237,0.00035697065
15536,0.0016420668,0.00040606395,0.01822929,0.0014493985,0.0011424496
15537,0.0020587533,0.0012207952,0.023241926,0.011158031,5.694103e-05
15538,0.0010362669,0.00043055712,0.0064882697,0.00268344,0.00038296366
15539,0.0012893283,0.00013032975,0.016340127,0.0014493985,0.00040133507
15540,0.00041245588,0.00016865275,0.016466174,0.002491968,0.00019110432
15541,0.0012594986,0.0013458604,0.0024249144,0.0020427648,0.0011740822
15542,0.00026530237,7.197912e-05,0.004133968,0.0017409837,7.197912e-05
15543,0.0007613258,0.0013670257,0.0011879054,0.021906367,0.00024346048
15544,0.0006745559,0.0025114634,0.041307304,0.0012594986,0.00023231418
15545,0.0013458604,9.09884e-05,0.020924192,0.0005442133,0.0002824081
15546,0.003991728,0.00022341637,0.03971326,0.0011513996,0.0006166297
15547,0.0018458483,0.0006693099,0.03120282,0.0016809418,0.00020184422
15548,0.0005399804,0.0012545944,0.03044435,0.002296159,0.00032250723
15549,0.00040133507,0.00023597175,0.012821214,0.0015011822,0.0009927262
15550,0.00028021098,6.5028165e-05,0.005060332,0.00057254656,3.3474687e-05
15551,0.0017752605,9.3145936e-05,0.028167473,0.0030634168,9.3145936e-05
15552,0.0034698907,5.4759766e-05,0.020100236,0.0012399962,0.00018522576
15553,0.00057703455,0.00014202365,0.03149938,0.0066411127,0.0003327413
15554,0.00020184422,0.00023050673,0.0019117695,0.0005233757,0.00010889691
15555,0.00079783343,7.843789e-05,0.037186775,0.002889581,0.0011925492
15556,0.0003597694,0.00015843622,0.010818449,0.0010649627,0.00028910325
15557,0.00012339458,0.00012931564,0.020844316,0.00059302105,0.0003859661
15558,0.00013765463,0.0020507434,0.008950711,0.0004424873,0.00028685408
15559,0.00017952797,0.00026323833,0.008061991,0.00058611616,0.00021654405
15560,0.0005112579,0.00041731575,0.009055264,0.00021485926,0.0004583129
15561,0.0008295892,0.00054847926,0.0107767265,0.0010733063,0.00023968685
15562,0.00036259004,0.00042388475,0.0074317735,0.0010525686,0.00031999825
15563,0.00044770088,0.00017536995,0.01621503,0.0008796062,0.00022693386
15564,0.0014158707,1.4285518e-05,0.07250525,0.0013302015,0.0003459916
15565,0.00048217614,0.00013765463,0.0022343625,0.0006361912,6.605215e-05
15566,0.00037850367,4.985958e-05,0.0011116682,0.00072648755,0.0005614788
15567,0.00023597175,0.0004994205,0.005281334,0.00268344,2.0623422e-05
15568,0.0004840624,0.00025714198,0.00698465,0.00025915826,0.00029137006
15569,0.00079783343,0.006097562,0.0033766122,0.00039977103,0.00019716943
15570,0.0006851713,0.0015307452,0.03567855,0.00010310212,0.00026323833
15571,0.0014837189,0.0025509123,0.004905406,0.0012255674,0.0011247575
15572,0.000113234375,0.00056588,0.004248079,0.0019877742,0.00020184422
15573,0.00014883849,0.00053578056,0.011115014,0.00084264233,0.00024923251
15574,0.0006851713,0.0018530593,0.0028671585,0.00039511538,0.00083935994
15575,0.0006538155,0.0020033333,0.013584392,0.0005614788,0.0006538155
15576,0.00043055712,0.002570868,0.005281334,7.254362e-05,0.00026947918
15577,0.00045474793,0.0035106493,0.0065642493,0.0004424873,0.00029827765
15578,0.0006745559,0.0055333884,0.009055264,0.0029349518,0.00049168157
15579,0.00036400868,0.0010005044,0.013795364,0.0011740822,0.00014202365
15580,8.68221e-05,0.0037800956,0.0015129384,0.00047656128,0.00058611616
15581,0.00036829791,0.004962942,0.0011469158,0.00013032975,0.00023231418
15582,0.0004339325,0.0007014083,0.0024154831,0.00010391067,0.00019563535
15583,6.657017e-05,0.00057929166,0.0038996208,0.0007350449,0.00019563535
15584,0.012527932,0.000981172,0.0063635735,0.00015843622,0.00050137425
15585,0.004198795,0.0013939502,0.0018748617,0.0007613258,0.00087276706
15586,0.020293485,0.0042315875,0.0011879054,0.00462753,0.0043483814
15587,0.007846239,0.009020279,0.00027803096,0.00023050673,0.00014768039
15588,0.020371294,0.008813166,0.0008693674,0.0027791904,0.0010484692
15589,0.011508149,0.0018243829,0.0022606407,0.0008761799,0.0007793661
15590,0.014672035,0.0008525666,0.00095846487,0.0017752605,0.0027576224
15591,0.00698465,0.00024923251,0.001507049,0.0007524628,0.00094730896
15592,0.008412978,0.0004859561,0.0007947255,0.00084264233,0.0007096704
15593,0.0031726826,0.0032858334,0.0020829707,0.0006487308,0.00036400868
15594,0.019124037,0.0063143647,0.0018172832,0.00081038737,0.0013564017
15595,0.016914913,0.0049436893,0.0030278352,0.0010525686,0.0017342081
15596,0.020844316,0.0003726377,0.0011203773,0.0001634647,0.0013250224
15597,0.02727267,0.0017409837,0.004054334,0.018869255,0.0005399804
15598,0.0145595195,0.0047183693,0.0017274586,0.052521676,0.002673006
15599,0.005080037,0.0018748617,0.00095846487,0.01433703,0.0015188508
15600,0.009670992,0.0016743992,0.002396731,0.0026419468,0.003442981
15601,0.024563087,0.0002216781,0.00044945232,0.0087791085,0.0010525686
15602,0.018905446,0.0049436893,0.0033504236,0.012007351,0.009268014
15603,0.0017477857,0.00036829791,0.0013993983,0.012722708,0.005281334
15604,0.036425155,0.0025509123,0.0014381354,0.007876706,0.0010242064
15605,0.007204769,0.0005193049,0.0002287133,0.046205748,0.00043733438
15606,0.045522004,0.00016093082,0.0041824942,0.044680867,0.0007733057
15607,0.020449394,0.0003889921,0.0033897832,0.009559399,0.0013250224
15608,0.013171949,0.00069867563,0.0085443305,0.01778039,0.00049168157
15609,0.053107902,0.0018031665,0.0009850083,0.010570489,0.0007793661
15610,0.0028671585,0.002157342,0.0021827165,0.014842416,0.0017477857
15611,0.013171949,0.0019192374,0.0017207355,0.01990879,0.0011559009
15612,0.016721142,0.0004390453,0.0013250224,0.0018031665,0.003311519
15613,0.0029926654,0.0006023541,0.0022518474,0.007606672,0.000965975
15614,0.0079997545,0.00011412239,0.0077555366,0.006289902,0.0020829707
15615,0.013222822,0.002463007,0.00038296366,0.032589745,0.008124708
15616,0.014957086,0.0020667946,0.004451041,0.024053553,0.0009399439
15617,0.007907292,0.00022516825,0.0025311112,0.02211659,0.0025608707
15618,0.018159512,0.00045121065,0.002217013,0.025760558,0.010570489
15619,0.0070117954,0.0005680935,0.0002824081,0.041384716,0.00010310212
15620,0.023109278,0.00014768039,0.00027372167,0.019719128,0.0014381354
15621,0.037892427,0.00029827765,0.00081355654,0.023197627,0.0006641048
15622,0.021948254,0.0002098831,0.0003275843,0.014447852,0.00198004
15623,0.010288301,0.0021742254,0.0005274784,0.03541073,0.002472623
15624,0.0024249144,0.00015476662,0.00072648755,0.02013874,0.00041245588
15625,0.003337405,0.0018102111,0.00045121065,0.0035380863,0.0001344663
15626,0.0035106493,0.00029365462,8.614651e-05,0.0065388246,0.00021654405
15627,0.0009735438,0.00054847926,0.00035419365,0.01990879,0.0007643033
15628,0.0018243829,0.00036400868,0.00069867563,0.0123361,0.0014837189
15629,0.003442981,0.00011147904,0.0004897656,0.006145092,0.001867566
15630,0.0059571536,0.0017207355,0.00078854576,0.004736749,0.000115017356
15631,0.0011879054,0.0014269596,5.9209164e-05,0.0014953384,0.00030534892
15632,0.003235056,0.00085924764,0.00095846487,0.0046636546,0.00034196206
15633,0.0022783307,0.00013765463,0.00016219282,0.0048297215,0.0006462033
15634,0.007665875,0.00017813111,0.00012533752,0.02947941,0.00026530237
15635,0.0027469008,0.00092178053,0.00095846487,0.025130946,0.00029365462
15636,0.00071244594,0.00072648755,8.614651e-05,0.038538497,0.0006563728
15637,0.005448068,0.0023781238,0.00028021098,0.020177318,0.00019871553
15638,0.005001672,0.00075540564,0.00041731575,0.034036152,0.00027159214
15639,0.0014607495,0.0005378764,0.0003029734,0.0046095722,0.00037850367
15640,0.0011649561,0.00029137006,0.00031999825,0.0025909794,0.0005072813
15641,0.0023596608,0.00041245588,0.00023413582,0.019606182,0.00020342697
15642,0.0013096057,0.0008459375,0.00021824206,0.019946935,0.0007643033
15643,0.009485713,0.0003889921,0.0005274784,0.0044857943,0.001284308
15644,0.003324437,0.002673006,0.00017952797,0.0016743992,0.00035143827
15645,0.005641909,0.00053161324,0.00028910325,0.003235056,7.426381e-05
15646,0.0004565269,0.0002287133,0.00014202365,0.003976228,9.09884e-05
15647,0.0023688741,0.00024923251,0.00089693937,0.004166256,4.4001186e-05
15648,0.007176882,0.0006825019,0.0013723687,0.013376604,0.00016093082
15649,0.001294368,0.00032503586,0.0004994205,0.008156248,0.00029827765
15650,0.0018243829,0.00036117696,8.029784e-05,0.0029349518,0.00021654405
15651,0.0009927262,0.0035106493,0.00039051395,0.0008899655,0.00027803096
15652,0.0039300853,0.0021742254,0.0003935756,0.0029121784,0.00075540564
15653,0.011115014,0.00047842565,0.00023782204,0.0065388246,0.00041731575
15654,0.00075835997,0.00049553596,7.426381e-05,0.0013993983,0.00023231418
15655,0.00090750254,0.0006337125,0.0003150387,0.0037654135,0.000101503836
15656,0.0030278352,0.0012160416,0.0003150387,0.0033504236,0.00076729245
15657,0.0006487308,0.0020348171,0.0006411777,0.0011786721,0.0010859444
15658,0.004133968,0.0020111583,0.00018378456,0.0048674177,0.0020348171
15659,0.0011160142,0.00065126823,0.00032250723,0.00081993215,0.00058611616
15660,0.0009888597,4.720623e-05,0.0025608707,0.0007702932,0.00063124346
15661,0.00041731575,0.00043563012,0.001591626,0.0030994155,0.00010889691
15662,0.00055494095,0.16708273,0.00058155763,0.0013723687,0.00024156629
15663,0.0006436856,0.02854415,2.8632558e-05,0.0029349518,0.00029365462
15664,0.002387409,0.028382124,0.0005747862,0.0034970103,0.00015476662
15665,0.0016356753,0.012576348,0.00047285444,0.010986943,0.00027372167
15666,0.0003393018,0.051367506,0.00031999825,0.005448068,0.00032250723
15667,0.00092178053,0.011597362,0.9918121,0.0029121784,0.0007014083
15668,0.0005442133,0.009633652,0.99158704,0.0017274586,0.00035836728
15669,0.0006932423,0.01919745,0.99356186,0.00075540564,0.009898064
15670,0.0006693099,0.025565214,0.9976586,0.0005092657,0.011961099
15671,0.00046371284,0.0060269516,0.99411184,0.0030994155,0.038756195
15672,0.0002824081,0.014227047,0.9924521,0.0024060889,0.023464657
15673,0.00074661145,0.006338922,0.99858415,0.005080037,0.015967654
15674,0.000110611596,0.003707253,0.99871063,0.00030534892,0.024609929
15675,0.00018093576,0.001867566,0.99533635,0.00026119032,0.0033766122
15676,0.00021995338,0.036700353,0.9954791,0.0020348171,0.008061991
15677,0.0002551414,0.011687257,0.99293363,0.00023968685,0.047602657
15678,0.00021995338,0.0279544,0.99459416,0.0003406293,0.01001357
15679,0.0007041516,0.015663648,0.99680245,0.00032503586,0.01717671
15680,0.00058840885,0.013222822,0.9962782,0.00017813111,0.045862664
15681,0.0008864989,0.005842605,0.9830851,0.00036117696,0.01685008
15682,0.0003473453,0.023599293,0.94815457,0.0004156895,0.071202725
15683,0.0010817152,0.10631887,0.9943141,0.0014325366,0.0065897717
15684,0.00018522576,0.012383785,0.9868281,0.001957017,0.022243667
15685,0.00041245588,0.022414217,0.9957353,0.00021654405,0.0085443305
15686,0.0007643033,0.06359858,0.9927672,0.0006693099,0.01584536
15687,0.00024156629,0.028274601,0.9979493,0.0011832798,0.018194368
15688,0.00019260288,0.01778039,0.99486035,0.00017130819,0.0059803305
15689,0.0003459916,0.019985152,0.9838472,0.0016941031,0.01685008
15690,0.0013406203,0.008847355,0.9826909,0.0014381354,0.019493872
15691,0.00053369283,0.0022694687,0.928668,0.0019646613,0.010902374
15692,5.694103e-05,0.006903838,0.9685601,0.0017342081,0.014957086
15693,0.00044421837,0.0016941031,0.99155444,0.0011116682,0.17314835
15694,5.5189234e-05,0.003692853,0.97112906,0.0002551414,0.0355444
15695,0.00016093082,0.0015188508,0.9968149,0.0012743262,0.11818139
15696,0.00016865275,0.0030634168,0.9955662,0.0002758679,0.015906392
15697,0.000113234375,0.003260346,0.93721074,0.0020111583,0.0034564096
15698,7.843789e-05,0.00057254656,0.9980506,0.0004897656,0.0010817152
15699,0.00032250723,0.005060332,0.9984207,0.00074370287,0.019345105
15700,0.00017674513,0.0065388246,0.9983897,0.00019716943,0.013584392
15701,0.0011559009,0.0044337655,0.99732697,0.00026947918,0.041462272
15702,0.00026738262,0.00402291,0.9622497,0.00015720345,0.02964751
15703,0.0006386796,0.014117893,0.99633574,0.00012830943,0.064065434
15704,0.00047285444,0.008061991,0.99792516,9.3145936e-05,0.05281402
15705,8.156225e-05,0.005080037,0.9983386,0.0002824081,0.0035936027
15706,0.0003077431,0.0018102111,0.9956006,0.00047101185,0.01778039
15707,0.00041084853,0.0018530593,0.9916196,0.0011604197,0.0567569
15708,0.00020662983,0.012673736,0.9787127,0.00033015272,0.017045317
15709,0.9952632,0.007968815,0.992062,0.0001535624,0.018334452
15710,0.99647564,0.0015854308,0.98871195,0.0018458483,0.008156248
15711,0.99789256,0.0022343625,0.9957353,0.0010775026,0.0047183693
15712,0.99890125,0.0020667946,0.9937588,0.00025118678,0.12378869
15713,0.9983834,0.0010944522,0.9838472,0.0008328334,0.017375665
15714,0.9966102,0.0067975316,0.99701905,0.0008864989,0.0040701376
15715,0.99433607,0.002332234,0.99632156,0.00062633416,0.006097562
15716,0.99373454,0.0024822769,0.9925103,0.0003077431,0.012673736
15717,0.99718815,0.0025909794,0.99629277,0.0007321813,0.0035796429
15718,0.9918121,0.0027900378,0.9571178,0.003991728,0.03138043
15719,0.9988927,0.0008693674,0.9952632,0.00023231418,0.00043733438
15720,0.9993148,0.0035796429,0.99554896,0.0003859661,0.0027044292
15721,0.99158704,0.0032099616,0.9755769,0.0003433,0.0038096302
15722,0.98722816,0.003197487,0.9924521,0.0013885233,0.0006337125
15723,0.9954791,0.0029810327,0.993255,0.00036543285,0.00095846487
15724,0.98201376,0.00462753,0.98235554,0.00042223287,0.00055062474
15725,0.98657167,0.004150081,0.9352283,0.9993013,0.0023051251
15726,0.9915216,0.011508149,0.99268264,0.99624926,0.00402291
15727,0.9987257,0.004133968,0.9968273,0.9952632,0.006413164
15728,0.9937588,0.000965975,0.98975134,0.98588216,0.008315778
15729,0.9789554,0.0005132579,0.99608517,0.9896718,0.009898064
15730,0.9913892,0.00075835997,0.99111825,0.9849274,0.0075187176
15731,0.9810946,0.0003327413,0.9953544,0.9839708,0.009522486
15732,0.9952077,0.000865981,0.9993411,0.99242276,0.0027255826
15733,0.98527133,0.0003726377,0.997851,0.99784267,0.012100386
15734,0.99528164,0.00023597175,0.99544394,0.9914225,0.0025311112
15735,0.98752034,0.0005072813,0.99696034,0.9952077,0.0025608707
15736,0.995037,0.00044076296,0.99903023,0.99029154,0.007606672
15737,0.99806577,0.00020662983,0.9945095,0.99603915,0.0071214284
15738,0.99135584,0.00023597175,0.99549675,0.98942953,0.0029579026
15739,0.99683964,0.0001634647,0.99390244,0.9947595,0.0019877742
15740,0.99368566,0.0008559007,0.98975134,0.99346113,0.0037217087
15741,0.9943581,0.00047285444,0.9896318,0.98087597,0.005220126
15742,0.9938309,0.00043563012,0.99184376,0.98201376,0.0059340666
15743,0.99575186,0.00016997529,0.959001,0.9977216,0.0001634647
15744,0.979354,6.761842e-05,0.99453074,0.9778412,0.0005442133
15745,0.9993175,0.00042223287,0.99271095,0.9329437,0.00035836728
15746,0.99647564,2.0948188e-05,0.9962782,0.994089,0.00095846487
15747,0.9946359,0.00089344557,0.99253935,0.9887988,0.0021405893
15748,0.9983386,0.000865981,0.9890131,0.9908744,0.00092900335
15749,0.9977743,0.00022693386,0.98588216,0.9921841,0.00268344
15750,0.9905143,0.00042720788,0.99268264,0.9953181,0.008985429
15751,0.995037,5.967352e-05,0.9951514,0.9020933,0.0058199596
15752,0.99047756,6.5028165e-05,0.9928231,0.962462,0.00051728135
15753,0.99440175,0.00013032975,0.99746895,0.9551521,0.00032503586
15754,0.99709916,0.00026947918,0.9980276,0.96538115,0.0015367271
15755,0.99529994,9.3145936e-05,0.9871293,0.9885804,0.0043653264
15756,0.9938788,0.0002551414,0.99184376,0.9906961,0.0028449097
15757,0.99455196,3.883111e-05,0.9944666,0.96641046,0.0013617034
15758,0.9523088,0.00019871553,0.9927672,0.9942251,0.0012693645
15759,0.9922144,0.0001072088,0.99666256,0.96544635,0.00020184422
15760,0.9957848,0.00033015272,0.99938333,0.9957021,0.00019871553
15761,0.99242276,0.00020342697,0.99759394,0.998103,0.00044595622
15762,0.9820826,0.00189692,0.998487,0.99522626,0.00046010586
15763,0.9989183,0.00026738262,0.9985335,0.99101454,0.0005092657
15764,0.9881309,0.0005233757,0.9908744,0.99390244,2.178265e-05
15765,0.9946359,0.0011247575,0.9943581,0.9960238,0.00018378456
15766,0.99518895,0.0002098831,0.98555213,0.99491996,0.00016093082
15767,0.9896318,0.9781772,0.996597,0.9929061,0.00027372167
15768,0.99816847,0.9775,0.99368566,0.97903574,7.905304e-05
15769,0.9982248,0.99469805,0.9957684,0.9861514,0.00026947918
15770,0.9911868,0.9869795,0.9962782,0.9961306,0.00020502214
15771,0.9913223,0.9843364,0.9877587,0.997285,8.2846556e-05
15772,0.99433607,0.99882597,0.9957684,0.99135584,0.00015843622
15773,0.98971164,0.9896718,0.9812029,0.9949397,0.0011469158
15774,0.9988028,0.9750122,0.9434519,0.9939731,0.00012053649
15775,0.99857855,0.98340684,0.98486924,0.9980122,0.00016474655
15776,0.9932025,0.9912548,0.98083925,0.99632156,3.9751925e-05
15777,0.9986594,0.9904406,0.9931229,0.97640073,0.00018093576
15778,0.9755769,0.95814794,0.9989434,0.9789956,6.4522144e-05
15779,0.98672616,0.9720986,0.98427594,0.99448806,5.391084e-05
15780,0.97510713,0.9571178,0.9983125,0.96544635,0.00014425986
15781,0.98282325,0.9918121,0.9975274,0.98588216,0.00024536948
15782,0.9885804,0.94407386,0.9978002,0.98235554,2.8409744e-05
15783,0.9953725,0.98083925,0.9888849,0.99671423,0.00012931564
15784,0.9806919,0.97272736,0.9957188,0.9635748,0.0006166297
15785,0.9868281,0.99469805,0.99174845,0.97800976,0.000117744596
15786,0.99797314,0.97675806,0.99823856,0.9970765,0.00018093576
15787,0.9937588,0.9730877,0.99298817,0.99629277,0.0007408056
15788,0.9888419,0.9853843,0.9953544,0.99368566,5.3491327e-05
15789,0.98913974,0.97090924,0.98651993,0.9411153,0.00013552078
15790,0.9862046,0.96267307,0.9948403,0.9955835,0.0009399439
15791,0.9987005,0.9757161,0.99731654,0.9885804,0.0003150387
15792,0.98752034,0.9718859,0.9984988,0.9737447,0.00078547397
15793,0.9952448,0.9795506,0.9936365,0.9967524,0.0017207355
15794,0.9966102,0.98959166,0.99724233,0.9915216,0.00014202365
15795,0.99444515,0.99279517,0.9978594,0.9950177,4.832564e-05
15796,0.9893063,0.96538115,0.9879462,0.9751545,3.3737226e-05
15797,0.9800913,0.9853279,0.9969126,0.99165195,0.0006000072
15798,0.99333304,0.9905143,0.9957353,0.99591404,0.0003275843
15799,0.9967397,0.98998636,0.99343574,0.99256825,0.0006166297
15800,0.99750805,0.9658352,0.9952448,0.9968273,0.97997653
15801,0.99158704,0.99586606,0.97419035,0.9948803,0.99455196
15802,0.9988121,0.98571813,0.99448806,0.98549646,0.9891816
15803,0.99190676,0.9853279,0.9938788,0.99857855,0.9974491
15804,0.99040353,0.9921537,0.9959927,0.99455196,0.97204566
15805,0.9851576,0.9932025,0.9974491,0.98571813,0.99293363
15806,0.9969957,0.9891816,0.97467697,0.9916196,0.9939261
15807,0.98922324,0.9932288,0.99583375,0.99611557,0.9931496
15808,0.99298817,0.954393,0.9829547,0.96189344,0.99420255
15809,0.99929035,0.99497885,0.9992053,0.9942697,0.9049869
15810,0.99433607,0.97539,0.9992563,0.96879715,0.98475236
15811,0.99477994,0.9980276,0.98835784,0.99444515,0.9951137
15812,0.99720997,0.9935369,0.99268264,0.9938788,0.9769787
15813,0.99268264,0.9825575,0.9723097,0.99690056,0.9706322
15814,0.99455196,0.9709644,0.99683964,0.99378294,0.9881309
15815,0.9917163,0.9890131,0.9723622,0.9971328,0.9802808
15816,0.98651993,0.9183339,0.9480585,0.98799264,0.9658996
15817,0.9950177,0.92064714,0.9983516,0.9937588,0.988085
15818,0.9888419,0.9937588,0.99499834,0.9845754,0.9323302
15819,0.98926485,0.93721074,0.9579909,0.993255,0.9683812
15820,0.9911527,0.98571813,0.96820134,0.99540824,0.99486035
15821,0.9946359,0.9935369,0.99720997,0.9863631,0.92495924
15822,0.97767127,0.99029154,0.9905509,0.9849274,0.9874236
15823,0.98934746,0.9828892,0.9967013,0.9922144,0.9747731
15824,0.9610981,0.96124375,0.9975751,0.9964619,0.9664738
15825,0.9921233,0.9034647,0.9953544,0.9934865,0.9938548
15826,0.9840936,0.99437994,0.99010193,0.99584997,0.99482024
15827,0.9721515,0.9960238,0.9927672,0.99863297,0.9934865
15828,0.99242276,0.98998636,0.9890554,0.99929035,0.9781772
15829,0.9979572,0.99014014,0.99193794,0.99687636,0.98282325
15830,0.97562337,0.9950755,0.9510514,0.9989141,0.9830851
15831,0.9724148,0.9889705,0.99271095,0.97529614,0.97079873
15832,0.9931229,0.9921841,0.99568534,0.9882676,0.8530579
15833,0.990329,0.9923044,0.9961004,0.9582261,0.9951514
15834,0.9927672,0.9973477,0.99491996,0.9771538,0.9812749
15835,0.99808073,0.9920002,0.99273914,0.96411926,0.98155975
15836,0.9981828,0.9418684,0.99490017,0.96609205,0.9910493
15837,0.9890976,0.9692078,0.99165195,0.99256825,0.9697281
15838,0.99356186,0.9921233,0.9975466,0.90105337,0.9938548
15839,0.99341017,0.98549646,0.9976404,0.9931496,0.9954261
15840,0.9956176,0.98235554,0.9952448,0.91550726,0.99495924
15841,0.9860443,0.99629277,0.9970421,0.9433476,0.9939731
15842,0.98722816,0.9809491,0.9977393,0.9916196,0.9940428
15843,0.9893063,0.985663,0.9976404,0.9825575,0.99047756
15844,0.98242307,0.97298527,0.9990226,0.99155444,0.9869795
15845,0.9976126,0.9961004,0.99529994,0.9697281,0.9908744
15846,0.9932811,0.99624926,0.9933589,0.9753431,0.9552357
15847,0.9901782,0.97711015,0.99758446,0.94600123,0.9818056
15848,0.9969957,0.99497885,0.9969126,0.96203625,0.9922144
15849,0.99248135,0.98365986,0.9951137,0.96777767,0.9834705
15850,0.99014014,0.99155444,0.99083894,0.99304235,0.9540518
15851,0.9789554,0.96411926,0.99901116,0.98803884,0.9727791
15852,0.99444515,0.9591543,0.99178034,0.9840936,0.98262435
15853,0.9800913,0.9876639,0.98080254,0.9771538,0.9890554
15854,0.9974491,0.99497885,0.9628132,0.97711015,0.99424744
15855,0.99903786,0.98184055,0.97863114,0.9938309,0.9666631
15856,0.9973477,0.9507779,0.9983897,0.9985506,0.95506835
15857,0.9950177,0.98657167,0.9780936,0.98439646,0.96095175
15858,0.99209267,0.98039377,0.98475236,0.9820826,0.98922324
15859,0.99174845,0.98242307,0.9983125,0.9971551,0.9451974
15860,0.9985952,0.9885804,0.992961,0.9986436,0.99361163
15861,0.9955142,0.99040353,0.99346113,0.99453074,0.9769787
15862,0.99565166,0.89552265,0.9977393,0.9916842,0.99356186
15863,0.97754294,0.9765801,0.9829547,0.9877587,0.9949397
15864,0.99455196,0.9757624,0.99729556,0.97354424,0.9621787
15865,0.9944666,0.9599126,0.9978258,0.99469805,0.97339284
15866,0.9939731,0.9834705,0.99594563,0.99248135,0.96771675
15867,0.99603915,0.9653158,0.9980122,0.98555213,0.98228765
15868,0.99268264,0.97510713,0.98080254,0.99268264,0.98076576
15869,0.9898303,0.99066,0.99801993,0.9978677,0.9689738
15870,0.99346113,0.98667485,0.98677725,0.9923341,0.9546474
15871,0.99036634,0.98803884,0.992961,0.9976404,0.9923638
15872,0.9975656,0.9759923,0.9980122,0.9492946,0.95751673
15873,0.9941801,0.97074324,0.9986802,0.99190676,0.9889705
15874,0.9837225,0.99158704,0.9970421,0.9961606,0.98722816
15875,0.99135584,0.90747637,0.9943581,0.9970421,0.9583042
15876,0.99871063,0.9942697,0.9980957,0.9985335,0.8509647
15877,0.99594563,0.98527133,0.9966365,0.99648935,0.97339284
15878,0.9965837,0.9928786,0.98803884,0.9921537,0.947381
15879,0.97334224,0.9981104,0.998259,0.99341017,0.9874236
15880,0.9878528,0.9913223,0.9856076,0.96309197,0.9408984
15881,0.97671366,0.9961306,0.9980354,0.99533635,0.91228
15882,0.9493885,0.9730365,0.99014014,0.9861514,0.9960238
15883,0.99333304,0.9950563,0.99101454,0.98799264,0.9763105
15884,0.9955142,0.9780517,0.9964064,0.99253935,0.99690056
15885,0.99621993,0.98582757,0.99711037,0.99021614,0.99227446
15886,0.983343,0.87418467,0.9983707,0.9967397,0.9887554
15887,0.9913223,0.99580115,0.9942697,0.99843305,0.9791158
15888,0.99304235,0.9876639,0.9839091,0.9951137,0.99378294
15889,0.9921841,0.9911527,0.99835795,0.967101,0.9885361
15890,0.994615,0.9809491,0.99588215,0.9926542,0.9532751
15891,0.9984269,0.98521465,0.9964342,0.9519527,0.97863114
15892,0.99664956,0.8929365,0.9834705,0.996557,0.85536855
15893,0.994615,0.9964619,0.9554855,0.99718815,0.91730267
15894,0.997537,0.99420255,0.99209267,0.9939964,0.94600123
15895,0.99453074,0.9914556,0.99083894,0.99047756,0.9124362
15896,0.99972194,0.89199936,0.9991736,0.9950177,0.909907
15897,0.994615,0.9966756,0.99687636,0.9908744,0.952131
15898,0.994292,0.9685601,0.99909246,0.99719906,0.9638481
15899,0.99923277,0.9939731,0.998487,0.9918121,0.9811307
15900,0.9984145,0.97482115,0.9983059,0.92683524,0.90295243
15901,0.99727446,0.9839091,0.9913223,0.9946359,0.9621787
15902,0.98469365,0.9756698,0.998862,0.96102494,0.97272736
15903,0.9987257,0.9941347,0.99108386,0.99066,0.97684664
15904,0.99858415,0.98314995,0.99444515,0.9957188,0.9856076
15905,0.9956176,0.9954615,0.9971328,0.9932025,0.98184055
15906,0.99040353,0.971779,0.9993462,0.99187535,0.9701269
15907,0.9957684,0.98722816,0.9947391,0.99758446,0.9798227
15908,0.9946774,0.89947516,0.9984988,0.9972531,0.9941801
15909,0.9977569,0.9950563,0.99632156,0.99816847,0.990732
15910,0.99758446,0.9904406,0.99448806,0.99813974,0.97423947
15911,0.9904406,0.9765354,0.98971164,0.9888849,0.9877587
15912,0.9940659,0.98625773,0.99486035,0.9950755,0.9528382
15913,0.9939731,0.9988752,0.99679,0.9931229,0.98046875
15914,0.99174845,0.9725715,0.99128854,0.997537,0.98421544
15915,0.9976949,0.9750598,0.99486035,0.9881765,0.97112906
15916,0.99666256,0.97813547,0.9951325,0.9986223,0.9907678
15917,0.96329963,0.9658996,0.9977482,0.9923044,0.9969722
15918,0.9901782,0.97267544,0.99942076,0.94834626,0.8975158
15919,0.998147,0.9798997,0.99812514,0.9922444,0.9948001
15920,0.9967775,0.99040353,0.9974491,0.9957848,0.97324073
15921,0.9585377,0.9458012,0.98799264,0.99021614,0.8769509
15922,0.99866986,0.9890554,0.9885361,0.99813974,0.91259205
15923,0.99333304,0.984516,0.9850429,0.99589807,0.99583375
15924,0.9914887,0.98871195,0.9864157,0.99196917,0.98187524
15925,0.97767127,0.967225,0.99351174,0.9800913,0.95362175
15926,0.97529614,0.9915216,0.9956346,0.97675806,0.98892784
15927,0.9978677,0.99343574,0.9916196,0.99178034,0.9843364
15928,0.9948803,0.9761746,0.9971439,0.99482024,0.9073123
15929,0.9987207,0.98527133,0.99566853,0.98677725,0.9850429
15930,0.9982248,0.94910634,0.9579909,0.99101454,0.9798997
15931,0.992062,0.99648935,0.9864157,0.9982248,0.98481095
15932,0.99575186,0.99108386,0.99683964,0.9807288,0.96628344
15933,0.997537,0.9951137,0.99351174,0.9722044,0.9809491
15934,0.9989637,0.9979412,0.9938548,0.99343574,0.99025387
15935,0.99850464,0.992961,0.9953544,0.99440175,0.9777139
15936,0.9988028,0.9912548,0.9890976,0.99690056,0.7574357
15937,0.9970305,0.9869795,0.9971551,0.9878528,0.97608364
15938,0.9992387,0.9978173,0.99002504,0.99155444,0.97539
15939,0.99620515,0.9912548,0.9940428,0.99333304,0.95775455
15940,0.9970421,0.98934746,0.993807,0.993807,0.987375
15941,0.9995234,0.997537,0.997917,0.99549675,0.99025387
15942,0.99857306,0.95814794,0.9993761,0.99828595,0.983343
15943,0.997537,0.99890125,0.998784,0.99648935,0.96903247
15944,0.996503,0.9928231,0.9974191,0.99341017,0.94966936
15945,0.99759394,0.9828892,0.99442345,0.9960083,0.9657707
15946,0.99624926,0.9917163,0.9989556,0.9969246,0.99719906
15947,0.9980354,0.9935868,0.9981969,0.9948001,0.9710193
15948,0.99883956,0.9689738,0.98498523,0.9645224,0.8525676
15949,0.98752034,0.97288233,0.9776285,0.9962782,0.92262185
15950,0.9933589,0.97838473,0.9987453,0.9980045,0.98544043
15951,0.9965301,0.9973374,0.99787605,0.9969957,0.98625773
15952,0.9859364,0.99279517,0.99090964,0.9988213,0.98722816
15953,0.9935868,0.9945095,0.99155444,0.9955662,0.9647889
15954,0.9985562,0.994089,0.97644573,0.9985392,0.9254997
15955,0.990732,0.961171,0.99808073,0.9745319,0.97354424
15956,0.9908744,0.97085404,0.99664956,0.9925103,0.941007
15957,0.9989837,0.98707944,0.99664956,0.99338466,0.9822196
15958,0.99608517,0.9906961,0.99709916,0.9889705,0.98262435
15959,0.9967397,0.9954261,0.99680245,0.99698395,0.98134655
15960,0.99797314,0.98427594,0.99178034,0.99740905,0.9863631
15961,0.9970536,0.9818056,0.9962638,0.99605453,0.92956835
15962,0.99469805,0.9914887,0.99588215,0.99155444,0.992597
15963,0.9807288,0.99184376,0.99101454,0.98327893,0.9798227
15964,0.99317604,0.97428846,0.9975656,0.9574373,0.9877587
15965,0.9975466,0.9977393,0.9696707,0.9933589,0.9451974
15966,0.99731654,0.9930153,0.996597,0.99647564,0.9404625
15967,0.99771273,0.9951703,0.99718815,0.9967649,0.97706646
15968,0.998319,0.9878528,0.9984633,0.99566853,0.9839091
15969,0.99876,0.98866826,0.99731654,0.98609793,0.9967397
15970,0.9987696,0.9906238,0.9935369,0.99750805,0.997917
15971,0.9939261,0.99066,0.98159516,0.99633574,0.9984633
15972,0.9957021,0.95506835,0.99135584,0.99227446,0.9851003
15973,0.99603915,0.9888419,0.9896318,0.9935369,0.99298817
15974,0.99351174,0.9976404,0.9966234,0.98201376,0.99101454
15975,0.9993857,0.99268264,0.99227446,0.99469805,0.97354424
15976,0.9976126,0.99453074,0.9952077,0.99010193,0.98752034
15977,0.98282325,0.9977216,0.98892784,0.99635005,0.9863631
15978,0.9979412,0.9972531,0.9962346,0.9984022,0.99333304
15979,0.99816847,0.9913892,0.9957353,0.9935868,0.9693822
15980,0.99719906,0.9803562,0.99709916,0.9977482,0.94994867
15981,0.9933589,0.9939964,0.99333304,0.97046465,0.99025387
15982,0.9967775,0.99101454,0.99790895,0.98235554,0.9433476
15983,0.99664956,0.9827572,0.9955142,0.992597,0.99621993
15984,0.98646784,0.9907678,0.99784267,0.99346113,0.937783
15985,0.9907678,0.95735765,0.6872103,0.98926485,0.93991333
15986,0.99459416,0.9878996,0.7690802,0.9976949,0.98571813
15987,0.99544394,0.9774571,0.48291683,0.9822196,0.9792749
15988,0.9978173,0.9884919,0.87048715,0.98403233,0.97246706
15989,0.9938788,0.99440175,0.87557435,0.98427594,0.9352283
15990,0.98050606,0.97313875,0.62646705,0.994615,0.98302
15991,0.9966756,0.9928786,0.72282064,0.99648935,0.9859364
15992,0.9953904,0.9980732,0.9375548,0.9942697,0.9718859
15993,0.99611557,0.9938548,0.8578872,0.9853843,0.9888849
15994,0.9925103,0.97414124,0.5833814,0.98657167,0.9771538
15995,0.9955142,0.9719925,0.8482194,0.9750598,0.9637117
15996,0.9706322,0.9967524,0.24238491,0.98242307,0.99553156
15997,0.9955142,0.98803884,0.8824279,0.99190676,0.99165195
15998,0.99883956,0.9970879,0.35588682,0.99696034,0.9947187
15999,0.9955142,0.98445636,0.5798168,0.9941801,0.96498734
16000,0.99411184,0.99896777,0.70740473,0.9992267,0.9951325
16001,0.99565166,0.997917,0.59819484,0.99784267,0.97344345
16002,0.9964204,0.9762654,0.674265,0.9984452,0.9933589
16003,0.9991704,0.94728357,0.6939917,0.99021614,0.99611557
16004,0.99929035,0.9621787,0.27454585,0.99605453,0.9783019
16005,0.9948403,0.9928509,0.8556101,0.99304235,0.96267307
16006,0.98959166,0.96253246,0.724578,0.9956006,0.91920847
16007,0.99970406,0.98327893,0.47737145,0.9970305,0.9899476
16008,0.99509466,0.9871293,0.1422319,0.994292,0.98871195
16009,0.99603915,0.99040353,0.7092205,0.99671423,0.99424744
16010,0.9964064,0.9932811,0.63443005,0.96903247,0.9933072
16011,0.99860066,0.9966365,0.6077214,0.9970305,0.9849274
16012,0.98955137,0.9964064,0.7844842,0.9861514,0.98803884
16013,0.9961903,0.9837225,0.3394991,0.9730365,0.9073123
16014,0.9732915,0.9961456,0.6180315,0.98549646,0.9938309
16015,0.99611557,0.99788433,0.37673777,0.99565166,0.98138225
16016,0.9769787,0.9722571,0.4750117,0.966028,0.8478418
16017,0.98571813,0.9939261,0.57975733,0.98215127,0.9764905
16018,0.9878528,0.99499834,0.702428,0.9666631,0.99575186
16019,0.99624926,0.99279517,0.7804952,0.9818056,0.99528164
16020,0.98427594,0.99668854,0.7358315,0.9973786,0.9725715
16021,0.990329,0.99378294,0.76260084,0.99490017,0.9657707
16022,0.9969126,0.99415743,0.8513358,0.9946359,0.98327893
16023,0.9912209,0.9920002,0.7633074,0.98722816,0.99293363
16024,0.99776566,0.9664738,0.6831025,0.9975466,0.98102194
16025,0.9937588,0.98588216,0.7195807,0.99836427,0.98544043
16026,0.9803186,0.9923044,0.53619146,0.9989392,0.9905509
16027,0.98235554,0.99101454,0.69637144,0.9970421,0.9916842
16028,0.99455196,0.99909604,0.6102212,0.9988028,0.9736447
16029,0.99589807,0.98926485,0.45510775,0.993255,0.98544043
16030,0.99190676,0.98582757,0.8191712,0.9969126,0.92956835
16031,0.9725193,0.9635062,0.7403621,0.99731654,0.987375
16032,0.99083894,0.9712929,0.52660143,0.999015,0.99108386
16033,0.9878528,0.94197524,0.6791787,0.98646784,0.99554896
16034,0.9828892,0.9914887,0.629433,0.99586606,0.98486924
16035,0.9966102,0.983597,0.8238959,0.9952448,0.9884919
16036,0.9976769,0.8707073,0.8333246,0.9981756,0.9951325
16037,0.9915216,0.88582915,0.50772035,0.9932288,0.99477994
16038,0.9973061,0.99014014,0.5898936,0.98625773,0.9797453
16039,0.9987306,0.98469365,0.7356416,0.99477994,0.9745319
16040,0.99783427,0.93732566,0.67114735,0.98722816,0.9874721
16041,0.99857855,0.9378969,0.87578696,0.99818975,0.987375
16042,0.99184376,0.9881309,0.6329566,0.99128854,0.9627432
16043,0.9986646,0.98378503,0.24400254,0.99843305,0.9860443
16044,0.99630713,0.9811307,0.20979328,0.9535353,0.9657707
16045,0.99549675,0.99196917,0.7426084,0.9623913,0.99227446
16046,0.9953904,0.9864157,0.29067874,0.9725193,0.9813107
16047,0.99491996,0.967101,0.6779006,0.9971771,0.96498734
16048,0.9805807,0.9967649,0.6142205,0.9975751,0.99155444
16049,0.99698395,0.98975134,0.4915551,0.9878528,0.9750598
16050,0.9964204,0.9814889,0.64646024,0.9974291,0.9675945
16051,0.9964064,0.9817707,0.77848095,0.99424744,0.9390248
16052,0.99529994,0.9966756,0.66137636,0.9983125,0.97023994
16053,0.9826909,0.9941801,0.40503684,0.96926606,0.97813547
16054,0.9975561,0.9921841,0.3981139,0.99688846,0.99371004
16055,0.9931229,0.9859904,0.37341872,0.9935868,0.9947187
16056,0.9991441,0.99718815,0.32241932,0.99248135,0.9512329
16057,0.9964619,0.9917163,0.25776508,0.9979966,0.9928786
16058,0.99611557,0.97821885,0.4618965,0.9772842,0.98667485
16059,0.998103,0.92563426,0.7272981,0.9217811,0.9272316
16060,0.99723166,0.9961004,0.7892337,0.99256825,0.9967524
16061,0.99686414,0.9948403,0.8020909,0.9871293,0.99608517
16062,0.9983516,0.99596137,0.42178997,0.9961004,0.97324073
16063,0.9961903,0.9922144,0.53619146,0.98934746,0.9717254
16064,0.99743915,0.99852777,0.23005375,0.9955142,0.967163
16065,0.99801993,0.9986594,0.45114514,0.99750805,0.99776566
16066,0.9959299,0.9969126,0.77304506,0.99722075,0.9938548
16067,0.99459416,0.99036634,0.70568365,0.99279517,0.9564718
16068,0.99490017,0.99111825,0.5396201,0.98922324,0.9906238
16069,0.9975751,0.9876639,0.57540905,0.99856746,0.9759923
16070,0.993255,0.98445636,0.6282934,0.99459416,0.9768908
16071,0.9920002,0.98302,0.7762839,0.9926542,0.985663
16072,0.99680245,0.983597,0.26759952,0.9605836,0.9737447
16073,0.9959299,0.992597,0.6295469,0.9467938,0.9673486
16074,0.9995345,0.98862445,0.5959041,0.97272736,0.96826136
16075,0.9975751,0.9863631,0.35465658,0.99680245,0.98102194
16076,0.9993687,0.9841546,0.54110575,0.9723097,0.9443824
16077,0.99947053,0.9691495,0.5090551,0.98922324,0.9528382
16078,0.9939261,0.9846347,0.6676896,0.9974788,0.97947216
16079,0.9615338,0.9907678,0.3276683,0.9828892,0.9739932
16080,0.99709916,0.998606,0.9092645,0.98942953,0.9353465
16081,0.9943141,0.9992446,0.7189892,0.9700135,0.9053223
16082,0.96411926,0.96080494,0.742048,0.99174845,0.98922324
16083,0.9990452,0.9927672,0.8490974,0.9959927,0.8864204
16084,0.9974191,0.950411,0.6052742,0.996852,0.9851003
16085,0.99603915,0.99693656,0.6481324,0.97821885,0.98555213
16086,0.9883128,0.992062,0.7538293,0.9452985,0.9689738
16087,0.9939261,0.99482024,0.91102153,0.997459,0.9754836
16088,0.996503,0.98403233,0.63352364,0.99566853,0.9054896
16089,0.99317604,0.98555213,0.18757874,0.99630713,0.97298527
16090,0.9875683,0.9630224,0.5333063,0.9936365,0.97887486
16091,0.9984633,0.9926542,0.6714706,0.9549004,0.99580115
16092,0.99890125,0.99090964,0.41057903,0.99499834,0.9976495
16093,0.9975466,0.9942697,0.6210239,0.99253935,0.9839708
16094,0.990329,0.9914556,0.64768684,0.98427594,0.9722571
16095,0.57242405,0.9890976,0.7752647,0.5044478,0.98378503
16096,0.83894384,0.95775455,0.85512674,0.47977793,0.9564718
16097,0.63397694,0.97779876,0.86759764,0.94417685,0.99010193
16098,0.68846846,0.98871195,0.86373675,0.7972413,0.98588216
16099,0.3539863,0.9839091,0.4290705,0.8607207,0.9541374
16100,0.65423226,0.9900636,0.7749242,0.555827,0.9745319
16101,0.7799929,0.99482024,0.5247752,0.23686911,0.95861524
16102,0.84453726,0.9653158,0.61103386,0.20995522,0.99306935
16103,0.4139509,0.5016308,0.59519845,0.7394224,0.9838472
16104,0.55760443,0.754915,0.59278446,0.9001793,0.996597
16105,0.29380956,0.56985265,0.7466935,0.3243424,0.99624926
16106,0.79645085,0.4233984,0.82587075,0.6196439,0.976038
16107,0.29401222,0.7013041,0.5636182,0.43596154,0.9851576
16108,0.5670977,0.6057407,0.7031419,0.67082393,0.9617499
16109,0.4716643,0.79613405,0.6525736,0.45283836,0.9839091
16110,0.7678639,0.62440807,0.7973991,0.8525676,0.99497885
16111,0.71163136,0.42077807,0.7692537,0.8143483,0.9413314
16112,0.5164888,0.6984323,0.37307605,0.624866,0.9819447
16113,0.5696133,0.6686639,0.5018339,0.8299059,0.9722571
16114,0.59749043,0.28957254,0.92290026,0.7981868,0.9827572
16115,0.8499712,0.2714448,0.94165415,0.3063195,0.9320833
16116,0.8446654,0.79755676,0.9130583,0.2411318,0.98439646
16117,0.6641048,0.47668624,0.8669231,0.6064984,0.9883128
16118,0.63000226,0.57618433,0.90894175,0.39105707,0.98173577
16119,0.8407826,0.7217432,0.70416015,0.6145675,0.98609793
16120,0.9053223,0.5305405,0.85633236,0.3338289,0.98039377
16121,0.8822251,0.54549754,0.56355816,0.58154076,0.98190993
16122,0.8349459,0.6951311,0.42310047,0.63827175,0.994089
16123,0.62772304,0.6141626,0.5617859,0.8118252,0.9982109
16124,0.6004227,0.648689,0.753648,0.725065,0.9411153
16125,0.64623696,0.63736945,0.6036398,0.8393393,0.9960699
16126,0.4399278,0.55084896,0.7276853,0.8110782,0.88759494
16127,0.56799656,0.8632764,0.56463873,0.6211388,0.91181
16128,0.642881,0.6927459,0.0054269433,0.6984323,0.98955137
16129,0.8470844,0.7222333,0.000720838,0.22918998,0.9383503
16130,0.8344069,0.92468774,0.00023413582,0.7789858,0.97838473
16131,0.39163858,0.66366893,0.00069054146,0.75725627,0.9928509
16132,0.6775807,0.57821,0.0002551414,0.4966641,0.99533635
16133,0.6859495,0.81859183,0.0004691764,0.76242405,0.9877587
16134,0.48660597,0.7541916,0.0008899655,0.5348555,0.9763105
16135,0.38462317,0.6156079,0.001455063,0.39682758,0.9888419
16136,0.24816957,0.6543428,8.220189e-05,0.74148685,0.9762654
16137,0.8594279,0.7735587,0.0007613258,0.8296301,0.9827572
16138,0.90481883,0.77696157,0.0005233757,0.6865802,0.9813107
16139,0.5943747,0.5307686,0.0014381354,0.75797355,0.6509112
16140,0.82810634,0.49323317,0.0003668626,0.5431359,0.54049945
16141,0.8178656,0.7325918,0.0003597694,0.7105279,0.8720208
16142,0.6263527,0.44682658,0.00036829791,0.662469,0.71711093
16143,0.754915,0.4762295,0.000932636,0.2510964,0.9520419
16144,0.48883244,0.3100673,0.00021485926,0.7762839,0.56529874
16145,0.65588725,0.3579041,8.029784e-05,0.7841538,0.6419837
16146,0.4377634,0.430267,0.0005399804,0.70232594,0.85931
16147,0.42196864,0.8512122,0.0003433,0.70222384,0.7704648
16148,0.37353298,0.7985012,0.0005072813,0.5539879,0.77081
16149,0.80837,0.22371607,0.0005442133,0.7902067,0.5288984
16150,0.83508044,0.6239499,0.0005636751,0.844409,0.7791538
16151,0.55630916,0.7198762,0.00041731575,0.89274967,0.8838389
16152,0.93403506,0.8268516,0.00013552078,0.7988153,0.5523888
16153,0.8539127,0.47798052,0.0010282109,0.6725468,0.75635755
16154,0.9519527,0.5519059,0.0005463421,0.5216387,0.84872156
16155,0.9222025,0.7829945,0.00047656128,0.4356614,0.88483775
16156,0.61941373,0.82544905,0.00026738262,0.61225176,0.51866806
16157,0.80746067,0.77321637,0.00036543285,0.5149339,0.1229438
16158,0.53348863,0.6758716,6.253713e-05,0.61566573,0.66519314
16159,0.6011839,0.684053,5.2252268e-05,0.7108291,0.8398654
16160,0.4374029,0.5049361,0.00042887923,0.6475754,0.17823957
16161,0.48561496,0.5966682,0.000118667966,0.5307078,0.88483775
16162,0.6904547,0.5093297,0.0007014083,0.68899184,0.6620321
16163,0.43536133,0.91086304,7.0863265e-05,0.755637,0.7343101
16164,0.6668223,0.28180072,0.0011030267,0.5779718,0.6118459
16165,0.18462045,0.68151486,0.00035557945,0.7191864,0.77509457
16166,0.63307005,0.7806625,0.00017952797,0.86499614,0.89048487
16167,0.40045622,0.9293122,0.0003150387,0.89199936,0.713132
16168,0.4076871,0.23952718,0.00024156629,0.4392061,0.7379143
16169,0.7540105,0.6545636,8.220189e-05,0.6380463,0.85195273
16170,0.6131787,0.5450436,0.0004859561,0.7440989,0.34698373
16171,0.5597113,0.44676623,0.0003459916,0.692642,0.81960475
16172,0.818011,0.5389832,0.0003175088,0.21337718,0.5281075
16173,0.43824416,0.10502681,0.00076729245,0.5341569,0.79502225
16174,0.7060891,0.43392146,0.00094730896,0.20577459,0.7399865
16175,0.725065,0.2639787,0.0009735438,0.44869804,0.50514203
16176,0.81873685,0.77982527,0.00012533752,0.5658986,0.81316423
16177,0.76646847,0.65390086,0.0013617034,0.63193506,0.5300997
16178,0.85693204,0.6207366,0.0008295892,0.4002218,0.5278033
16179,0.6581979,0.49776077,0.0006337125,0.4023334,0.57182634
16180,0.5053556,0.5952573,0.00044595622,0.4832064,0.831006
16181,0.78082967,0.90397453,0.0006932423,0.31890923,0.8307315
16182,0.49698454,0.9036349,0.00032503586,0.46156278,0.6425446
16183,0.5336405,0.79645085,0.00066670234,0.6163587,0.39169678
16184,0.6438893,0.38450763,0.0010282109,0.68763,0.6657367
16185,0.4608348,0.67071617,0.00056588,0.5003438,0.8484707
16186,0.70740473,0.4513265,0.0006070756,0.65555656,0.60865223
16187,0.647018,0.11008789,0.0008559007,0.7833262,0.7472472
16188,0.46004632,0.34897783,0.00022516825,0.5000664,0.74945414
16189,0.7071014,0.8338664,0.0003982131,0.8059378,0.52994764
16190,0.12808825,0.8262917,0.0010649627,0.7634837,0.82161736
16191,0.6686639,0.55727315,0.0013939502,0.4833893,0.75635755
16192,0.48652977,0.5490664,0.00039204178,0.6762993,0.715424
16193,0.4065085,0.5989574,0.0012497094,0.68920106,0.6761924
16194,0.13649325,0.746139,0.00014091856,0.44676623,0.52623624
16195,0.55658036,0.1805397,0.00024156629,0.7356416,0.65577704
16196,0.7468782,0.62234455,0.0001634647,0.19636346,0.6001883
16197,0.6042238,0.5708697,0.0003366622,0.73753643,0.5963156
16198,0.30569732,0.57517046,9.761566e-05,0.78116375,0.8891444
16199,0.5526906,0.43014735,0.0008830458,0.62108135,0.43887538
16200,0.0004691764,0.6148566,9.028039e-05,0.5452555,0.7426084
16201,0.00041731575,0.50893307,0.0007702932,0.73545164,0.6080124
16202,0.00041245588,0.5792219,0.0003175088,0.2359876,0.53692
16203,0.0006563728,0.45974305,0.0011030267,0.5794599,0.9034647
16204,0.0017477857,0.4447155,0.0002551414,0.6547844,0.79613405
16205,0.00015720345,0.648355,0.00060945016,0.7764535,0.6064984
16206,0.000110611596,0.32177958,0.0006641048,0.6724393,0.88602656
16207,0.0002959571,0.79486305,0.00050137425,0.7831604,0.5745738
16208,0.0007702932,0.19329962,0.0017207355,0.76646847,0.7833262
16209,0.0002824081,0.42190903,0.005220126,0.92590266,0.18111832
16210,0.0016875096,0.5660785,6.4522144e-05,0.6147988,0.31017178
16211,0.0006462033,0.8098782,0.00015843622,0.70679796,0.28041926
16212,0.0011786721,0.70911986,0.00020184422,0.412471,0.7634837
16213,0.0018602987,0.0036076165,0.0011203773,0.7297124,0.2516477
16214,0.0011030267,0.0012594986,0.00022693386,0.20769641,0.641647
16215,0.00042388475,0.00016093082,0.002387409,0.8286616,0.54183316
16216,0.00042554305,0.0013777326,0.00011591935,0.61751264,0.6292052
16217,0.00055494095,0.00029365462,0.00084264233,0.6699608,0.47977793
16218,0.0005442133,9.83812e-05,0.00035557945,0.66225064,0.8296301
16219,7.843789e-05,0.00021152887,0.00057929166,0.26740816,0.8490974
16220,0.000110611596,0.0006166297,0.0010162441,0.5512718,0.91398406
16221,0.0005053046,0.00016865275,0.00035836728,0.41093355,0.45426032
16222,0.0011972112,0.00090044667,0.000115017356,0.6419837,0.87883514
16223,0.0006825019,0.00012148176,0.13730095,0.77321637,0.86048645
16224,0.0009850083,0.00016474655,0.09704756,0.45604637,0.56505877
16225,0.00059071044,5.2252268e-05,0.052037824,0.654674,0.61901075
16226,0.00048785712,0.0001535624,0.024656856,0.6334103,0.86647177
16227,0.00042058743,0.00012339458,0.0012065897,0.25590113,0.88543355
16228,0.00060471025,0.0007702932,0.023286305,0.0001634647,0.6474639
16229,7.141902e-05,0.00021995338,0.011597362,0.0003889921,0.7595823
16230,0.00013032975,0.004468384,0.048767094,0.00072365726,0.8262917
16231,0.00028685408,6.5028165e-05,0.013171949,0.0013045066,0.57600546
16232,7.141902e-05,4.2315594e-05,0.020567095,0.0014214043,0.28071496
16233,0.0024534282,0.00032250723,0.027585283,0.00063124346,0.6645403
16234,0.00027159214,0.00022693386,0.005598249,0.00011235328,0.6693127
16235,0.0004994205,0.0007733057,0.010529712,0.00045297583,0.8240375
16236,0.00012148176,0.00031999825,0.03461884,0.00053161324,0.8583628
16237,0.00041245588,0.00013552078,0.07682221,0.00076729245,0.798344
16238,0.0014103585,0.00080095365,0.041773878,0.0006436856,0.9230392
16239,0.00012931564,0.00078241405,0.010652511,0.0004583129,0.9231778
16240,0.0016678823,0.001044386,0.0047000605,0.00058840885,0.48694912
16241,0.00081038737,0.00019563535,0.020293485,0.00042887923,0.64579034
16242,0.00075540564,6.605215e-05,0.0073743653,0.00024923251,0.70811164
16243,0.0020829707,0.00016474655,0.003945407,0.00072365726,0.962462
16244,0.00024729347,6.2050494e-05,0.0017477857,0.0003366622,0.7314424
16245,0.00049553596,0.00041731575,0.01243165,0.00085924764,0.489229
16246,0.0024534282,0.00030061635,0.034488525,0.0003668626,0.5967269
16247,0.0005703157,0.00017536995,0.029591374,7.905304e-05,0.66551924
16248,0.0004076526,0.0023231625,0.010693758,0.00012148176,0.6237207
16249,0.0008231386,3.8229115e-05,0.0011925492,0.0009399439,0.64646024
16250,0.0003740956,7.368593e-05,0.0014721896,0.0004840624,0.5302669
16251,0.0026419468,0.00025118678,0.0006190417,0.001284308,0.37353298
16252,0.0025114634,0.00035557945,0.0032986512,0.00041894842,0.91715443
16253,0.00049168157,0.00092538487,0.0003597694,0.00039051395,0.5559777
16254,0.00018522576,0.0003487043,0.0007947255,0.0027255826,0.72845864
16255,0.001264422,0.0073173973,0.0012448432,0.00037850367,0.8413048
16256,0.00013552078,0.00049747445,0.00084924564,8.092757e-05,0.8091252
16257,0.0035106493,0.0032099616,0.00023413582,3.5633544e-05,0.37341872
16258,0.004297939,0.0024249144,0.0012399962,0.00074953143,0.86703575
16259,0.00014883849,0.0027255826,0.0005378764,0.0004583129,0.7595823
16260,0.00018522576,0.00079783343,0.00025118678,0.0002216781,0.30694237
16261,0.00072365726,0.00050137425,0.00015843622,0.000117744596,0.72066325
16262,0.00043055712,0.00079783343,0.001294368,0.00023231418,0.6627965
16263,0.00018667821,0.00053369283,0.00057254656,0.00033015272,0.83359575
16264,0.0005152657,0.00038747612,0.0006190417,0.0007096704,0.62498045
16265,0.0053225355,0.00028910325,0.00078854576,5.2662068e-05,0.74576885
16266,0.00059302105,0.00066670234,0.0001072088,0.0013777326,0.61566573
16267,9.6856085e-05,0.0018243829,0.0004339325,0.0005053046,0.00072932884
16268,0.00021654405,5.2662068e-05,0.0005747862,0.0018458483,0.0001823546
16269,0.0004583129,0.0012594986,0.00052133633,7.843789e-05,0.00014091856
16270,0.00019260288,0.0012113064,0.00043055712,0.0013617034,0.00019260288
16271,0.000981172,0.0031236487,0.0011424496,0.0004859561,0.00022516825
16272,0.003976228,0.0010083435,0.0006798429,0.0004583129,0.0011160142
16273,0.0045208177,0.0016941031,0.00054847926,0.00090396777,2.178265e-05
16274,0.0010608152,0.0002959571,0.0005442133,9.028039e-05,0.0008167381
16275,0.0003459916,0.00307537,0.00042388475,0.0004424873,0.00012436225
16276,0.0017073674,0.00040924744,0.00044595622,0.00026738262,0.0012497094
16277,0.00050137425,0.0003889921,0.0003029734,0.00047285444,0.0003077431
16278,0.00038147115,0.00026738262,0.00020027377,0.0005132579,0.00089693937
16279,0.0013993983,0.0001896174,0.00025315638,0.00044770088,0.0005152657
16280,0.00041084853,0.00065126823,0.0027791904,6.0613183e-05,0.0001344663
16281,0.00022341637,0.00033797944,8.415109e-05,0.0005703157,0.00021318757
16282,0.0003859661,0.0001313518,0.0003597694,0.00077632995,0.00021152887
16283,0.00057703455,0.0008263576,0.00019411318,0.0008360903,0.00035143827
16284,0.001882186,0.00072365726,0.0005053046,0.0003433,0.0028118587
16285,0.00018522576,0.0051196762,0.0010525686,0.00036400868,2.6274773e-05
16286,0.00092538487,0.0004994205,0.0010817152,0.004556114,5.2252268e-05
16287,0.00084924564,0.002521268,0.00028021098,0.0012160416,4.870464e-05
16288,0.0015129384,0.0006641048,0.00084264233,0.0014269596,0.00021152887
16289,0.00027159214,0.0026112476,0.00017130819,0.00084264233,0.00087276706
16290,0.0007524628,0.0001344663,0.0008761799,0.0022872277,0.00045121065
16291,0.00057254656,0.0016166499,7.426381e-05,0.0008231386,9.915273e-05
16292,0.00027159214,0.0004156895,0.00048785712,0.00092900335,5.694103e-05
16293,0.0020033333,0.00058611616,0.0005838325,0.0014381354,0.00035006859
16294,0.00018667821,0.0008072305,0.00018378456,0.00044945232,0.00036543285
16295,0.00023968685,0.0010859444,0.00055494095,0.001012286,0.00014425986
16296,0.0002959571,0.0007350449,0.0025608707,0.0009773504,0.0001634647
16297,0.0014664583,9.3145936e-05,8.349628e-05,0.0027576224,0.00017674513
16298,0.0005274784,0.00074953143,4.264747e-05,0.0009850083,0.0011740822
16299,0.00010554686,0.00031999825,0.00036543285,0.0010282109,0.00011147904
16300,0.003260346,0.0006641048,0.00031999825,0.0028449097,0.0003029734
16301,0.00091819005,0.00027159214,0.02442309,0.0030160663,0.0023688741
16302,0.0009773504,0.0025114634,0.07682221,0.000628784,0.000965975
16303,0.0016613906,6.605215e-05,0.09807933,0.0007793661,0.004591684
16304,0.00010804956,0.00021995338,0.22439517,0.0018031665,0.0007096704
16305,0.0011604197,0.00015967865,0.06441767,0.00010071401,0.00017130819
16306,0.000110611596,9.09884e-05,0.047958102,0.0025311112,0.0003487043
16307,0.0027149853,0.00051728135,0.014392336,0.00048785712,0.0021912407
16308,0.0004583129,0.00084264233,0.03861093,0.0006142272,0.00057929166
16309,0.00052133633,0.00023782204,0.085403666,0.00072648755,0.00079783343
16310,0.0003740956,0.00022693386,0.100878626,0.001294368,0.0009622126
16311,0.0010083435,0.032222297,0.12732674,0.0003597694,0.0016549242
16312,0.00081993215,0.008610767,0.030329255,0.0003433,0.0010162441
16313,0.00022693386,0.005842605,0.11008789,0.00026119032,0.00019260288
16314,0.0002824081,0.010611421,0.028490042,0.0013564017,0.00037702857
16315,0.0007379196,0.008644178,0.013428255,0.000628784,0.00010071401
16316,0.0036216856,0.05165378,0.026455775,0.00049168157,0.0011424496
16317,0.04885778,0.018475594,0.05531065,0.00015118199,0.00029137006
16318,0.0021489493,0.04560694,0.032774985,0.00046371284,0.00016865275
16319,0.10266401,0.010248602,0.04185213,0.0030634168,0.0005193049
16320,0.040845715,0.023644341,0.0079997545,0.0011740822,0.0014437558
16321,0.023916386,0.028490042,0.17342815,0.00046552691,0.0004322415
16322,0.06441767,0.012053779,0.03378023,0.0055119344,0.0041179177
16323,0.055005286,0.010448625,0.13986565,0.0017683518,0.000493605
16324,0.014672035,0.02013874,0.075858176,0.00022341637,0.00035419365
16325,0.025809623,0.108566426,0.03825006,0.00039666123,0.002621441
16326,0.01374232,0.04232459,0.047691282,0.0009927262,6.2050494e-05
16327,0.008511303,0.01678549,0.27212125,0.00081993215,0.0011380006
16328,0.03711691,0.007606672,0.02665774,0.0012693645,0.00020502214
16329,0.006145092,0.10650459,0.18140818,0.0014269596,0.0035796429
16330,0.15533456,0.007725534,0.11920292,0.0014158707,0.0010202174
16331,0.099120855,0.03120282,0.068537496,0.003976228,0.0005399804
16332,0.031618766,0.01461567,0.042642392,9.387641e-05,0.0003275843
16333,0.007176882,0.00016093082,0.019719128,0.0015307452,0.00011591935
16334,0.0034564096,3.0006622e-05,0.0075187176,0.0002551414,0.00014202365
16335,0.04115289,0.00026738262,0.02763772,0.0010944522,0.0004156895
16336,0.042882238,0.00035006859,0.038394015,0.0009362828,0.00020184422
16337,0.043854564,0.00021824206,0.2786492,8.957789e-05,0.00077632995
16338,0.014842416,0.0004424873,0.03302355,0.000720838,0.000104725565
16339,0.04054074,0.00043563012,0.16871995,0.0002216781,7.311254e-05
16340,0.013795364,0.00022693386,0.109705776,6.156764e-05,0.00041894842
16341,0.015365342,0.00021824206,0.20165595,0.0002824081,0.0017891593
16342,0.0140636265,0.0008263576,0.12304913,0.00024156629,0.00036400868
16343,0.0075772414,0.0020507434,0.068288535,0.00092178053,0.0010162441
16344,0.10484336,0.0008525666,0.04995852,0.00042223287,0.0014493985
16345,0.01717671,3.2192336e-05,0.02655657,0.10141133,0.00095101306
16346,0.0010944522,0.00023597175,0.091220066,0.018689308,0.00018522576
16347,0.0017477857,0.0006719278,0.071202725,0.048047356,0.0007408056
16348,0.00039051395,0.0001535624,0.041462272,0.007489625,0.0005152657
16349,0.0007041516,7.602479e-05,0.0355444,0.015014749,0.00189692
16350,0.0010649627,6.553816e-05,0.03711691,0.015247591,0.00096975197
16351,0.00076729245,0.00012931564,0.03302355,0.035078675,0.0003740956
16352,0.00036259004,0.0003150387,0.16291204,0.057281975,0.00046371284
16353,0.0011116682,9.83812e-05,0.01433703,0.01678549,0.0001313518
16354,0.00013765463,0.00038296366,0.6370308,0.01001357,0.0002098831
16355,8.957789e-05,0.00035006859,0.20930801,0.042245496,0.00027372167
16356,0.0003366622,0.00014313738,0.15520647,0.021532876,0.00026530237
16357,0.002673006,0.00014883849,0.13523208,0.037326887,0.00019716943
16358,0.0010083435,3.619467e-05,0.075858176,0.09501305,0.00087276706
16359,0.00037702857,0.0006851713,0.06681232,0.09203286,0.0019192374
16360,6.814872e-05,0.0002824081,0.068537496,0.14891149,0.0006538155
16361,0.00028685408,0.00018667821,0.16694686,0.0131212715,0.0011247575
16362,0.00015967865,0.0004994205,0.36105207,0.022328783,0.00025714198
16363,0.00012148176,0.0007702932,0.16803622,0.026759284,0.0020269002
16364,0.0007916296,0.00035697065,0.12126888,0.03155902,0.00022693386
16365,0.00026947918,4.985958e-05,0.15115306,0.012771867,0.02136889
16366,0.0006386796,0.0013993983,0.25571522,0.0048674177,0.003750789
16367,0.0010362669,0.000118667966,0.032836955,0.0011469158,0.012007351
16368,0.0015487612,0.00046190585,0.10557884,0.0018031665,0.058776557
16369,0.00090396777,9.610242e-05,0.12929276,0.0005399804,0.022586042
16370,0.001507049,3.883111e-05,0.01919745,0.0003889921,0.053601142
16371,0.0005378764,0.00017952797,0.15726623,0.0015367271,0.0140636265
16372,0.00058840885,0.00020184422,0.16735472,0.00023597175,0.040313438
16373,0.00035419365,0.00012931564,0.1665398,0.0020507434,0.0069306716
16374,0.00092538487,0.00031999825,0.12656909,0.0019646613,0.020061802
16375,0.0007524628,0.00080095365,0.03442355,0.00015967865,0.021084841
16376,0.0004339325,0.00062389387,0.23581158,0.0018172832,0.013171949
16377,0.0003487043,0.001044386,0.1161611,0.003692853,0.0042646346
16378,0.00016603847,0.000119598575,0.5755284,0.0054692747,0.007785655
16379,0.0012497094,0.00028910325,0.04822634,0.0012448432,0.055005286
16380,0.0005378764,5.2662068e-05,0.13974822,0.00072648755,0.05899303
16381,0.00039511538,0.00013342,0.083142914,0.0005193049,0.01685008
16382,0.0012743262,6.253713e-05,0.078359805,0.001012286,0.015072629
16383,0.0005442133,0.00043055712,0.10631887,0.00047656128,0.023464657
16384,0.00046552691,0.00017536995,0.10818896,0.00020027377,0.00020184422
16385,0.0003982131,0.0004994205,0.18579942,0.00017674513,0.0021157034
16386,0.0003077431,0.00025714198,0.23005375,0.0007041516,0.00048217614
16387,0.0007643033,7.254362e-05,0.21109138,0.00065126823,0.00087276706
16388,0.0007408056,0.26265267,0.083740406,0.0005378764,0.00048029725
16389,0.0004897656,0.053899154,0.037963696,0.0014269596,0.00081993215
16390,6.605215e-05,0.0074606435,0.08021325,0.00081038737,0.00026738262
16391,0.00015843622,0.027795624,0.08225395,0.00028910325,0.0005636751
16392,0.00026738262,0.00685048,0.019719128,0.0003150387,0.00024729347
16393,0.00036543285,0.06608538,0.076683804,0.0016613906,0.0013993983
16394,0.00024729347,0.0894546,0.055005286,0.00043055712,6.976471e-05
16395,0.00013765463,0.102844074,0.23970512,0.00027159214,0.00095846487
16396,0.0010859444,0.008711385,0.06524657,0.00010310212,0.0006693099
16397,0.0004565269,0.1425897,0.124532074,0.00010310212,0.0001313518
16398,0.00028021098,0.10070161,0.22303842,0.001032231,0.0005132579
16399,0.0003077431,0.24562746,0.38047117,0.00036973887,0.00027159214
16400,0.0008072305,0.31205547,0.2516477,3.734357e-05,0.00046010586
16401,0.00041894842,0.03574581,0.03302355,0.0006166297,0.00017813111
16402,0.0005072813,0.046119746,0.13106197,0.00077632995,0.0012497094
16403,0.00015843622,0.14891149,0.087720014,0.00026530237,0.0011925492
16404,0.00017265156,0.027690258,0.34059483,0.00024346048,0.00049168157
16405,0.00042058743,0.09351231,0.1724504,0.00016474655,0.00012533752
16406,0.0003029734,0.005576545,0.15316878,0.00033015272,0.00039051395
16407,0.00019260288,0.051082738,0.27923846,0.0007152324,0.0009399439
16408,0.0006166297,0.05127242,0.10989668,0.00015843622,0.0005636751
16409,0.00032503586,0.17967445,0.1447523,0.0035657366,0.0023141264
16410,0.00010889691,0.040999025,0.08464396,0.0004691764,0.00029137006
16411,0.0002287133,0.03635666,0.03038675,8.092757e-05,0.00058155763
16412,0.00044076296,0.05899303,0.15974101,0.00014313738,0.000118667966
16413,0.00046552691,0.009340025,0.107250325,0.000310156,0.00025118678
16414,0.00020662983,0.1576549,0.16052906,0.00029137006,0.00016865275
16415,0.0003275843,0.049773447,0.155591,0.00032250723,0.00053369283
16416,0.0006641048,0.073430054,0.19682622,0.0012351678,6.253713e-05
16417,0.12474516,0.059101548,0.20024471,7.311254e-05,0.0011424496
16418,0.014392336,0.04813677,0.96771675,0.0005193049,0.000118667966
16419,0.15090263,0.09825223,0.9757624,0.0013147246,0.00189692
16420,0.13753247,0.009161027,0.98582757,0.00010310212,0.0003029734
16421,0.036700353,0.16968088,0.9737945,0.0013617034,0.00018522576
16422,0.06791668,0.011508149,0.9704086,0.00042720788,0.0003077431
16423,0.03138043,0.13730095,0.9685006,0.00049553596,0.00013982208
16424,0.08678673,0.058776557,0.97458035,0.00018667821,0.00023231418
16425,0.046291903,0.11716747,0.98024315,0.0011879054,9.610242e-05
16426,0.02199022,0.15895613,0.96814114,0.0006000072,6.402006e-05
16427,0.019160708,0.025858775,0.96080494,0.0006462033,0.00026323833
16428,0.1831549,0.08882029,0.9889705,0.00012053649,0.000110611596
16429,0.05613278,0.112405084,0.990329,0.00072365726,0.00021152887
16430,0.10320506,0.071981624,0.97903574,0.0002758679,0.00036259004
16431,0.023689471,0.017509557,0.9927672,0.00027372167,0.00021152887
16432,0.023509452,0.05634009,0.7613611,0.00041406954,0.00019260288
16433,0.100172214,0.117572136,0.984516,0.00041731575,7.254362e-05
16434,0.07935289,0.4059785,0.9458012,0.062103126,0.0009399439
16435,0.11656274,0.38312188,0.97428846,0.03890198,0.0006436856
16436,0.030043371,0.100878626,0.89982784,0.06766981,0.00019110432
16437,0.03574581,0.09636511,0.75219464,0.09602549,0.0017207355
16438,0.06512755,0.15752527,0.8662457,0.0586686,6.605215e-05
16439,0.058131598,0.007606672,0.9535353,0.16105618,0.00041731575
16440,0.01621503,0.11397347,0.9659639,0.060640547,0.00011147904
16441,0.047074176,0.11066323,0.9673486,0.19682622,0.00024346048
16442,0.02532306,0.22286923,0.98159516,0.10105592,0.00072648755
16443,0.011288074,0.29279748,0.9864157,0.16357902,2.5466403e-05
16444,0.10613344,0.06669065,0.9003547,0.09285216,0.00042058743
16445,0.047869004,0.18683577,0.8394709,0.08803312,0.00050137425
16446,0.018689308,0.04061678,0.8834373,0.08647765,0.038756195
16447,0.01812472,0.11777492,0.91715443,0.06301947,0.12560067
16448,0.09186979,0.102844074,0.97334224,0.14829372,0.11536139
16449,0.064653486,0.21733753,0.97510713,0.014957086,0.049589027
16450,0.062445287,0.07992552,0.87125593,0.19117662,0.12231338
16451,0.038394015,0.14645308,0.96472245,0.09602549,0.2221934
16452,0.15674923,0.099996306,0.96323055,0.08834723,0.20228557
16453,0.009746104,0.1769559,0.9884919,0.028925717,0.13206616
16454,0.12721828,0.15443976,0.9882222,0.083291925,0.15241033
16455,0.17539679,0.03038675,0.98651993,0.14990433,0.20769641
16456,0.010248602,0.11636177,0.94261247,0.1526628,0.14767806
16457,0.056444027,0.29675615,0.99415743,0.10320506,0.20963143
16458,0.034164816,0.18242553,0.97838473,0.17258982,0.078078166
16459,0.08093671,0.36602303,0.9923044,0.19961986,0.05942822
16460,0.06656919,0.2649285,0.9437636,0.10302442,0.1360335
16461,0.085251234,0.24689633,0.8891444,0.0849471,0.21304953
16462,0.021656677,0.16451646,0.91398406,0.023689471,0.046638038
16463,0.04995852,0.20673385,0.85729086,0.15895613,0.23739909
16464,0.10230471,0.26779094,0.9862046,0.2109288,0.16211458
16465,0.19163005,0.1317307,0.96182173,0.066934206,0.054298937
16466,0.04352814,0.32412842,0.95846003,0.35242462,0.05899303
16467,0.055515114,0.25146383,0.95806944,0.23722234,0.047780067
16468,0.049405243,0.06903793,0.9863105,0.286269,0.12220858
16469,0.08079154,0.049681153,0.9790758,0.029145971,0.017509557
16470,0.13764834,0.04509957,0.9064877,0.043284845,0.059210252
16471,0.5685356,0.1799625,0.9837225,0.059537485,0.200871
16472,0.26798248,0.093678005,0.96253246,0.0107351625,0.02132808
16473,0.18550412,0.09401018,0.98844737,0.0067188703,0.012920474
16474,0.08616956,0.26702574,0.9891816,0.043772742,0.048496
16475,0.07779745,0.2959416,0.9634375,0.06325052,0.124000706
16476,0.17553808,0.060640547,0.98076576,0.009936419,0.1437878
16477,0.08570928,0.23686911,0.92696756,0.04751419,0.037256766
16478,0.09756223,0.1169656,0.90829307,0.046378206,0.051749542
16479,0.10894504,0.23528406,0.99040353,0.025908021,0.084191084
16480,0.12907304,0.17823957,0.9545628,0.13546066,0.11008789
16481,0.2821962,0.13488984,0.91730267,0.049589027,0.015130728
16482,0.16491956,0.028328313,0.98282325,0.07094482,0.33491564
16483,0.14523655,0.023689471,0.9535353,0.14033625,0.20307462
16484,0.03314852,0.10447732,0.98942953,0.1991522,0.071073666
16485,0.32348695,0.060197048,0.91367656,0.039195135,0.030967517
16486,0.1732882,0.4883825,0.9571178,0.051845465,0.012821214
16487,0.22953519,0.047337715,0.96203625,0.039564554,0.049497053
16488,0.11417085,0.15662017,0.98469365,0.1491592,0.11716747
16489,0.07263671,0.12635334,0.9723622,0.20737518,0.109705776
16490,0.23057307,0.017309096,0.96903247,0.14270912,0.11221036
16491,0.20625381,0.33720353,0.9722044,0.04304285,0.23370637
16492,0.13206616,0.35075492,0.9799382,0.019124037,0.45126605
16493,0.23074637,0.1169656,0.9240048,0.05738754,0.21141681
16494,0.06500873,0.055515114,0.93033177,0.20055768,0.15393034
16495,0.34997693,0.22953519,0.9761746,0.3229529,0.023021257
16496,0.062904246,0.13341522,0.9549004,0.10557884,0.20228557
16497,0.0588847,0.021864556,0.98439646,0.27963173,0.03825006
16498,0.1133831,0.09947021,0.95998776,0.1732882,0.2429233
16499,0.44921142,0.11221036,0.9606575,0.34323168,0.06500873
16500,0.29229218,0.032774985,0.9941347,0.03114383,0.12929276
16501,0.054098696,0.076132484,0.99509466,0.18097353,0.37011155
16502,0.05300977,0.091220066,0.9777564,0.08787644,0.1384618
16503,0.114368536,0.5378001,0.98672616,0.21011727,0.18624303
16504,0.27963173,0.09451043,0.9520419,0.22067817,0.19759925
16505,0.062216982,0.07463504,0.9688562,0.33654907,0.036838703
16506,0.5040816,0.21452682,0.94122344,0.2656899,0.29838914
16507,0.112600096,0.8767399,0.94165415,0.049773447,0.31289464
16508,0.07423137,0.9932811,0.8401279,0.18097353,0.121372975
16509,0.18388654,0.9606575,0.90958625,0.24006125,0.1185891
16510,0.11536139,0.9001793,0.97903574,0.3053865,0.03216145
16511,0.109134786,0.9809491,0.8115267,0.05834584,0.38890812
16512,0.12896329,0.9762654,0.94197524,0.38456538,0.10557884
16513,0.064535476,0.98201376,0.9736447,0.07185127,0.11221036
16514,0.0992954,0.9753431,0.9697854,0.08929565,0.3501991
16515,0.23196201,0.7090191,0.9709644,0.2052962,0.09170697
16516,0.1185891,0.95565146,0.9512329,0.13184243,0.10932483
16517,0.28071496,0.93686515,0.94994867,0.45456293,0.032528225
16518,0.034358688,0.83508044,0.9411153,0.16505408,0.54083294
16519,0.117572136,0.95379424,0.929951,0.5228722,0.073430054
16520,0.23405631,0.8467045,0.9503189,0.1852092,0.1666754
16521,0.07303239,0.96891505,0.97428846,0.032836955,0.075858176
16522,0.11636177,0.9505947,0.98403233,0.16694686,0.076132484
16523,0.30321574,0.828523,0.98752034,0.048767094,0.12797922
16524,0.072374016,0.9059898,0.98138225,0.046033904,0.22558717
16525,0.109134786,0.86960393,0.9949397,0.071202725,0.10650459
16526,0.13432106,0.9097468,0.9778412,0.08678673,0.2941136
16527,0.08122776,0.9145963,0.9514138,0.2498131,0.07382971
16528,0.13591877,0.9281487,0.98780584,0.09170697,0.13061774
16529,0.17161581,0.80363655,0.8086723,0.11417085,0.09170697
16530,0.076132484,0.8645393,0.92944044,0.3156305,0.21452682
16531,0.1495314,0.9427181,0.97118384,0.28298813,0.07172112
16532,0.020685459,0.9791158,0.9687381,0.08616956,0.07723878
16533,0.083890386,0.8838389,0.979354,0.124319285,0.046464663
16534,0.06267437,0.9722044,0.99174845,0.18271701,0.5090627
16535,0.1562336,0.9027811,0.9274948,0.11397347,0.50965
16536,0.1210609,0.6931614,0.93220687,0.059101548,0.13614832
16537,0.31415576,0.9825575,0.98498523,0.11516222,0.28071496
16538,0.21750368,0.97711015,0.98521465,0.3407045,0.2146914
16539,0.09825223,0.91413754,0.97057647,0.21900326,0.16885695
16540,0.049130786,0.9351099,0.86960393,0.11920292,0.07654563
16541,0.947381,0.96295285,0.9838472,0.019946935,0.09585608
16542,0.9432431,0.92879725,0.9878528,0.03767939,0.14694206
16543,0.9443824,0.96189344,0.96641046,0.042882238,0.17064618
16544,0.97923523,0.9528382,0.9901782,0.1336412,0.24617071
16545,0.96518475,0.96432143,0.9722044,0.08108212,0.034036152
16546,0.97339284,0.9020933,0.9641868,0.060863446,0.31426096
16547,0.9856076,0.8735388,0.9468921,0.074365705,0.17553808
16548,0.9567152,0.85741025,0.9411153,0.09501305,0.109705776
16549,0.9951137,0.80271024,0.9969957,0.15316878,0.04858621
16550,0.9604354,0.9302051,0.976038,0.11797801,0.91978675
16551,0.9757624,0.9378969,0.96641046,0.16749083,0.93698055
16552,0.97428846,0.5800547,0.93403506,0.10070161,0.9781772
16553,0.97562337,0.9071478,0.9774571,0.95447797,0.9727791
16554,0.8951567,0.9548163,0.9164094,0.94068086,0.9260366
16555,0.9657707,0.89029425,0.9839091,0.9572778,0.93318766
16556,0.93732566,0.8003801,0.89274967,0.9748691,0.9914887
16557,0.9795506,0.91550726,0.87525487,0.98971164,0.98302
16558,0.8733229,0.97023994,0.9706322,0.9233162,0.93463415
16559,0.94891727,0.8775817,0.99457306,0.9949397,0.77864933
16560,0.96753323,0.98242307,0.95945925,0.9392481,0.8996516
16561,0.967101,0.98076576,0.9737945,0.9820826,0.79518133
16562,0.93663365,0.9873262,0.97324073,0.9523088,0.98378503
16563,0.94649786,0.91949815,0.9462997,0.97792566,0.961171
16564,0.9906238,0.65665823,0.9862046,0.9186264,0.9614615
16565,0.96309197,0.94539934,0.9906238,0.88543355,0.9437636
16566,0.9744348,0.9583822,0.98421544,0.9458012,0.9012275
16567,0.976038,0.7198762,0.9725715,0.9494823,0.9853279
16568,0.8687154,0.93674946,0.94197524,0.9606575,0.9781772
16569,0.99036634,0.7318259,0.9628831,0.9233162,0.87234735
16570,0.9184803,0.928668,0.9657707,0.9696707,0.98469365
16571,0.9807288,0.9161096,0.9626028,0.86060363,0.89460546
16572,0.90582335,0.9380106,0.97997653,0.90448195,0.93991333
16573,0.9470882,0.87147486,0.8735388,0.8449215,0.9784671
16574,0.9806178,0.94901186,0.0021074724,0.87375444,0.89218736
16575,0.97529614,0.8671483,0.0031115087,0.94355595,0.94479126
16576,0.9474783,0.9022657,0.003337405,0.86938226,0.9766692
16577,0.9718859,0.82147413,0.00075540564,0.9694401,0.9407897
16578,0.98020524,0.92892635,0.0011469158,0.96879715,0.97057647
16579,0.8850366,0.86703575,0.00087276706,0.96295285,0.98190993
16580,0.93569994,0.7070003,0.0004424873,0.909907,0.96080494
16581,0.98340684,0.95013416,0.00043055712,0.9870297,0.96653706
16582,0.9650533,0.9457011,0.008711385,0.8253083,0.9787127
16583,0.93593454,0.8631611,0.004810983,0.9407897,0.9916842
16584,0.9853279,0.7163179,0.0066153924,0.6954414,0.9598375
16585,0.98228765,0.4864764,0.003337405,0.97482115,0.980053
16586,0.97887486,0.90105337,0.0023781238,0.9024378,0.93651766
16587,0.98302,0.97369474,0.0015188508,0.9762654,0.97324073
16588,0.9509604,0.9809125,0.004198795,0.9675945,0.91655886
16589,0.96753323,0.8881781,0.0021074724,0.95159405,0.84859616
16590,0.9672869,0.8656789,0.0025509123,0.9694401,0.8625833
16591,0.9621787,0.8782099,0.0036358088,0.9771538,0.77932185
16592,0.9467938,0.9643886,0.0015978456,0.89368117,0.86431044
16593,0.97057647,0.8987666,0.0030634168,0.95540243,0.86904925
16594,0.9881765,0.7194822,0.0066153924,0.9803562,0.93721074
16595,0.98046875,0.8086723,0.0037217087,0.98527133,0.983343
16596,0.92482364,0.57618433,0.0010242064,0.961678,0.97510713
16597,0.8842393,0.91920847,0.00077632995,0.97767127,0.9827572
16598,0.9753431,0.8296301,0.0014269596,0.95998776,0.9531008
16599,0.98609793,0.84221536,0.0035380863,0.9874236,0.9875683
16600,0.98527133,0.94417685,0.0008360903,0.96879715,0.9272316
16601,0.9644556,0.7794897,0.0037654135,0.9114953,0.96672606
16602,0.97800976,0.91367656,0.00023413582,0.9850429,0.983343
16603,0.9562273,0.6680145,0.0010733063,0.97079873,0.9531008
16604,0.96323055,0.41727147,0.00069867563,0.9557341,0.90000373
16605,0.7295198,0.7977145,0.00014202365,0.9530133,0.76260084
16606,0.9443824,0.7864589,0.00043055712,0.9693242,0.7733876
16607,0.941007,0.85342485,0.00075540564,0.9843364,0.96124375
16608,0.98667485,0.6417592,0.0011559009,0.9073123,0.9353465
16609,0.937783,0.82949203,0.0007014083,0.7523766,0.9898303
16610,0.9890131,0.8804891,0.00095846487,0.7552762,0.8933094
16611,0.9666002,0.8109285,0.000493605,0.91413754,0.9787127
16612,0.94261247,0.92905515,0.01461567,0.97354424,0.90295243
16613,0.9623913,0.8103289,0.0024154831,0.9662198,0.8625833
16614,0.9864157,0.7576151,0.003311519,0.8410439,0.6703925
16615,0.985663,0.86036915,0.0015188508,0.9736447,0.9846347
16616,0.96926606,0.89010334,0.002822833,0.98327893,0.9049869
16617,0.90878,0.8494724,0.018869255,0.9260366,0.93663365
16618,0.98080254,0.9549004,0.00039511538,0.9743861,0.8768455
16619,0.95945925,0.91383046,0.003311519,0.9835338,0.92523
16620,0.91700584,0.9881765,0.0028338498,0.79597545,0.8429925
16621,0.915356,0.9721515,0.0025409926,0.97931457,0.9758546
16622,0.9783019,0.9205043,0.7403621,0.9735945,0.96028674
16623,0.92359227,0.91700584,0.6894102,0.9444849,0.9474783
16624,0.9723097,0.9467938,0.9186264,0.9561454,0.9643886
16625,0.9850429,0.8908652,0.7545535,0.95814794,0.9333094
16626,0.8934954,0.8301815,0.55504334,0.83534926,0.93318766
16627,0.9427181,0.9645224,0.5686554,0.98378503,0.9626028
16628,0.8550057,0.9804314,0.77509457,0.983343,0.9431384
16629,0.94966936,0.9181873,0.6572085,0.92455155,0.9664738
16630,0.9911868,0.97334224,0.5959041,0.9396923,0.9114953
16631,0.9795506,0.8822251,0.5049017,0.8996516,0.7678639
16632,0.99575186,0.68479127,0.55658036,0.9430336,0.9003547
16633,0.99155444,0.9535353,0.34942174,0.86613256,0.78199726
16634,0.989791,0.91565824,0.6090011,0.9837225,0.79246426
16635,0.94468933,0.9718326,0.8293538,0.9552357,0.91413754
16636,0.92762595,0.9302051,0.25701845,0.9755769,0.9606575
16637,0.9517737,0.96641046,0.23265864,0.88018054,0.8842393
16638,0.9949397,0.936285,0.21011727,0.9961606,0.86385167
16639,0.99554896,0.9572778,0.5016699,0.9683214,0.81655276
16640,0.9559813,0.93367314,0.8177201,0.87925047,0.7666432
16641,0.78032786,0.95292586,0.34786937,0.9828892,0.65544635
16642,0.9692078,0.9224824,0.23722234,0.93569994,0.8838389
16643,0.8583628,0.86849254,0.8253083,0.8844391,0.9312127
16644,0.9341553,0.9814889,0.70079243,0.9784259,0.9353465
16645,0.9617499,0.85705173,0.6801355,0.7927853,0.97813547
16646,0.93306583,0.63329685,0.75036985,0.92696756,0.9829547
16647,0.9576754,0.80882335,0.63624007,0.9531008,0.97462875
16648,0.90295243,0.84959716,0.81167597,0.66671383,0.9800913
16649,0.9462003,0.9425068,0.7162186,0.95589906,0.93674946
16650,0.89606965,0.74853617,0.325735,0.88059187,0.89715594
16651,0.91321325,0.87779135,0.43374163,0.8795612,0.9273633
16652,0.81669897,0.9600627,0.6599533,0.9809491,0.95869267
16653,0.9431384,0.971779,0.7153245,0.744842,0.83534926
16654,0.9766692,0.7914989,0.46013728,0.97068775,0.98105836
16655,0.9203613,0.02355433,0.73866904,0.9641868,0.94825053
16656,0.9932025,0.0019418169,0.49481988,0.91949815,0.9361684
16657,0.9222025,0.0024060889,0.42119467,0.9572778,0.98439646
16658,0.9885361,0.0017409837,0.6005984,0.98215127,0.818011
16659,0.9704086,0.0021405893,0.6142783,0.9829547,0.7325918
16660,0.9555686,0.0029008575,0.53776973,0.9921841,0.7446563
16661,0.98173577,0.015967654,0.69233006,0.90105337,0.97339284
16662,0.9940659,0.0035380863,0.4088667,0.9079672,0.94165415
16663,0.9905509,0.0022872277,0.82375413,0.93581736,0.94728357
16664,0.9395816,0.006413164,0.9158089,0.9718859,0.9508692
16665,0.96989965,0.0021742254,0.1732882,0.9407897,0.97068775
16666,0.98427594,0.0038844766,0.19528697,0.7130322,0.9349913
16667,0.9891816,0.0012793075,0.1665398,0.9605836,0.9326989
16668,0.98314995,0.0014953384,0.6261242,0.91259205,0.92905515
16669,0.8467045,0.000981172,0.54607254,0.93891287,0.9240048
16670,0.97887486,0.000981172,0.42101613,0.7921428,0.9407897
16671,0.9647889,0.00071244594,0.40580192,0.99209267,0.9296961
16672,0.99083894,0.00014768039,0.72545415,0.9167081,0.90312344
16673,0.9641868,0.0008626078,0.2635994,0.95292586,0.94994867
16674,0.9931229,0.01665704,0.63906056,0.9589241,0.8812066
16675,0.9459013,0.008187911,0.7599387,0.92643696,0.67854
16676,0.9819447,0.0009850083,0.6274948,0.8100285,0.7854732
16677,0.98403233,0.0013564017,0.5628975,0.9652504,0.9097468
16678,0.9593071,0.0010005044,0.6811968,0.954393,0.9920312
16679,0.96795994,0.0041824942,0.8299059,0.94699025,0.9685601
16680,0.9882222,0.0021322616,0.7192851,0.85342485,0.99268264
16681,0.9470882,0.0041019293,0.29350573,0.94757545,0.9887988
16682,0.96771675,0.5033569,0.761893,0.9846347,0.96131647
16683,0.9500415,0.38093165,0.2588877,0.9947391,0.63307005
16684,0.93403506,0.82544905,0.3987576,0.9927672,0.87245613
16685,0.9688562,0.7509182,0.17596246,0.97085404,0.9478657
16686,0.96814114,0.21157968,0.42441198,0.82573026,0.9795114
16687,0.9747731,0.8206132,0.5794004,0.82810634,0.8908652
16688,0.9049869,0.45447215,0.274157,0.88602656,0.7720154
16689,0.93379396,0.641647,0.5283813,0.8505928,0.92590266
16690,0.98439646,0.56847566,0.44495666,0.94068086,0.95388025
16691,0.97562337,0.37250522,0.39606816,0.9352283,0.93698055
16692,0.9901782,0.18039525,0.73392886,0.8477158,0.96189344
16693,0.97997653,0.3955427,0.75976056,0.95388025,0.92262185
16694,0.9401336,0.7929457,0.40010458,0.9571178,0.9400236
16695,0.85403454,0.17567945,0.3575675,0.82796735,0.9092645
16696,0.8217605,0.3765085,0.51106083,0.89733595,0.8916225
16697,0.97409195,0.41152468,0.80882335,0.73354733,0.9300781
16698,0.97958976,0.7200731,0.54822004,0.9672869,0.9693822
16699,0.90894175,0.51740324,0.6445608,0.97334224,0.9326989
16700,0.98761624,0.15778464,0.4455597,0.0016040892,0.959001
16701,0.8031738,0.5512416,0.6972998,0.010818449,0.6934729
16702,0.983597,0.5875882,0.8850366,0.0022343625,0.0029926654
16703,0.97118384,0.5987815,0.5031528,0.003337405,0.0063883206
16704,0.941007,0.6673645,0.5646987,0.0009399439,0.004591684
16705,0.9434519,0.6788595,0.67362124,0.0011513996,0.004451041
16706,0.9523088,0.60369825,0.7426084,0.0008525666,0.0009146137
16707,0.9888419,0.755637,0.54573965,0.0060269516,0.0007916296
16708,0.9546474,0.35767972,0.7424217,0.0019955386,0.0011925492
16709,0.0060503976,0.6858443,0.6978149,0.005001672,0.0029008575
16710,0.0021074724,0.72496766,0.59837085,0.0016613906,0.0012255674
16711,0.0045384318,0.28766775,0.7331653,0.003750789,0.021739595
16712,0.009161027,0.7611836,0.20418318,0.0049436893,0.0060035964
16713,0.00071802974,0.58367807,0.44571048,0.009522486,0.0072608665
16714,0.0017073674,0.1066906,0.48904595,0.0021489493,0.0025909794
16715,0.0013302015,0.48288628,0.42345804,0.0010403185,0.0019043302
16716,0.0006361912,0.755637,0.7148271,0.004556114,0.0044337655
16717,0.001044386,0.29706195,0.631026,0.00042720788,0.011823394
16718,0.001264422,0.5983122,0.641647,0.00045121065,0.00052542303
16719,0.0069576087,0.6136997,0.81757444,0.0008864989,0.0016613906
16720,0.0020667946,0.52713394,0.20450072,0.0013885233,0.0038844766
16721,0.005343256,0.62440807,0.6929537,0.0022606407,0.008219693
16722,0.0051797125,0.8709269,0.3555511,0.006073934,0.0021074724
16723,0.0065134983,0.6657367,0.6040486,0.0013617034,0.0011695103
16724,0.0067712096,0.19102567,0.599192,0.0011030267,0.0010005044
16725,0.0015487612,0.28487435,0.746139,0.0010859444,0.019985152
16726,0.0034162789,0.81242126,0.5873515,0.0054059005,0.0018386652
16727,0.00045121065,0.52956754,0.77475387,0.0018458483,0.00092900335
16728,0.0025509123,0.5316349,0.30342212,0.003337405,0.00095101306
16729,0.0046818224,0.44477576,0.7466935,0.00930395,0.0005614788
16730,0.0005442133,0.83508044,0.69699055,0.0034030052,0.0028783479
16731,0.0015247863,0.88759494,0.69014156,0.0034564096,0.00046371284
16732,0.02120612,0.94068086,0.26189688,0.0019267347,0.010652511
16733,0.0016941031,0.62291825,0.22101425,0.0021239663,0.0013670257
16734,0.0011832798,0.37261936,0.008745182,0.9242787,0.00026119032
16735,0.002296159,0.3220994,0.008124708,0.4380939,0.010529712
16736,0.0007321813,0.38393,0.01374232,0.4496645,0.00057929166
16737,0.00022693386,0.592195,0.013532149,0.51717466,0.009746104
16738,0.0022430879,0.29624692,0.0094125895,0.5880614,0.0016743992
16739,0.0011972112,0.5931969,0.018194368,0.6282934,0.0007916296
16740,0.00044945232,0.50402445,0.016979992,0.8668104,0.54083294
16741,0.006903838,0.27067295,0.003649987,0.45974305,0.4263216
16742,0.0023051251,0.61831963,0.009340025,0.6820445,0.4065085
16743,0.0030160663,0.56187606,0.010288301,0.5154141,0.42787477
16744,0.0034834242,0.72594017,0.010529712,0.6000126,0.73885757
16745,0.0068239546,0.879043,0.009708476,0.5952573,0.81582016
16746,0.002296159,0.8785229,0.0022518474,0.18010667,0.5251558
16747,0.0005378764,0.73411953,0.0014048677,0.51278406,0.9260366
16748,0.001507049,0.5389529,0.0030873695,0.25571522,0.450994
16749,0.022328783,0.6073721,0.004166256,0.07303239,0.5060765
16750,0.014009566,0.60609055,0.02355433,0.7405498,0.82118756
16751,0.009232215,0.41406935,0.007725534,0.17953055,0.5310574
16752,0.0004691764,0.47782826,0.0014664583,0.34048516,0.64400125
16753,0.0010859444,0.5269818,0.0018530593,0.6894102,0.80162543
16754,0.0005614788,0.81271875,0.04115289,0.5601624,0.4380639
16755,0.0034564096,0.5396808,0.023779983,0.79036856,0.47880304
16756,0.7659437,0.20657375,0.0007096704,0.81815636,0.2738656
16757,0.728362,0.7483523,0.0015367271,0.581719,0.6663882
16758,0.84530497,0.52755994,0.00092538487,0.7440989,0.5712285
16759,0.7804952,0.35532737,0.00030534892,0.7518304,0.40497798
16760,0.7212526,0.7507356,0.0011203773,0.526008,0.26588047
16761,0.5242272,0.5227504,0.0003175088,0.8106289,0.6744794
16762,0.33415475,0.6365791,0.001294368,0.45350388,0.3068385
16763,0.65665823,0.5387709,0.00042223287,0.18403316,0.37559193
16764,0.7602949,0.87037706,0.00019871553,0.35925174,0.43068603
16765,0.38543248,0.34931073,0.00071802974,0.53965044,0.63578796
16766,0.65068924,0.32831404,0.0006337125,0.44960403,0.6136997
16767,0.41762772,0.38531685,0.00078547397,0.69678426,0.45365515
16768,0.65522575,0.7523766,0.0008328334,0.123365626,0.51595527
16769,0.5839746,0.38728473,0.0002758679,0.6391732,0.8112278
16770,0.5493687,0.63827175,0.0011116682,0.5861676,0.6400736
16771,0.5900117,0.636805,0.00038147115,0.12495856,0.78431904
16772,0.77029204,0.2773751,5.1845658e-05,0.723993,0.58498263
16773,0.42685908,0.038178273,0.0003726377,0.4991441,0.90414387
16774,0.16545822,0.009783876,0.0015188508,0.47266826,0.65423226
16775,0.77932185,0.073164724,0.00061183405,0.7876047,0.74148685
16776,0.655336,0.003324437,0.0002959571,0.6091173,0.46493194
16777,0.53354937,0.0045738644,0.00016219282,0.630685,0.65522575
16778,0.81888163,0.0053018946,8.4811036e-05,0.51347786,0.5388012
16779,0.654674,0.00044945232,0.00032250723,0.73335636,0.3287449
16780,0.20481864,0.0041824942,0.0017546144,0.77063745,0.57128835
16781,0.8110782,0.00698465,0.0022606407,0.265309,0.3963018
16782,0.753648,0.015967654,0.0015367271,0.7320175,0.33415475
16783,0.65279496,0.001591626,0.00035419365,0.47823945,0.86281466
16784,0.5501845,0.028870907,0.00035697065,0.35779187,0.30012983
16785,0.24238491,0.024892801,0.0014953384,0.71393055,0.5245773
16786,0.8168451,0.023689471,0.0003935756,0.7405498,0.7796575
16787,0.5350681,0.007489625,0.00032250723,0.7364006,0.6970936
16788,0.6329566,0.0017821963,0.00024536948,0.45459324,0.65401137
16789,0.6868954,0.04443143,0.0007321813,0.61520344,0.8518296
16790,0.7000752,0.005220126,8.888085e-05,0.2166738,0.5661385
16791,0.36387292,0.007815889,0.00037702857,0.40315557,0.82290184
16792,0.7676898,0.0048297215,4.5397872e-05,0.6723317,0.48516518
16793,0.5528415,0.0045738644,0.12410682,0.8221891,0.55130196
16794,0.57749534,0.027220903,0.074365705,0.36105207,0.6135839
16795,0.2739627,0.017442483,0.009376237,0.4758945,0.39846498
16796,0.5037593,0.00028685408,0.015784562,0.8868131,0.41235265
16797,0.7794897,0.00016093082,0.00519988,0.61929864,0.7126323
16798,0.8512122,0.0008525666,0.0005747862,0.53801244,0.22884515
16799,0.7288448,0.00044076296,0.01717671,0.26133093,0.38618454
16800,0.633637,6.4522144e-05,0.07906799,0.47750846,0.36048904
16801,0.71173155,0.00013873412,0.02025469,0.29849136,0.61987406
16802,0.87987113,0.00014091856,0.019087434,0.34466398,0.4620786
16803,0.62245935,0.00029365462,0.007907292,0.36330795,0.49333993
16804,0.57397693,0.00049747445,0.010818449,0.3296075,0.67458665
16805,0.6746938,0.0004029052,0.019456575,0.3429015,0.75725627
16806,0.37147856,0.00016865275,0.058560826,0.21850258,0.47753897
16807,0.5240293,0.0001535624,0.005343256,0.25256833,0.57606506
16808,0.33938956,0.00043563012,0.015906392,0.57212526,0.6027048
16809,0.42423305,0.00022516825,0.0030160663,0.11899801,0.5257949
16810,0.53722346,0.00014768039,0.01627746,0.55474186,0.15052763
16811,0.62010413,0.00039666123,0.014009566,0.3261641,0.4991422
16812,0.47049332,0.0009735438,0.059866417,0.5442867,0.27747297
16813,0.60853595,0.00029827765,0.0279544,0.8547634,0.77029204
16814,0.7217432,0.0002216781,0.009633652,0.48372465,0.3227394
16815,0.43380156,0.0001535624,0.0075479234,0.50404346,0.28646857
16816,0.557755,0.0003859661,0.022629201,0.79182106,0.37926343
16817,0.8183016,0.0012255674,0.008577486,0.3681785,0.81888163
16818,0.46584308,0.00021654405,0.0022783307,0.70212173,0.7929457
16819,0.37353298,0.00015476662,0.021165619,0.32584226,0.88363826
16820,0.9012275,0.00012931564,0.01798621,0.6770471,0.3747907
16821,0.6991517,0.00090396777,0.0020829707,0.5111523,0.56103444
16822,0.67661995,0.0029579026,0.0074030147,0.39420095,0.51167846
16823,0.25256833,0.00043563012,0.007204769,0.690246,0.60515755
16824,0.56895477,0.00022693386,0.00058155763,0.692642,0.5033664
16825,0.22371607,0.00021824206,0.00057929166,0.7871142,0.53263783
16826,0.6694208,0.0028671585,0.00010889691,0.54192406,0.63250273
16827,0.37639388,0.00031999825,0.0009362828,0.4800216,0.3769671
16828,0.13822897,3.8229115e-05,0.002157342,0.6142783,0.4906475
16829,0.32863715,0.00013765463,0.0009146137,0.32018325,0.6005398
16830,0.42048058,0.00074953143,0.00041406954,0.71492666,0.41626263
16831,0.7599387,0.00013982208,0.00069867563,0.53151333,0.9079672
16832,0.8718026,0.0002824081,0.0014953384,0.7227227,0.9205043
16833,0.7017131,0.00089344557,0.0015548134,0.7031419,0.8934954
16834,0.45232424,3.2192336e-05,0.003235056,0.9001793,0.83894384
16835,0.3018763,0.00032503586,0.009232215,0.8449215,0.16357902
16836,0.4948236,0.0003327413,0.006097562,0.18242553,0.3429015
16837,0.6375951,7.368593e-05,0.0023051251,0.7772999,0.30808616
16838,0.79182106,0.00026738262,0.0008328334,0.13523208,0.39274436
16839,0.820757,0.0003150387,0.0019117695,0.59425694,0.49704173
16840,0.26626188,0.00027159214,0.0006771943,0.20850106,0.6208515
16841,0.74576885,7.311254e-05,0.00017536995,0.33491564,0.5524794
16842,0.7047701,0.00023231418,0.0012303583,0.66421366,0.6662797
16843,0.62016165,0.00016219282,0.00041245588,0.5901298,0.4857217
16844,0.58284724,0.00065126823,0.0020992735,0.5776741,0.7599387
16845,0.44046924,0.0005132579,0.0014381354,0.4447155,0.47365725
16846,0.93220687,6.868318e-05,0.006289902,0.3588023,0.00462753
16847,0.51712894,0.013795364,0.00027803096,0.7643643,0.035880696
16848,0.46854743,0.038683496,0.0022872277,0.0057974015,0.023962023
16849,0.6393984,0.0087791085,0.0016941031,0.007232764,0.0034162789
16850,0.44257626,0.014447852,0.0014895174,0.022457052,0.0036642202
16851,0.26798248,0.016979992,0.0015307452,0.0031850608,0.015784562
16852,0.4254262,0.01107216,0.0012351678,0.029873092,0.014785407
16853,0.512868,0.0362883,0.0024438868,0.010570489,0.0068771075
16854,0.44227514,0.0028118587,0.0023596608,0.001591626,0.03371654
16855,0.72066325,0.0067449897,0.00035836728,0.0047737225,0.10875559
16856,0.6004813,0.008950711,0.00025118678,0.001591626,0.009232215
16857,0.15960999,0.0063143647,0.00021485926,0.0074317735,0.007636216
16858,0.25330648,0.008445627,0.00036400868,0.014227047,0.0041019293
16859,0.67896587,0.04995852,0.00042388475,0.022074388,0.013532149
16860,0.55290186,0.0073173973,0.00012053649,0.005598249,0.017644463
16861,0.6001883,0.018941708,0.00027159214,0.017509557,0.024516335
16862,0.0044165556,0.0044857943,8.029784e-05,0.0060269516,0.028274601
16863,0.019643761,0.0069576087,0.0009773504,0.013376604,0.051082738
16864,0.017576884,0.013532149,0.00024923251,0.009746104,0.010860331
16865,0.010368157,0.0070664007,0.00020342697,0.016529556,0.0037800956
16866,0.0037217087,0.010169658,8.029784e-05,0.0040860027,0.00053161324
16867,0.023464657,0.04543722,2.8409744e-05,0.011463798,0.00020184422
16868,0.011419615,0.07906799,0.00023413582,0.0011604197,0.0003433
16869,0.020804489,0.031618766,7.905304e-05,0.00015843622,0.00015000567
16870,0.0042315875,0.009376237,0.0014048677,0.0017073674,7.905304e-05
16871,0.010248602,0.014172367,0.00037850367,0.00051728135,9.3145936e-05
16872,0.01001357,0.0034030052,0.0010403185,0.00010071401,0.00012148176
16873,0.013689478,0.013171949,0.0009927262,0.00034464317,0.00034464317
16874,0.01798621,0.005159623,3.400182e-05,0.0013564017,0.00057703455
16875,0.042642392,0.02096424,0.00084264233,0.00032503586,8.2846556e-05
16876,0.0063635735,0.020449394,0.00026530237,0.0010566838,0.001264422
16877,0.002889581,0.020293485,7.905304e-05,0.0016040892,0.00015843622
16878,0.04185213,0.0030160663,3.8229115e-05,0.0003740956,6.868318e-05
16879,0.019382192,0.009596455,0.000118667966,0.00085924764,0.00023413582
16880,0.014281933,0.00930395,3.883111e-05,0.0011424496,0.0005976694
16881,0.0017961492,0.0048297215,0.00023968685,0.00019563535,0.00028021098
16882,0.013273886,0.0036642202,0.00018814208,0.0005378764,0.00089693937
16883,0.01627746,0.00059071044,0.00058840885,0.0014158707,8.957789e-05
16884,0.0003393018,0.00078547397,5.6497935e-05,8.2846556e-05,0.00015476662
16885,0.00026530237,0.0035796429,0.0012399962,0.0001072088,0.00028910325
16886,0.00059071044,0.0031115087,0.00074953143,0.00076729245,0.0001344663
16887,0.0013993983,0.004810983,0.00035557945,0.00049747445,0.00089344557
16888,9.915273e-05,0.0006615174,0.00014539114,0.00035419365,0.00013982208
16889,0.0006878511,0.000720838,0.00021485926,0.00035143827,4.4346274e-05
16890,0.00060471025,0.0064882697,0.0031115087,0.003692853,9.387641e-05
16891,0.00028910325,0.0023596608,0.001455063,0.00025915826,0.00043563012
16892,0.00026119032,0.0016103574,0.0007321813,0.0006538155,0.00013342
16893,0.00045121065,0.0006745559,9.915273e-05,8.2846556e-05,0.00075540564
16894,0.0003327413,0.0011925492,0.00020027377,0.00050333556,0.00087276706
16895,0.00015720345,0.008985429,0.00036543285,0.0002216781,0.000117744596
16896,0.0003029734,0.0011740822,0.001107339,0.00033015272,0.00020184422
16897,0.0012113064,0.0016103574,0.0002098831,0.00046371284,9.915273e-05
16898,0.0003597694,0.0027044292,0.00037702857,0.002631674,0.00028910325
16899,0.0016875096,0.0016356753,0.009125637,0.0017342081,0.00025714198
16900,0.00017952797,0.0009735438,0.002800927,0.0003077431,0.00014425986
16901,0.00072932884,0.00037850367,0.00043733438,0.0007321813,0.0026419468
16902,0.00025915826,0.007489625,0.0017821963,0.00026323833,0.00035697065
16903,0.0008072305,0.00048029725,0.0028560124,0.0011247575,3.0006622e-05
16904,0.0005378764,0.00091819005,0.00020027377,0.00055494095,0.00042058743
16905,0.00023231418,0.002521268,0.00189692,0.00090750254,0.099120855
16906,0.00092538487,0.0008830458,0.00040448149,6.0613183e-05,0.022802636
16907,0.0007643033,0.0029121784,0.0011925492,0.0021912407,0.05419873
16908,0.00059302105,0.0011695103,0.00019716943,0.026607107,0.027220903
16909,0.0006190417,0.009340025,0.0059803305,0.0053849383,0.00084264233
16910,7.843789e-05,0.00090044667,0.0012113064,0.03234433,0.022328783
16911,0.0017073674,0.002396731,0.0007793661,0.0145595195,0.041539967
16912,0.000110611596,0.00021995338,0.0025311112,0.023375316,0.016529556
16913,0.0005053046,0.000965975,0.0019192374,0.023419945,0.046291903
16914,0.00020662983,0.00037555923,0.0063883206,0.033907957,0.020527788
16915,0.00034464317,0.00050137425,0.0015978456,0.013584392,0.0262553
16916,0.00062389387,0.00046190585,0.03015741,0.0021827165,0.009859855
16917,0.0006386796,0.00023597175,0.12495856,0.02898063,0.12002562
16918,0.00013032975,8.68221e-05,0.067423776,0.0074030147,0.0930168
16919,0.00017674513,5.694103e-05,0.054298937,0.062103126,0.057599206
16920,0.00018522576,0.00017130819,0.024469668,0.11318691,0.16171701
16921,0.0005747862,0.0002959571,0.044597577,0.010818449,0.0349467
16922,0.002332234,0.000493605,0.013171949,0.0071214284,0.011115014
16923,0.0010944522,0.00035006859,0.006265534,0.0130707845,0.0045384318
16924,0.0003889921,4.4001186e-05,0.010529712,0.024145423,0.00019110432
16925,0.0005152657,0.00055494095,0.003337405,0.011961099,0.0004565269
16926,0.0010005044,0.00039051395,0.10818896,0.0145595195,0.00096975197
16927,0.00022341637,0.0003935756,0.20705435,0.01778039,0.00019260288
16928,0.0047000605,0.0002824081,0.017045317,0.028761586,0.0013939502
16929,0.0004897656,0.00050137425,0.11971654,0.01678549,0.0071491017
16930,0.0006166297,0.00021654405,0.028328313,0.02237146,0.0019723359
16931,0.00018814208,0.00026947918,0.07544843,0.0020033333,0.0012160416
16932,0.0003077431,0.00037118542,0.069921836,0.004736749,0.0007793661
16933,0.00058840885,0.00011235328,0.007289077,0.001591626,0.0007069056
16934,0.00041084853,0.00015476662,0.009859855,0.0027469008,0.0016356753
16935,0.010818449,0.00016093082,0.017712299,0.0008864989,0.0034970103
16936,0.002673006,0.00046734812,0.15791446,0.0027469008,0.0019646613
16937,0.015603535,0.00023597175,0.06791668,0.0021489493,0.001867566
16938,0.018869255,0.00028685408,0.045777272,0.0015247863,0.0029579026
16939,0.009559399,0.00046190585,0.016029147,0.0058653383,0.006289902
16940,0.003945407,0.00023968685,0.03635666,0.0021742254,0.0021074724
16941,0.008412978,0.00041406954,0.03234433,0.0017614696,0.0007041516
16942,0.011508149,0.00046371284,0.012624949,0.007968815,0.0049436893
16943,0.09807933,0.00026119032,0.009125637,0.0015548134,0.0010403185
16944,0.009559399,4.4001186e-05,0.04352814,0.003311519,0.0013198634
16945,0.00268344,8.957789e-05,0.013689478,0.00092178053,0.0017546144
16946,0.0073743653,3.883111e-05,0.024376597,0.0031850608,0.0054905633
16947,0.070816204,0.0003275843,0.00268344,0.0057749297,0.0051396107
16948,0.010248602,0.00013552078,0.036977556,0.0030634168,0.00502115
16949,0.0036076165,0.0001896174,0.062445287,0.0035518846,0.0021157034
16950,0.027376488,7.662102e-05,0.058024745,0.0025809042,0.0010566838
16951,0.032405518,0.00018378456,0.17610413,0.0025909794,0.0008072305
16952,0.0145595195,0.001044386,0.11143445,0.0010202174,0.0025509123
16953,0.018761083,0.00024923251,0.21617697,0.00080095365,0.0012113064
16954,0.0015427324,4.611275e-05,0.047869004,0.0021322616,0.005060332
16955,0.0020667946,0.0002846224,0.051082738,0.0034564096,0.00268344
16956,0.0020111583,0.00018378456,0.017644463,0.004166256,0.0030160663
16957,0.0011380006,0.0006411777,0.006265534,0.0006361912,0.000981172
16958,0.0075772414,0.00026738262,0.0023596608,0.0014269596,0.003197487
16959,0.0063635735,0.000310156,0.013689478,0.00090044667,0.00056588
16960,0.0015129384,0.00069054146,0.0028118587,0.0018748617,0.0006386796
16961,0.0027469008,0.00029137006,0.0089161275,0.002570868,0.00092178053
16962,0.0063883206,0.00016219282,0.062331032,0.0010083435,0.003524341
16963,0.0043483814,0.0005092657,0.023375316,0.0017274586,0.002570868
16964,0.0019418169,0.00025118678,0.02433019,0.0029008575,0.0005636751
16965,0.00081355654,0.0002846224,0.043772742,0.00021485926,0.00062633416
16966,0.0019192374,3.194182e-05,0.07068779,0.000493605,0.0016941031
16967,0.0018315102,0.00028910325,0.055823144,0.0019494022,0.0012018913
16968,0.002074867,0.0008830458,0.02665774,0.001032231,0.00081355654
16969,0.00019411318,0.00046010586,0.049130786,0.0032476764,0.013636836
16970,0.0089161275,0.0018458483,0.0022083889,0.0011832798,0.003337405
16971,0.0015188508,0.0047737225,0.0009146137,0.0018315102,0.00092900335
16972,0.0018243829,0.00041084853,0.001477943,0.0011786721,0.000981172
16973,0.002693914,0.0038096302,0.00090396777,0.00047470425,0.0013250224
16974,0.0017207355,0.00039051395,0.0016229671,8.7503e-05,0.001477943
16975,0.010860331,0.0011030267,9.535461e-05,0.000493605,0.0013885233
16976,0.00072932884,0.00020027377,0.0007096704,0.002570868,0.0014493985
16977,0.0012448432,0.0028783479,0.0008459375,0.0004390453,0.00024346048
16978,0.001477943,0.0025509123,0.0007524628,8.2846556e-05,0.00035143827
16979,0.0021912407,0.0027044292,0.0032099616,0.00052542303,0.00023968685
16980,0.001507049,0.0010484692,0.0019418169,0.0004156895,0.0004859561
16981,0.0010044164,0.0012113064,0.0012693645,0.0010044164,8.029784e-05
16982,0.02237146,0.0013406203,0.00019716943,0.00022516825,8.2846556e-05
16983,0.00033535014,0.0021074724,0.0012693645,0.0020427648,0.00022516825
16984,0.0012743262,0.0009735438,0.0005571117,0.00036973887,0.00034464317
16985,0.0068239546,0.008061991,0.0029694452,0.00075835997,0.00016603847
16986,0.0027683855,9.4612624e-05,0.00028910325,9.387641e-05,7.031184e-05
16987,0.0019117695,0.0017409837,0.0014721896,0.00023413582,0.0011469158
16988,0.003839395,0.03234433,0.0033766122,0.0013045066,0.00063124346
16989,0.0012160416,0.019308086,0.0024154831,0.00020342697,0.0006023541
16990,0.002631674,0.02865267,0.0013885233,0.0003889921,0.00015843622
16991,0.0005703157,0.03897507,0.0020427648,0.00037850367,0.00023968685
16992,0.0021322616,0.13262685,0.0007408056,0.0003077431,0.00017536995
16993,0.001477943,0.06348236,0.00030061635,0.0002216781,0.00026530237
16994,0.003429604,0.03861093,8.547617e-05,0.00015476662,4.870464e-05
16995,0.0033766122,0.051367506,0.00026530237,0.0001673405,0.0004029052
16996,0.002693914,0.071981624,0.00020027377,0.0012160416,0.00090396777
16997,0.0011247575,0.026506126,0.0021997981,0.00050333556,0.00024729347
16998,0.0014158707,0.0085443305,0.0011291547,0.0004859561,0.0002824081
16999,0.012053779,0.07935289,0.0007350449,0.00021995338,0.0001673405
17000,0.00035557945,0.100348406,0.0027683855,0.0005420927,0.00018093576
17001,0.00053161324,0.07146149,0.0009850083,0.00026530237,0.00033535014
17002,0.0017007225,0.011597362,0.005343256,0.0005747862,0.00018522576
17003,0.0029008575,0.07850098,0.0009110512,8.68221e-05,0.00013873412
17004,0.0007524628,0.0074030147,0.00085924764,0.0011247575,9.09884e-05
17005,0.00035419365,0.033336826,0.00109019,0.0006589401,0.00027372167
17006,0.0006932423,0.14965561,0.00018378456,0.001477943,0.0002758679
17007,0.00060471025,0.008511303,0.0012018913,0.0037948343,0.00028910325
17008,0.0006411777,0.0079997545,0.0021405893,0.009783876,0.00014425986
17009,0.000110611596,0.040313438,0.0014607495,0.0007041516,0.00024536948
17010,0.00041894842,0.027014792,0.8234704,0.0002758679,8.092757e-05
17011,0.00015000567,0.038538497,0.75725627,0.001264422,0.00013238186
17012,0.0005442133,0.014842416,0.8958876,0.0067975316,0.0019192374
17013,0.001507049,0.04410091,0.87610537,0.0011925492,0.00081993215
17014,0.0007524628,0.03191915,0.65035623,0.004133968,0.00014313738
17015,0.00022693386,0.015130728,0.81167597,0.0023781238,0.0011116682
17016,0.0003175088,0.03963884,0.84695786,0.0015548134,0.00036543285
17017,0.00025118678,0.03971326,0.96961325,0.0047183693,0.0006487308
17018,0.00012632043,0.023734685,0.8518296,0.00040924744,0.00071244594
17019,0.0025114634,0.20785716,0.78825736,0.010368157,0.00094361923
17020,0.00048029725,0.19620942,0.7483523,0.0058653383,6.553816e-05
17021,0.0003150387,0.1187934,0.6312534,0.08834723,7.782753e-05
17022,0.00015598028,0.12002562,0.8062431,0.086632065,4.832564e-05
17023,0.000110611596,0.087563835,0.9329437,0.03061778,0.00044945232
17024,0.0003459916,0.0067188703,0.7337381,0.065365784,0.00021654405
17025,0.0003327413,0.2989005,0.83575183,0.026861202,9.1701964e-05
17026,0.0035657366,0.023599293,0.8251675,0.007785655,7.662102e-05
17027,0.0003029734,0.093678005,0.5099627,0.0262553,0.00079783343
17028,0.00024729347,0.017375665,0.9263037,0.073164724,0.00043733438
17029,0.00045297583,0.03615194,0.7967673,0.06979492,0.0009110512
17030,3.734357e-05,0.03120282,0.8370879,0.15304215,0.0015188508
17031,0.00050333556,0.0016166499,0.8031738,0.015967654,0.0006771943
17032,0.0002846224,0.0006166297,0.92683524,0.09041373,0.0017961492
17033,0.00020342697,0.00043563012,0.16118816,0.038466193,0.00048029725
17034,0.00032250723,0.00026530237,0.8938666,0.024516335,0.00020662983
17035,0.00021318757,0.00047656128,0.6232622,0.046119746,0.00027803096
17036,0.0025809042,0.0005112579,0.8022459,0.046899255,0.00081993215
17037,0.00039977103,0.00046371284,0.7704648,0.02665774,0.003707253
17038,0.0001896174,0.0032099616,0.78530854,0.06644793,0.0011832798
17039,0.00023050673,0.00044945232,0.80882335,0.053700306,0.0006771943
17040,5.0250615e-05,0.00402291,0.85717136,0.007876706,0.0003487043
17041,0.0013045066,0.000310156,0.4397173,0.025178842,0.0071214284
17042,0.0005152657,0.0003327413,0.9274948,0.02784845,0.0017683518
17043,0.0004339325,0.0017409837,0.90878,0.15726623,0.25795195
17044,0.0015731122,0.00065126823,0.8677098,0.08586246,0.03711691
17045,0.0008830458,0.0006959537,0.87256473,0.076683804,0.040922303
17046,0.00026119032,5.874842e-05,0.8720208,0.036700353,0.13206616
17047,0.00037702857,0.0014381354,0.89460546,0.013222822,0.014392336
17048,0.00060945016,0.0023231625,0.91117966,0.025809623,0.023962023
17049,8.092757e-05,0.0013993983,0.83155376,0.1816984,0.072374016
17050,0.0002551414,0.002521268,0.9240048,0.033972,0.14584377
17051,0.0006386796,0.0006411777,0.8206132,0.030100338,0.003324437
17052,0.0024534282,0.00046734812,0.6176856,0.008219693,0.024099445
17053,0.00022693386,0.0013045066,0.6837363,0.037467506,0.08961382
17054,0.00066670234,0.00057703455,0.90582335,0.022715755,0.086632065
17055,0.0005233757,0.00020027377,0.8240375,0.051177494,0.047602657
17056,0.0044165556,0.0002287133,0.7749242,0.012288597,0.031678624
17057,0.0074317735,0.00074661145,0.8559716,0.07992552,0.08803312
17058,0.0037217087,0.00017400544,0.6725468,0.013325147,0.06681232
17059,0.0013096057,0.0013354007,0.7025301,0.1765296,0.026155617
17060,0.0027469008,0.0003125878,0.8198933,0.08449275,0.08601588
17061,0.00058611616,0.0031850608,0.89199936,0.1066906,0.0973904
17062,0.001107339,0.0008328334,0.7636601,0.0039148238,0.08181271
17063,0.0035518846,0.00013982208,0.84504944,0.03044435,0.045352582
17064,0.0012448432,0.0019117695,0.22575782,0.074500255,0.036908064
17065,0.0011160142,0.0012160416,0.89274967,0.11992252,0.07382971
17066,0.0023231625,0.00040133507,0.7331653,0.034488525,0.0269635
17067,0.0025608707,0.6934729,0.661267,0.07146149,0.12273334
17068,0.007232764,0.8056322,0.59519845,0.037538007,0.14990433
17069,0.31195065,0.91274774,0.94261247,0.021491766,0.13986565
17070,0.057705317,0.48373985,0.9374402,0.02870708,0.016090874
17071,0.060418423,0.90295243,0.9537082,0.0075479234,0.054098696
17072,0.14069006,0.6978149,0.8996516,0.022414217,0.024516335
17073,0.124425635,0.86960393,0.4066263,0.019456575,0.07382971
17074,0.08137364,0.80486643,0.8264319,0.19042274,0.02215887
17075,0.010818449,0.56247693,0.60141796,0.23039988,0.18126321
17076,0.022457052,0.9152046,0.8253083,0.012722708,0.10230471
17077,0.05033063,0.6568784,0.7864589,0.04232459,0.10502681
17078,0.03527755,0.83960253,0.91550726,0.036977556,0.009746104
17079,0.060418423,0.75904685,0.9158089,0.08678673,0.015014749
17080,0.0087791085,0.4797017,0.79518133,0.0996453,0.02215887
17081,0.04560694,0.76454014,0.5227352,0.052037824,0.038756195
17082,0.03302355,0.5140649,0.8057851,0.013222822,0.06766981
17083,0.037047166,0.61797386,0.8992984,0.00078241405,0.17539679
17084,0.03197956,0.45211253,0.91102153,0.0123361,0.045015533
17085,0.027585283,0.53458214,0.607605,0.0023141264,0.02025469
17086,0.05023736,0.8614217,0.82615143,0.0006190417,0.08616956
17087,0.08225395,0.30146486,0.7105279,0.0043994132,0.041539967
17088,0.06979492,0.79565805,0.7841538,0.0018102111,0.09687654
17089,0.026861202,0.5499126,0.6356749,0.0008263576,0.034100424
17090,0.04232459,0.5927255,0.8785229,0.000117744596,0.0139557095
17091,0.08210663,0.45880336,0.7133318,0.001107339,0.046724956
17092,0.045268092,0.68331385,0.73392886,0.00023413582,0.023916386
17093,0.0262553,0.89606965,0.5792219,0.0053849383,0.033526164
17094,0.23370637,0.8713654,0.5393472,0.0009362828,0.025035424
17095,0.023779983,0.73411953,0.42202815,0.0013723687,0.0005193049
17096,0.006265534,0.7352616,0.4965268,0.00013982208,0.0008040859
17097,0.007204769,0.7140302,0.7829945,0.0023051251,8.614651e-05
17098,0.04069295,0.8992984,0.6517983,8.349628e-05,0.003337405
17099,0.01822929,0.4613808,0.3761647,0.004556114,0.00018093576
17100,0.15960999,0.88100195,0.6754436,0.0017409837,0.0008559007
17101,0.018761083,0.7322091,0.79549927,0.00025118678,0.0020911063
17102,0.01836964,0.83815056,0.37817198,0.00059302105,0.001591626
17103,0.021948254,0.6841585,0.8440237,0.0013250224,0.00033535014
17104,0.01621503,0.45450243,0.20609398,0.002822833,0.003429604
17105,0.026607107,0.5350377,0.6167627,0.0013723687,0.0004076526
17106,0.0040701376,0.65885663,0.68773484,0.0017140384,0.00026738262
17107,0.0057525453,0.65168744,0.745954,0.00030534892,0.000310156
17108,0.1229438,0.5772571,0.71452844,0.00044076296,0.00025714198
17109,0.089136936,0.55727315,0.513455,0.0006878511,0.0005112579
17110,0.008478402,0.51312715,0.81077874,0.0010484692,0.00044945232
17111,0.034036152,0.79755676,0.82432055,0.00023413582,0.00037850367
17112,0.012673736,0.75328517,0.6934729,0.0006000072,0.004848533
17113,0.14438997,0.91321325,0.7440989,0.0002082501,0.0007916296
17114,0.036977556,0.48319113,0.32327327,0.0003459916,0.00095101306
17115,0.072374016,0.7552762,0.5526906,0.00059071044,0.002019014
17116,0.075858176,0.43422136,0.50849074,0.0007379196,0.0005703157
17117,0.028220989,0.6800292,0.87716144,0.0007379196,0.00021152887
17118,0.04023794,0.67458665,0.61236763,0.0004322415,0.0008072305
17119,0.01461567,0.7862948,0.51137346,0.0009888597,0.001284308
17120,0.001294368,0.8850366,0.83508044,0.0010403185,0.0003393018
17121,0.008813166,0.7966091,0.708616,0.0007524628,0.0021157034
17122,0.002673006,0.7559974,0.9038049,0.0024060889,0.0012160416
17123,0.0070664007,0.26798248,0.7823301,0.005911069,0.00025315638
17124,0.0010944522,0.4887409,0.7089184,0.0018602987,0.0016809418
17125,0.00079783343,0.3414727,0.7727022,0.0008559007,0.0006436856
17126,0.0034970103,0.34323168,0.41069716,0.00028685408,0.00062389387
17127,0.0009888597,0.81449586,0.8906752,0.0008830458,0.0008796062
17128,0.0016293088,0.67779404,0.77218723,0.00010229985,0.00017813111
17129,0.0022606407,0.5226286,0.86703575,0.0006462033,0.0010282109
17130,0.0006000072,0.6880493,0.3929773,0.00039977103,0.00055062474
17131,0.0016229671,0.63250273,0.74945414,0.0007524628,0.00044076296
17132,0.00039511538,0.85342485,0.86223567,0.0014664583,0.7232117
17133,0.0019723359,0.6387226,0.8091252,0.00094361923,0.9231778
17134,0.00039666123,0.46845627,0.9097468,0.6621414,0.7992857
17135,0.0007793661,0.71452844,0.73278314,0.7134316,0.7554566
17136,0.0019418169,0.4795494,0.3031126,0.6532375,0.6964747
17137,0.00033797944,0.49072373,0.8976953,0.71790266,0.91505283
17138,0.00046552691,0.8493474,0.88778967,0.6305712,0.8348113
17139,0.0025809042,0.74502754,0.6814089,0.96903247,0.38577956
17140,0.0005953407,0.63250273,0.89823216,0.91505283,0.55145293
17141,0.0005233757,0.4358415,0.76383626,0.6769403,0.73659015
17142,0.0005747862,0.8394709,0.9716717,0.7854732,0.76629364
17143,0.0011879054,0.9180404,0.93257624,0.9589241,0.4757575
17144,0.0008295892,0.69035035,0.6322757,0.684264,0.93686515
17145,0.00042388475,0.7992857,0.6619229,0.6782204,0.4482753
17146,0.0014895174,0.95861524,0.92455155,0.8109285,0.4857522
17147,0.00069054146,0.8504686,0.70426184,0.8197491,0.7180016
17148,0.00094361923,0.40115985,0.7821637,0.56949353,0.7757747
17149,0.00012436225,0.48221576,0.4112882,0.4704325,0.64556694
17150,0.00010391067,0.9437636,0.57212526,0.5885344,0.67672676
17151,0.00016997529,0.7833262,0.8665848,0.7685595,0.77814394
17152,0.0004994205,0.69832945,0.8474635,0.734691,0.79310596
17153,0.005099818,0.7778066,0.03296124,0.61895317,0.82741016
17154,0.00060471025,0.407805,0.013325147,0.3712506,0.8794577
17155,0.000621463,0.55883867,0.1360335,0.60474914,0.85034436
17156,0.0007379196,0.3579041,0.024376597,0.7900447,0.8587186
17157,0.003442981,0.5053785,0.023197627,0.74372685,0.76629364
17158,0.0013939502,0.6695288,0.007846239,0.6594051,0.8830344
17159,0.003960788,0.52710354,0.01621503,0.7040584,0.83237296
17160,0.00066670234,0.16694686,0.02178117,0.73545164,0.8409133
17161,0.0019955386,0.5669179,0.01384861,0.7079098,0.7876047
17162,0.0003327413,0.45831838,0.018334452,0.7111301,0.71032697
17163,0.0010282109,0.4084537,0.011115014,0.48114908,0.8774768
17164,0.0045208177,0.314682,0.015906392,0.5696731,0.9384633
17165,0.0019418169,0.8581252,0.009522486,0.88875884,0.5533243
17166,0.00055062474,0.5718862,0.0119150225,0.78082967,0.5812437
17167,0.0007350449,0.52374005,0.015663648,0.6761924,0.8414352
17168,0.65588725,0.4499968,0.012241275,0.77982527,0.43797374
17169,0.93379396,0.86737317,0.026607107,0.7177049,0.89368117
17170,0.87321484,0.86601925,0.021165619,0.8556101,0.74871993
17171,0.7692537,0.9352283,0.0031850608,0.920218,0.88875884
17172,0.7631309,0.4608348,0.010408314,0.8255897,0.81655276
17173,0.9078038,0.66985285,0.020449394,0.9437636,0.767167
17174,0.95806944,0.8092759,0.017375665,0.8842393,0.92643696
17175,0.6489114,0.4559252,0.031678624,0.7150262,0.9027811
17176,0.70598775,0.77662295,0.016152835,0.8113773,0.80084777
17177,0.828523,0.57517046,0.034164816,0.65808797,0.77848095
17178,0.7188905,0.72115445,0.0025016968,0.7829945,0.6217706
17179,0.5714079,0.7577944,0.0027044292,0.8031738,0.91102153
17180,0.8844391,0.8912444,0.012970386,0.71967924,0.7189892
17181,0.29533154,0.8923751,0.006168995,0.8868131,0.8407826
17182,0.6758716,0.73545164,0.0047183693,0.4312848,0.92892635
17183,0.8547634,0.48352647,0.0057749297,0.36658973,0.97539
17184,0.8398654,0.89552265,0.00519988,0.5834407,0.82573026
17185,0.42298123,0.49394253,0.0154839875,0.7895584,0.70679796
17186,0.7699463,0.34114337,0.002225671,0.4901365,0.7779754
17187,0.48576736,0.82032555,0.0065388246,0.53731453,0.8224745
17188,0.5533243,0.6127153,0.01572399,0.65367985,0.72036827
17189,0.6426568,0.77881753,0.011687257,0.8548847,0.8159669
17190,0.5780314,0.68246794,0.024191486,0.82824534,0.8092759
17191,0.8112278,0.8749346,0.025662705,0.8897206,0.7227227
17192,0.55278116,0.8322367,0.008030813,0.81375694,0.87386215
17193,0.7862948,0.86860406,0.0024438868,0.4502083,0.85536855
17194,0.9161096,0.73772544,0.002434382,0.8607207,0.7657686
17195,0.8916225,0.6808786,0.0034162789,0.744842,0.7379143
17196,0.51918614,0.7181993,0.010652511,0.8311431,0.84247476
17197,0.3835836,0.508689,0.001284308,0.6286354,0.70578504
17198,0.880797,0.742048,0.01627746,0.6962682,0.87321484
17199,0.8504686,0.75904685,0.23196201,0.597784,0.94261247
17200,0.86396646,0.93593454,0.23934935,0.90481883,0.97958976
17201,0.37341872,0.80363655,0.08993301,0.31647488,0.85269034
17202,0.46392995,0.9430336,0.42715776,0.83004373,0.7914989
17203,0.73659015,0.71492666,0.16954333,0.81420064,0.7558173
17204,0.74706274,0.27855107,0.053206205,0.7090191,0.7552762
17205,0.8830344,0.32906824,0.02763772,0.8840393,0.6145675
17206,0.5424997,0.51853096,0.12368282,0.5926666,0.77424216
17207,0.86188734,0.73659015,0.25870037,0.6490227,0.3310116
17208,0.91505283,0.71412987,0.23810701,0.58296597,0.4778892
17209,0.7727022,0.8687154,0.07303239,0.86177105,0.49605185
17210,0.7687332,0.8358858,0.101767845,0.6131787,0.7595823
17211,0.8838389,0.8705973,0.030908957,0.74502754,0.69035035
17212,0.7181004,0.6898282,0.09568694,0.20260091,0.6759785
17213,0.2384615,0.19961986,0.061311536,0.6654106,0.60247093
17214,0.7962924,0.7796575,0.045522004,0.8775817,0.761893
17215,0.71032697,0.690246,0.25795195,0.6807725,0.8957053
17216,0.86442494,0.80639565,0.14092636,0.41495812,0.9562273
17217,0.5393472,0.03767939,0.062216982,0.73278314,0.74945414
17218,0.8951567,0.012576348,0.13139597,0.938576,0.59490436
17219,0.7337381,0.12116485,0.24617071,0.906156,0.90312344
17220,0.62646705,0.016979992,0.18713269,0.6186652,0.9401336
17221,0.88582915,0.009485713,0.0121471705,0.8040984,0.6190684
17222,0.74871993,0.059319146,0.14151853,0.783823,0.6535693
17223,0.86647177,0.01812472,0.03027187,0.63329685,0.9158089
17224,0.7350715,0.0079997545,0.1991522,0.70089483,0.6893056
17225,0.77149934,0.0113756005,0.20689404,0.724578,0.87599933
17226,0.6677979,0.004905406,0.12765263,0.53376204,0.7898827
17227,0.89312315,0.030908957,0.08570928,0.44881877,0.7641884
17228,0.6328432,0.0038996208,0.036562506,0.73866904,0.7713272
17229,0.83359575,0.0035796429,0.02947941,0.76171577,0.8044059
17230,0.35510373,0.034749623,0.091544405,0.7483523,0.9265699
17231,0.9233162,0.037326887,0.27019128,0.8030194,0.9273633
17232,0.77982527,0.03711691,0.060086653,0.64957863,0.8576489
17233,0.81669897,0.017242778,0.14092636,0.5798763,0.7659437
17234,0.82147413,0.021084841,0.021084841,0.94154674,0.8057851
17235,0.5839153,0.05033063,0.091058284,0.89982784,0.9549004
17236,0.70831347,0.047958102,0.07531231,0.71253234,0.7962924
17237,0.6491339,0.027690258,0.026006786,0.7227227,0.80700475
17238,0.9503189,0.0085443305,0.056444027,0.63815904,0.8106289
17239,0.9158089,0.009559399,0.08601588,0.73848045,0.88363826
17240,0.6575384,0.009090384,0.09351231,0.66562796,0.42476985
17241,0.8804891,0.0060503976,0.14804721,0.77081,0.82782817
17242,0.7518304,0.01822929,0.04352814,0.93674946,0.772359
17243,0.9617499,0.0035936027,0.057281975,0.7444706,0.7401744
17244,0.6802417,0.018546565,0.08359067,0.8047131,0.6281794
17245,0.8348113,0.0029008575,0.041384716,0.2902762,0.68363076
17246,0.70932126,0.003649987,0.12357699,0.91212356,0.77848095
17247,0.47906193,0.013325147,0.13409412,0.6253237,0.7783125
17248,0.81331253,0.009859855,0.18010667,0.817283,0.74521303
17249,0.52789456,0.016466174,0.4294892,0.8525676,0.8700462
17250,0.53367084,0.044680867,0.4876505,0.8844391,0.6735139
17251,0.3782294,0.047425874,0.099996306,0.5992507,0.6213112
17252,0.21584621,0.010368157,0.12721828,0.6894102,0.6657367
17253,0.572663,0.050988145,0.0009966077,0.5852789,0.96498734
17254,0.6725468,0.001882186,0.0012743262,0.7543726,0.8022459
17255,0.76960015,0.06348236,0.0008167381,0.7360213,0.95846003
17256,0.8906752,0.019756919,0.00041731575,0.55187565,0.8694931
17257,0.80193585,0.0042646346,0.0003366622,0.80332816,0.8198933
17258,0.91565824,0.008677716,0.00089693937,0.7527403,0.64924514
17259,0.9492946,0.032651376,0.001507049,0.49714088,0.7092205
17260,0.87568074,0.030967517,0.0010944522,0.7442848,0.8625833
17261,0.3829488,0.0070390454,0.0004076526,0.73278314,0.7106283
17262,0.61219376,0.16708273,0.0010403185,0.9585377,0.70821255
17263,0.9237301,0.007968815,0.0010242064,0.39146408,0.81286734
17264,0.9273633,0.0029008575,0.00053369283,0.90894175,0.8198933
17265,0.61149794,0.0063635735,8.957789e-05,0.7713272,0.6659539
17266,0.6076632,0.0039300853,0.0014664583,0.5005355,0.65577704
17267,0.754915,0.016721142,0.0018315102,0.60077405,0.73866904
17268,0.9493885,0.020061802,0.0014381354,0.40321434,0.5103287
17269,0.85931,0.0053849383,0.00046371284,0.7994423,0.01784874
17270,0.9175984,0.5564297,0.00041731575,0.83534926,0.04451443
17271,0.655336,0.30404165,0.0003327413,0.70354944,0.01450358
17272,0.7407374,0.0527164,0.00019411318,0.7864589,0.08464396
17273,0.7916601,0.2919893,0.002521268,0.3636469,0.08740792
17274,0.73810315,0.09285216,0.0013885233,0.7256486,0.049405243
17275,0.72115445,0.14940724,0.00035557945,0.77814394,0.017509557
17276,0.6676896,0.12315455,0.0015367271,0.81242126,0.057176597
17277,0.60445726,0.12252322,0.00042554305,0.81316423,0.016979992
17278,0.8653379,0.044764314,0.0010242064,0.6810908,0.021409769
17279,0.7937462,0.11066323,0.0012743262,0.058024745,0.009485713
17280,0.7177049,0.13184243,0.00013658353,0.010408314,0.011687257
17281,0.66909647,0.064535476,0.0009362828,0.008124708,0.007695647
17282,0.44248596,0.20149879,8.68221e-05,0.049130786,0.026708463
17283,0.8828326,0.018761083,0.00038147115,0.0075187176,0.019382192
17284,0.5699125,0.052230857,0.0005420927,0.012576348,0.068288535
17285,0.34125313,0.24526574,0.00017130819,0.04418332,0.12907304
17286,0.80821866,0.1884733,0.00039204178,0.005685907,0.043284845
17287,0.8085212,0.109705776,6.402006e-05,0.046899255,0.013480103
17288,0.4613201,0.14633106,0.0002287133,0.024053553,0.041384716
17289,0.74298155,0.25460163,0.0012693645,0.008348054,0.015424552
17290,0.7331653,0.08819004,0.00057703455,0.03289904,0.04369106
17291,0.8709269,0.20866227,0.00035836728,0.01461567,0.004297939
17292,0.6907677,0.17175469,0.00032250723,0.026861202,0.02013874
17293,0.66530186,0.12002562,0.00048217614,0.020371294,0.014447852
17294,0.46517485,0.12754393,0.0001673405,0.012970386,0.021615332
17295,0.908618,0.155591,0.00032250723,0.024516335,0.01584536
17296,0.7152251,0.14792407,0.0010202174,0.007785655,0.013222822
17297,0.32231265,0.3366581,0.6420959,0.03963884,0.023286305
17298,0.783823,0.30125925,0.57731664,0.026405517,0.005641909
17299,0.56202626,0.12819736,0.78199726,0.012053779,0.0073173973
17300,0.014785407,0.06255973,0.44146228,0.0087791085,0.015424552
17301,0.014117893,0.16291204,0.61952883,0.010368157,0.012383785
17302,0.008610767,0.085251234,0.6706083,0.022672439,0.01384861
17303,0.044931643,0.11797801,0.85633236,0.012920474,0.007489625
17304,0.03038675,0.068787284,0.7831604,0.009449081,0.05005131
17305,0.007176882,0.013222822,0.40180516,0.002019014,0.02800752
17306,0.01784874,0.09041373,0.17469168,0.014842416,0.02072506
17307,0.020567095,0.02096424,0.62234455,0.007665875,0.013273886
17308,0.037608635,0.21386933,0.53773934,0.013636836,0.0416178
17309,0.04995852,0.0930168,0.5366772,0.0128707485,0.0038543637
17310,0.0017891593,0.08819004,0.3697701,0.016403032,0.0085443305
17311,0.0035106493,0.024099445,0.7156228,0.029873092,0.061649624
17312,0.023286305,0.051462766,0.7444706,0.015130728,0.012194132
17313,0.034036152,0.032405518,0.48440298,0.015365342,0.004133968
17314,0.019794779,0.085251234,0.8656789,0.008478402,0.003004343
17315,0.046724956,0.07290027,0.3260568,0.05155819,0.043772742
17316,0.030329255,0.21141681,0.74632394,0.011961099,0.010368157
17317,0.034358688,0.4143063,0.61929864,0.014009566,0.11636177
17318,0.014899643,0.22270013,0.5758862,0.019719128,0.029986508
17319,0.011732464,0.13117322,0.82824534,0.009746104,0.0019043302
17320,0.021864556,0.107250325,0.29007506,0.008445627,0.0021405893
17321,0.056236345,0.16721867,0.68573904,0.07409726,0.0021074724
17322,0.05042407,0.014447852,0.42357722,0.08181271,0.3706809
17323,0.008644178,0.0996453,0.40080798,0.0057302467,0.09619517
17324,0.009596455,0.18417984,0.7218412,0.18257122,0.31721473
17325,0.015130728,0.024656856,0.67683357,0.041384716,0.15934819
17326,0.009055264,0.1360335,0.77304506,0.13006426,0.16026603
17327,0.009670992,0.0006771943,0.5813625,0.124000706,0.035144847
17328,0.0073173973,0.0007321813,0.66257817,0.017576884,0.15856485
17329,0.015424552,0.00048785712,0.7699463,0.034358688,0.059319146
17330,0.03429395,0.0003726377,0.82824534,0.012624949,0.24256428
17331,0.01584536,0.00041731575,0.7967673,0.040464837,0.14235108
17332,0.021739595,0.00017536995,0.22781274,0.30704626,0.28407922
17333,0.01665704,0.00052542303,0.85848147,0.17398883,0.20165595
17334,0.011823394,0.0008167381,0.73866904,0.020685459,0.16424818
17335,0.025371311,0.0009966077,0.5780314,0.2656899,0.15215817
17336,0.0025608707,0.0009547317,0.6978149,0.16981852,0.3316607
17337,0.00698465,0.0015487612,0.4511149,0.18140818,0.18111832
17338,0.007636216,0.00026119032,0.73885757,0.13546066,0.21717146
17339,0.024191486,0.0013511209,0.29533154,0.23109324,0.1504028
17340,0.014899643,0.00078547397,0.62589556,0.19837458,0.41721213
17341,0.009898064,0.00054847926,0.80240077,0.082549304,0.07821887
17342,0.027585283,0.00014539114,0.60241246,0.08449275,0.15520647
17343,0.011288074,0.00037555923,0.8268516,0.23651622,0.07544843
17344,0.074365705,0.005060332,0.39905027,0.030214587,0.13352817
17345,0.0913821,0.0002551414,0.12357699,0.2338813,0.16981852
17346,0.07004896,0.0008072305,0.524212,0.14057204,0.3782294
17347,0.2812082,0.0015854308,0.7227227,0.22017473,0.10837754
17348,0.09434342,0.00029827765,0.4601979,0.14187485,0.35734323
17349,0.05042407,0.00022516825,0.3918131,0.018299332,0.08449275
17350,0.060640547,0.0003077431,0.6817268,0.13614832,0.13466208
17351,0.07765744,0.00053161324,0.73163426,0.069668226,0.10631887
17352,0.04751419,0.00044421837,0.7301937,0.062216982,0.11221036
17353,0.10576342,0.00012632043,0.7913377,0.060086653,0.25423113
17354,0.24926445,0.0005420927,0.6266955,0.04023794,0.101767845
17355,0.1133831,0.0009362828,0.6773673,0.08740792,0.08882029
17356,0.048676573,0.00028685408,0.57642275,0.2043419,0.023197627
17357,0.23828422,0.0013564017,0.71383077,0.24526574,0.45562246
17358,0.1322902,0.0012594986,0.31689754,0.13614832,0.07423137
17359,0.08181271,0.00036973887,0.70365125,0.3625177,0.03138043
17360,0.36037648,0.0022083889,0.38543248,0.13660839,0.11357959
17361,0.02508314,0.0006361912,0.7000752,0.26683462,0.064653486
17362,0.20134172,0.0004424873,0.60667324,0.14755519,0.017917344
17363,0.05572029,5.104191e-05,0.36647636,0.27009502,0.14499426
17364,0.076407686,0.00030534892,0.6157235,0.1887722,0.0434469
17365,0.02199022,0.00013658353,0.83128005,0.09619517,0.04401865
17366,0.033462934,0.0006878511,0.7312505,0.124638565,0.101767845
17367,0.16789974,0.65201986,0.74761593,0.23493282,0.06267437
17368,0.05738754,0.6293191,0.5495198,0.018264277,0.076683804
17369,0.16398026,0.79613405,0.7754348,0.25590113,0.28378138
17370,0.30746198,0.5116937,0.82768893,0.11299101,0.124638565
17371,0.31478733,0.90582335,0.5206334,0.07303239,0.053206205
17372,0.10070161,0.5630776,0.5569117,0.0005274784,0.22236224
17373,0.15674923,0.8322367,0.9680205,0.00041084853,0.27009502
17374,0.17924304,0.88602656,0.7444706,0.00039977103,0.13072868
17375,0.12220858,0.26095408,0.6725468,8.220189e-05,0.12095703
17376,0.053206205,0.5179062,0.55718285,0.00081038737,0.07765744
17377,0.065604836,0.6004227,0.6548947,0.00066670234,0.14706452
17378,0.074500255,0.6592955,0.80837,0.00016474655,0.026506126
17379,0.11476479,0.5805304,0.7318259,9.3145936e-05,0.14854057
17380,0.06717858,0.7422349,0.6738359,0.0007321813,0.1066906
17381,0.18653922,0.8933094,0.51728135,0.00028021098,0.16184944
17382,0.0658447,0.7547343,0.25851312,0.00071244594,0.107250325
17383,0.254787,0.48974758,0.10302442,0.0013250224,0.00069054146
17384,0.064535476,0.47536173,0.258326,0.0015367271,0.001012286
17385,0.1510278,0.6598436,0.8305941,0.0016166499,0.00023597175
17386,0.06766981,0.8797679,0.51450706,0.0012018913,0.00036400868
17387,0.1229438,0.8385476,0.4906475,0.00071802974,0.000119598575
17388,0.0016613906,0.6172243,0.83642095,0.00072648755,0.00026119032
17389,0.0016103574,0.6567684,0.80348235,0.002521268,6.0613183e-05
17390,0.001032231,0.580352,0.6260099,0.00042720788,0.00043733438
17391,0.00023782204,0.7953404,0.729327,0.001032231,0.00023050673
17392,0.00015236755,0.6425446,0.7435406,0.0009362828,0.0003726377
17393,0.00019716943,0.8596637,0.75036985,0.0002287133,0.00040448149
17394,0.00032250723,0.8722386,0.21917035,0.00072932884,0.00030534892
17395,0.0005295418,0.69760895,0.45853055,0.0027255826,0.0008328334
17396,0.00035557945,0.34687307,0.8113773,0.00075835997,0.0015854308
17397,0.0001168284,0.80147004,0.33785862,0.00078547397,0.0005072813
17398,0.0008693674,0.81405276,0.79549927,0.00095101306,0.0003459916
17399,0.00095846487,0.3733045,0.6547844,0.00025118678,0.0005274784
17400,0.00024346048,0.73810315,0.888372,0.0004859561,0.0010242064
17401,0.0007916296,0.5955514,0.15908672,9.915273e-05,0.0003175088
17402,0.00045297583,0.6441132,0.20737518,0.00016219282,0.0017961492
17403,0.0004859561,0.636692,0.2852724,0.00030534892,9.993032e-05
17404,0.0003799845,0.52503395,0.68647516,0.00010229985,0.00039511538
17405,0.0002287133,0.6525736,0.6389479,0.0004840624,6.352189e-05
17406,0.0005092657,0.64579034,0.6238353,0.0003029734,0.00023050673
17407,0.0054905633,0.7216451,0.5149644,0.0029008575,0.00021152887
17408,0.0016549242,0.6463486,0.29310086,0.00046734812,0.00044945232
17409,0.00044595622,0.7718435,0.6331834,0.0003275843,0.00020502214
17410,0.00022693386,0.86442494,0.9164094,0.0015854308,0.00014883849
17411,0.00026119032,0.5354628,0.74316794,0.00048217614,0.0006798429
17412,0.00039204178,0.7031419,0.28947213,0.00034464317,5.9209164e-05
17413,0.00058840885,0.8369547,0.49982035,0.0010525686,0.00020502214
17414,0.0003740956,0.82573026,0.6176856,0.0010162441,0.002673006
17415,0.00092178053,0.8978745,0.5805304,0.00027159214,0.0004424873
17416,0.0018748617,0.66137636,0.8053262,0.0011380006,0.00013765463
17417,0.00091819005,0.64946747,0.5551338,0.0006337125,0.00059071044
17418,0.000720838,0.5186833,0.3454364,0.79358625,0.00028021098
17419,0.0025409926,0.7134316,0.3287449,0.7776378,0.00040448149
17420,0.00033015272,0.89947516,0.6729768,0.8221891,0.51636684
17421,0.00055494095,0.9257686,0.84619683,0.8539127,0.5733799
17422,0.0004994205,0.8720208,0.648355,0.5920771,0.69699055
17423,0.000104725565,0.63736945,0.7496374,0.708616,0.7221353
17424,0.0007152324,0.47776732,0.537011,0.80639565,0.6868954
17425,5.7387595e-05,0.6810908,0.61335236,0.41460252,0.35824078
17426,0.00015967865,0.58207536,0.6326163,0.69388795,0.5104508
17427,0.0013045066,0.8146434,0.65201986,0.52276564,0.43722266
17428,0.00023413582,0.5963156,0.64924514,0.43050647,0.73696893
17429,0.0009773504,0.43500128,0.18374003,0.5941392,0.30590463
17430,0.71032697,0.5853975,0.0013045066,0.6702846,0.6402986
17431,0.8795612,0.5023307,0.00018522576,0.254787,0.34224167
17432,0.50813985,0.45725787,0.0008459375,0.8352149,0.84556025
17433,0.58693725,0.28766775,0.00023231418,0.51203686,0.7711549
17434,0.84286314,0.13161905,0.00042388475,0.13869494,0.8262917
17435,0.6570985,0.5927255,0.00096975197,0.26265267,0.81242126
17436,0.6887825,0.7010995,0.00019110432,0.6052159,0.9313377
17437,0.74576885,0.8248855,0.00027159214,0.5569117,0.43320197
17438,0.6036398,0.5969619,0.0005092657,0.09636511,0.7060891
17439,0.77029204,0.50412357,0.0017409837,0.30167055,0.6327297
17440,0.8868131,0.7237002,0.00021485926,0.56529874,0.8168451
17441,0.9267028,0.375821,0.0003366622,0.7505527,0.29634872
17442,0.46411213,0.56385833,0.0006959537,0.51682407,0.48093572
17443,0.729327,0.51420975,0.00016219282,0.45562246,0.47572708
17444,0.7277821,0.43800378,0.00054847926,0.5245469,0.7079098
17445,0.70201963,0.37811458,0.0004994205,0.66562796,0.83359575
17446,0.36602303,0.63091236,0.00033797944,0.568296,0.28616926
17447,0.42459092,0.72865176,0.0002098831,0.72865176,0.81227237
17448,0.49942827,0.59690315,0.00024536948,0.57332015,0.7728737
17449,0.71760595,0.36908767,0.0034698907,0.7064943,0.34334174
17450,0.56487876,0.20275873,8.415109e-05,0.69378424,0.7107287
17451,0.5357968,0.25460163,0.00017952797,0.4369223,0.70140636
17452,0.6400736,0.6769403,0.00021318757,0.3925697,0.7570767
17453,0.8251675,0.84530497,0.00016865275,0.6831025,0.36886024
17454,0.43122488,0.6215983,0.0011424496,0.8053262,0.5139505
17455,0.7105279,0.88161486,0.0008231386,0.24580847,0.84221536
17456,0.67071617,0.4713297,0.0010525686,0.7371582,0.7678639
17457,0.6187228,0.53082937,4.264747e-05,0.49929333,0.70911986
17458,0.6369179,0.9253649,0.00060471025,0.55929005,0.5535958
17459,0.7392342,0.87386215,0.00084264233,0.16224726,0.91730267
17460,0.8091252,0.6203342,0.0012448432,0.72301626,0.6526843
17461,0.8446654,0.5113506,0.00036400868,0.24908175,0.5020313
17462,0.7588682,0.5664982,0.0022606407,0.60667324,0.6858443
17463,0.77848095,0.8130158,0.0004840624,0.47219667,0.8394709
17464,0.85427785,0.8062431,0.00035143827,0.68920106,0.83775276
17465,0.35108855,0.92683524,0.00017265156,0.37639388,0.4174496
17466,0.47479856,0.84619683,0.0001465313,0.7044652,0.78082967
17467,0.39326853,0.46824348,0.00081355654,0.5780909,0.76454014
17468,0.39624333,0.6550051,9.387641e-05,0.22627032,0.52010024
17469,0.85633236,0.5185919,0.0008328334,0.42054012,0.45292914
17470,0.7424217,0.7061904,0.908618,0.23952718,0.8474635
17471,0.5799952,0.58894825,0.9691495,0.69832945,0.94261247
17472,0.69750595,0.60206157,0.9874236,0.83601975,0.89423656
17473,0.21321331,0.6694208,0.9950177,0.26435837,0.87578696
17474,0.80821866,0.9425068,0.77304506,0.5160772,0.48771918
17475,0.5850419,0.2858701,0.8957053,0.8200375,0.37937838
17476,0.74576885,0.47367242,0.98588216,0.48742178,0.57648236
17477,0.5253688,0.7003827,0.9267028,0.5785077,0.9404625
17478,0.77932185,0.82261705,0.9026096,0.37708178,0.20513691
17479,0.82104415,0.254787,0.9622497,0.63860995,0.289874
17480,0.5680564,0.71790266,0.88038635,0.53040373,0.30280325
17481,0.831006,0.32487765,0.80115914,0.5911333,0.25813895
17482,0.55935025,0.723993,0.84208554,0.2726051,0.21255878
17483,0.7168137,0.37828684,0.92359227,0.85669243,0.38168037
17484,0.51448417,0.6173973,0.9628831,0.7829945,0.22067817
17485,0.25367606,0.8333246,0.92262185,0.71977776,0.2860695
17486,0.84530497,0.6900372,0.9533619,0.52860945,0.6992544
17487,0.81873685,0.27845296,0.8520759,0.33111975,0.717507
17488,0.67896587,0.53458214,0.91978675,0.46812192,0.41406935
17489,0.23353152,0.4282334,0.9687381,0.32412842,0.60626537
17490,0.40186384,0.5101381,0.9768908,0.58154076,0.43812397
17491,0.5661385,0.7767923,0.91181,0.5684158,0.45565274
17492,0.6621414,0.41513595,0.8830344,0.33220208,0.20979328
17493,0.73659015,0.0008525666,0.9502266,0.6266955,0.81390494
17494,0.66257817,5.967352e-05,0.9531008,0.6893056,0.8899121
17495,0.43716258,0.0013777326,0.9059898,0.39981166,0.40644962
17496,0.57343954,0.0023596608,0.8949732,0.42620215,0.63000226
17497,0.81286734,0.0003726377,0.9811307,0.12678517,0.62738067
17498,0.44736975,0.0004156895,0.9675945,0.47764555,0.67875296
17499,0.5428936,0.0009773504,0.95695716,0.25795195,0.37840167
17500,0.37547746,0.00027372167,0.9384633,0.45601612,0.6592955
17501,0.62772304,0.00019716943,0.9617499,0.50118256,0.6757646
17502,0.85752964,0.0001634647,0.9407897,0.682891,0.4675141
17503,0.79310596,0.00018667821,0.98039377,0.49477404,0.45495644
17504,0.7422349,0.00022693386,0.95275027,0.88856554,0.41069716
17505,0.4435703,0.0002758679,0.9673486,0.42173043,0.8119744
17506,0.49298146,0.00026738262,0.93913656,0.49449942,0.62337685
17507,0.52472955,0.000865981,0.9650533,0.41543236,0.6715783
17508,0.60206157,0.000493605,0.97702265,0.3823144,0.51910996
17509,0.42584398,0.00048785712,0.94853723,0.72661966,0.68961924
17510,0.49237883,0.00018667821,0.9838472,0.60626537,0.6806664
17511,0.6490227,0.00030061635,0.9230392,0.39600974,0.46505344
17512,0.41483957,0.0003935756,0.9646559,0.63883525,0.33884242
17513,0.4181622,0.00017536995,0.89010334,0.14270912,0.7009972
17514,0.32928386,0.00029365462,0.9400236,0.83359575,0.5281228
17515,0.47769126,0.0004994205,0.7397986,0.6104535,0.54228765
17516,0.75868946,0.00038446192,0.9433476,0.49092963,0.5805304
17517,0.62010413,0.00021995338,0.7858021,0.5240293,0.6007155
17518,0.5246991,0.00021318757,0.96485513,0.8301815,0.21584621
17519,0.66377795,0.00015967865,0.8707073,0.586286,0.8234704
17520,0.6276089,0.000117744596,0.9451974,0.79581684,0.48899257
17521,0.6614857,0.00032503586,0.69750595,0.64074826,0.77424216
17522,0.4378235,0.00046734812,0.6897238,0.5943158,0.7088176
17523,0.7308665,0.0021405893,0.9147487,0.83359575,0.50767076
17524,0.26607114,0.00019716943,0.906156,0.7280721,0.7634837
17525,0.6817268,0.00025915826,0.98046875,0.21109138,0.7779754
17526,0.48589703,9.3145936e-05,0.9114953,0.7310586,0.50107765
17527,0.8393393,0.0002098831,0.8492225,0.57403666,0.74576885
17528,0.5409542,0.0001168284,0.9579909,0.70720255,0.0014493985
17529,0.65577704,0.000119598575,0.80639565,0.3431216,0.0002216781
17530,0.6591858,0.0003150387,0.97821885,0.5390439,0.00010804956
17531,0.47126883,6.605215e-05,0.9427181,0.9032942,0.00022693386
17532,0.70629174,0.0006337125,0.94757545,0.25367606,7.141902e-05
17533,0.34378222,0.0003487043,0.9323302,0.6095242,0.00034464317
17534,0.713132,0.00049553596,0.9695556,0.14669742,2.178265e-05
17535,0.8624676,0.00013765463,0.9803186,0.34620965,0.00081355654
17536,0.49740794,0.0025016968,0.93868846,0.4548051,0.00057703455
17537,0.5280619,0.0011247575,0.9405718,0.5563996,0.0001634647
17538,0.24059612,0.00032503586,0.9673486,0.12776141,0.00050137425
17539,0.86373675,0.00025118678,0.9856076,0.60358137,0.00025714198
17540,0.6598436,0.0007643033,0.99040353,0.66115755,0.0010005044
17541,0.8342719,0.8951567,0.97821885,0.58296597,0.0012160416
17542,0.22286923,0.9431384,0.883236,0.64957863,0.0004583129
17543,0.6999727,0.91655886,0.936285,0.52046585,4.7949583e-05
17544,0.56385833,0.88038635,0.92262185,0.7905303,0.0007643033
17545,0.6577583,0.86613256,0.9819447,0.55096984,0.00012436225
17546,0.33884242,0.97706646,0.97800976,0.8146434,0.0003125878
17547,0.4980145,0.9761292,0.97394365,0.55314326,0.00027159214
17548,0.6673645,0.83508044,0.9851576,0.29077944,0.00062389387
17549,0.71102977,0.9302051,0.7801604,0.2516477,0.00032250723
17550,0.5666781,0.94068086,0.59678566,0.0019646613,7.905304e-05
17551,0.0020033333,0.95589906,0.92643696,0.0005112579,0.00096975197
17552,0.000981172,0.9114953,0.8554893,0.0005399804,0.0003740956
17553,0.0003799845,0.9257686,0.86408126,0.0009362828,8.957789e-05
17554,0.00017265156,0.9730365,0.94796216,0.00036973887,0.0003406293
17555,0.00046190585,0.9570375,0.93306583,0.0003889921,0.00028910325
17556,0.0005420927,0.95783347,0.91102153,0.00024729347,0.0006070756
17557,0.0002959571,0.90878,0.7606507,0.00027372167,0.00050137425
17558,0.000493605,0.9658352,0.97140163,0.0004583129,0.00013238186
17559,0.00010310212,0.8701566,0.9768024,0.00044421837,8.68221e-05
17560,0.0007041516,0.9384633,0.89733595,0.0004565269,6.402006e-05
17561,0.0007408056,0.94901186,0.8474635,6.4522144e-05,0.00026323833
17562,0.00039204178,0.9403531,0.8828326,0.0006589401,0.000117744596
17563,0.0018602987,0.9444849,0.9257686,0.00020184422,0.00016603847
17564,8.888085e-05,0.976038,0.9516839,0.00019563535,0.00015000567
17565,0.0016166499,0.97863114,0.96814114,0.0003029734,0.0012594986
17566,0.0003029734,0.8510886,0.94699025,0.00012148176,7.254362e-05
17567,0.0014381354,0.938124,0.97838473,0.0012497094,0.00025714198
17568,0.00040924744,0.90894175,0.96518475,6.302759e-05,0.00023782204
17569,0.0003982131,0.89312315,0.8734309,0.00017674513,0.00014425986
17570,0.00035557945,0.97931457,0.91212356,0.00052133633,0.0003275843
17571,0.0015487612,0.7079098,0.90829307,0.0005295418,0.00071802974
17572,0.0006411777,0.9124362,0.9736447,0.00063124346,0.00058840885
17573,0.00039977103,0.92523,0.8838389,0.00046371284,0.00019260288
17574,0.00012731104,0.9798227,0.714628,0.0010987311,0.0011740822
17575,0.00019871553,0.95861524,0.9598375,0.0008459375,0.00015967865
17576,0.000113234375,0.8872046,0.91259205,0.0013250224,0.00022693386
17577,0.00023968685,0.93991333,0.84234506,0.0007321813,4.4001186e-05
17578,0.00012632043,0.7392342,0.7308665,0.0035796429,0.9064877
17579,0.00081038737,0.9069832,0.63329685,0.00020342697,0.9333094
17580,0.0004322415,0.95430803,0.9596866,0.00026119032,0.8662457
17581,0.0004897656,0.97339284,0.8844391,0.000310156,0.9668514
17582,0.0004339325,0.9778412,0.8410439,0.00020342697,0.5924308
17583,0.00028685408,0.9601375,0.90414387,0.00072648755,0.89274967
17584,0.00036829791,0.64968973,0.80700475,0.00016603847,0.954393
17585,0.00019260288,0.87716144,0.97724086,0.00042887923,0.7762839
17586,0.00010804956,0.9749169,0.9592307,0.0013670257,0.8524448
17587,0.001294368,0.94796216,0.9459013,0.00023968685,0.9542227
17588,0.00018814208,0.9832145,0.86849254,0.00069054146,0.76611876
17589,0.00059302105,0.9656413,0.9532751,0.0010817152,0.88778967
17590,0.00085924764,0.97369474,0.990732,0.0004583129,0.7821637
17591,0.9341553,0.96309197,0.983597,0.00021485926,0.79454446
17592,0.9761746,0.9744348,0.9913223,0.0041019293,0.9267028
17593,0.97107434,0.9698426,0.8713654,4.5753914e-05,0.77475387
17594,0.9422947,0.9437636,0.9449947,0.0007096704,0.82544905
17595,0.9281487,0.9043131,0.91920847,9.610242e-05,0.917746
17596,0.9856076,0.95759624,0.94165415,0.0002551414,0.95719784
17597,0.95565146,0.92709976,0.8398654,0.000113234375,0.89858866
17598,0.9302051,0.9563089,0.9241418,0.9448931,0.7409249
17599,0.9326989,0.93868846,0.94844174,0.99528164,0.98481095
17600,0.9763105,0.9467938,0.9347534,0.9780936,0.96653706
17601,0.9817007,0.8057851,0.7107287,0.9116528,0.9500415
17602,0.7851439,0.7926248,0.9240048,0.98677725,0.9533619
17603,0.9780517,0.95430803,0.9458012,0.9774571,0.9749169
17604,0.9552357,0.9628132,0.947381,0.9918121,0.9641868
17605,0.9280184,0.9302051,0.98184055,0.92523,0.93868846
17606,0.962462,0.97462875,0.9650533,0.9532751,0.9736447
17607,0.9076402,0.8372211,0.9744834,0.9411153,0.9683812
17608,0.98657167,0.8834373,0.96691406,0.98184055,0.9685601
17609,0.85403454,0.94154674,0.9748691,0.9533619,0.82573026
17610,0.93045825,0.70324385,0.79486305,0.937669,0.97074324
17611,0.89029425,0.9595352,0.97344345,0.9911868,0.9531008
17612,0.9590777,0.85536855,0.9725715,0.96741027,0.8838389
17613,0.929951,0.7256486,0.97608364,0.9492005,0.947381
17614,0.9812749,0.9683214,0.9905143,0.8349459,0.9265699
17615,0.88463867,0.90295243,0.9531008,0.82544905,0.8830344
17616,0.9608783,0.9692078,0.9119669,0.84195566,0.8193158
17617,0.94600123,0.9505947,0.9393595,0.96472245,0.9374402
17618,0.97706646,0.8327813,0.5616056,0.9514138,0.9193534
17619,0.89368117,0.8152325,0.9621787,0.7916601,0.9683214
17620,0.80084777,0.9012275,0.93220687,0.94796216,0.9001793
17621,0.9348725,0.9293122,0.9523088,0.8899121,0.9444849
17622,0.9656413,0.9517737,0.9571178,0.9811307,0.97068775
17623,0.9267028,0.9313377,0.86431044,0.947186,0.84273374
17624,0.69118476,0.96820134,0.9922144,0.75851065,0.8611883
17625,0.9434519,0.9404625,0.8030194,0.8708172,0.8872046
17626,0.87663436,0.9462003,0.950503,0.9600627,0.9523088
17627,0.9116528,0.9492946,0.96203625,0.9455002,0.8881781
17628,0.9273633,0.9658352,0.7804952,0.9600627,0.98039377
17629,0.86511016,0.98951083,0.96961325,0.91490096,0.8838389
17630,0.9418684,0.97046465,0.9557341,0.9819447,0.94143915
17631,0.98403233,0.9019207,0.8665848,0.9755769,0.9572778
17632,0.96432143,0.94427973,0.86036915,0.9534488,0.7426084
17633,0.95068645,0.99184376,0.6979178,0.787768,0.94767237
17634,0.94261247,0.9561454,0.95945925,0.984516,0.9020933
17635,0.9916842,0.7159208,0.9237301,0.8733229,0.8830344
17636,0.97458035,0.7507356,0.82204634,0.8414352,0.8822251
17637,0.90448195,0.92775697,0.9396923,0.9809491,0.92775697
17638,0.9418684,0.8031738,0.9524858,0.9729338,0.8224745
17639,0.9526623,0.91920847,0.9451974,0.9634375,0.97520185
17640,0.86826926,0.93171144,0.8701566,0.9891816,0.8414352
17641,0.8178656,0.6982266,0.90174776,0.96131647,0.90878
17642,0.8352149,0.85034436,0.938124,0.9284088,0.6322757
17643,0.87191176,0.8342719,0.937783,0.96050966,0.9511422
17644,0.89478946,0.8206132,0.98173577,0.8062431,0.92590266
17645,0.98242307,0.71273226,0.96926606,0.9114953,0.91274774
17646,0.9759464,0.87831426,0.9418684,0.9054896,0.971564
17647,0.93674946,0.9378969,0.00462753,0.94197524,0.86545163
17648,0.9649213,0.8949732,0.0075772414,0.9781772,0.906156
17649,0.98166555,0.93257624,0.0023231625,0.8679338,0.90174776
17650,0.74279505,0.9312127,0.0012743262,0.93868846,0.92563426
17651,0.96691406,0.8449215,0.0016875096,0.9784259,0.9583822
17652,0.9203613,0.8152325,0.015365342,0.9328214,0.8822251
17653,0.9583822,0.97246706,0.0036216856,0.9224824,0.98922324
17654,0.95473194,0.86442494,0.0027255826,0.91949815,0.90087914
17655,0.9628132,0.9493885,0.0030396497,0.966347,0.8153795
17656,0.94479126,0.9494823,0.0037217087,0.9868281,0.6573185
17657,0.82544905,0.9175984,0.0042646346,0.99341017,0.7244806
17658,0.93108755,0.83169055,0.00698465,0.7574357,0.48697957
17659,0.937669,0.9361684,0.008478402,0.85452086,0.9260366
17660,0.8586,0.9298237,0.0130707845,0.9459013,0.67800725
17661,0.61120796,0.8318272,0.00305151,0.97428846,0.7352616
17662,0.88582915,0.8349459,0.0037362205,0.74890363,0.93171144
17663,0.9785903,0.8923751,0.0013198634,0.98486924,0.91964257
17664,0.98625773,0.97423947,0.002387409,0.98951083,0.95783347
17665,0.96182173,0.84273374,0.016914913,0.93158704,0.66366893
17666,0.9224824,0.6920179,0.0040860027,0.95869267,0.90295243
17667,0.9595352,0.9360516,0.0043483814,0.9458012,0.8039445
17668,0.9757161,0.9727791,0.0030634168,0.95998776,0.93732566
17669,0.79787195,0.9383503,0.004166256,0.90747637,0.91964257
17670,0.8830344,0.98677725,0.008156248,0.9257686,0.97423947
17671,0.8217605,0.9323302,0.0029349518,0.9559813,0.848847
17672,0.95751673,0.86826926,0.001882186,0.8720208,0.9639839
17673,0.9812749,0.84972197,0.0055119344,0.9696707,0.97997653
17674,0.94218844,0.93581736,0.002434382,0.9516839,0.8614217
17675,0.9339146,0.9073123,0.018617803,0.8989441,0.9537082
17676,0.9769787,0.92696756,0.018511046,0.88543355,0.988085
17677,0.9523088,0.9076402,0.0054905633,0.8794577,0.8265718
17678,0.9019207,0.9147487,0.020215968,0.888372,0.94024336
17679,0.94176143,0.9242787,0.001107339,0.9582261,0.98159516
17680,0.8530579,0.97057647,0.0054059005,0.8271311,0.8671483
17681,0.86545163,0.92944044,0.057599206,0.98707944,0.7916601
17682,0.9001793,0.92495924,0.01374232,0.9487276,0.7247729
17683,0.92643696,0.87234735,0.0033897832,0.93663365,0.9260366
17684,0.9799382,0.9027811,0.02947941,0.9929061,0.93033177
17685,0.9776285,0.87599933,0.96641046,0.99040353,0.83828294
17686,0.9237301,0.9217811,0.99128854,0.9467938,0.9260366
17687,0.9167081,0.90481883,0.9722571,0.92563426,0.94068086
17688,0.98555213,0.85342485,0.99338466,0.7720154,0.896614
17689,0.9825575,0.6845804,0.98651993,0.856092,0.93732566
17690,0.9835338,0.9780517,0.9686789,0.93463415,0.891055
17691,0.9161096,0.93108755,0.9870297,0.8595459,0.87831426
17692,0.9147487,0.8984106,0.896614,0.9404625,0.9213576
17693,0.9948001,0.9323302,0.99227446,0.9465967,0.90295243
17694,0.9621787,0.75689703,0.9862046,0.61555016,0.9241418
17695,0.8656789,0.95589906,0.9634375,0.89478946,0.9623913
17696,0.93698055,0.92495924,0.97482115,0.9046505,0.94068086
17697,0.8824279,0.9503189,0.97090924,0.93880075,0.83682144
17698,0.8429925,0.88602656,0.98549646,0.9455002,0.67179364
17699,0.89715594,0.9043131,0.97662467,0.89805347,0.9700703
17700,0.937669,0.97267544,0.98667485,0.90894175,0.9920002
17701,0.7804952,0.95473194,0.93220687,0.97879386,0.9887988
17702,0.8558512,0.95447797,0.96691406,0.9732915,0.8607207
17703,0.96203625,0.82104415,0.99401975,0.941007,0.5932558
17704,0.91181,0.0073743653,0.99333304,0.9071478,0.94767237
17705,0.91117966,0.018653521,0.9281487,0.9224824,0.89312315
17706,0.83400166,0.011597362,0.90174776,0.94610083,0.9758546
17707,0.7394224,0.007968815,0.9818056,0.66551924,0.87621135
17708,0.91413754,0.0057525453,0.891811,0.9652504,0.9038049
17709,0.9507779,0.0037217087,0.9940659,0.679923,0.93991333
17710,0.8899121,0.0014325366,0.9913892,0.976038,0.9459013
17711,0.86916035,0.0029810327,0.9563089,0.7531037,0.97779876
17712,0.98840266,0.0038996208,0.90414387,0.9005298,0.92956835
17713,0.91700584,0.00588816,0.97644573,0.9723097,0.9457011
17714,0.9755304,0.020606475,0.98054343,0.98588216,0.89460546
17715,0.97267544,0.0066153924,0.9579909,0.88778967,0.94796216
17716,0.9899087,0.0063635735,0.96210754,0.94154674,0.7689067
17717,0.97702265,0.009522486,0.8293538,0.7478001,0.8793542
17718,0.9789956,0.0012893283,0.7995989,0.9809856,0.92455155
17719,0.9502266,0.0032986512,0.9927672,0.89805347,0.9403531
17720,0.91181,0.016340127,0.9502266,0.9418684,0.003649987
17721,0.92468774,0.013171949,0.96472245,0.94834626,0.003976228
17722,0.9566342,0.004962942,0.9757161,0.9846347,0.017375665
17723,0.85195273,0.006666932,0.97671366,0.9558166,0.009898064
17724,0.97943294,0.00044770088,0.89805347,0.95695716,0.0028783479
17725,0.9005298,0.010209055,0.9950177,0.7940658,0.00047285444
17726,0.9494823,0.0113756005,0.9824905,0.96926606,0.003960788
17727,0.96741027,0.00930395,0.9850429,0.9526623,0.019985152
17728,0.97140163,0.007695647,0.9861514,0.8233284,0.0089161275
17729,0.9231778,0.017442483,0.93071055,0.92064714,0.0014895174
17730,0.98080254,0.010368157,0.99227446,0.9685601,0.006265534
17731,0.9843364,0.0036642202,0.9911527,0.9774571,0.02355433
17732,0.9851576,0.03155902,0.96182173,0.99097973,0.032528225
17733,0.9145963,0.008412978,0.9938309,0.9853279,0.007636216
17734,0.9693822,0.040769268,0.9701269,0.9678385,0.001294368
17735,0.77982527,0.0014721896,0.95531917,0.7913377,0.0039300853
17736,0.97288233,0.0020269002,0.98469365,0.908618,0.018833129
17737,0.9566342,0.003429604,0.9593071,0.9771538,0.009974921
17738,0.9405718,0.006338922,0.9519527,0.96411926,0.0028338498
17739,0.9305845,0.0027362213,0.9769348,0.86726075,0.0045384318
17740,0.97997653,0.007937994,0.9590777,0.81669897,0.0048674177
17741,0.9124362,0.0071491017,0.97706646,0.94122344,0.0005703157
17742,0.9458012,0.011201214,0.76506716,0.93257624,0.008577486
17743,0.91730267,0.0145595195,0.9925103,0.9404625,0.0069576087
17744,0.891811,0.0113756005,0.9516839,0.9351099,0.0032099616
17745,0.95695716,0.009055264,0.9834705,0.0051396107,0.0025409926
17746,0.908618,0.0033766122,0.9370958,0.00809329,0.025419652
17747,0.89312315,0.0072608665,0.9775,0.005598249,0.0044857943
17748,0.97085404,0.0043994132,0.9142907,0.0010944522,0.0052608517
17749,0.95751673,0.043772742,0.98020524,0.005708034,0.007232764
17750,0.8308688,0.018653521,0.96425414,0.0065897717,0.0055549247
17751,0.8916225,0.022802636,0.98282325,0.010448625,0.012624949
17752,0.9869795,0.0055333884,0.88161486,0.009485713,0.0031236487
17753,0.9588471,0.0027683855,0.90174776,0.0016875096,0.05834584
17754,0.7567173,0.01461567,0.98427594,0.0012893283,0.004451041
17755,0.9129032,0.018475594,0.9444849,0.011687257,0.0070664007
17756,0.8989441,0.041384716,0.99637836,0.00519988,0.98065484
17757,0.7804952,0.02806074,0.9771538,0.0053225355,0.92709976
17758,0.9563089,0.0011649561,0.9829547,0.006463138,0.9213576
17759,0.96544635,0.014281933,0.9601375,0.015603535,0.9274948
17760,0.7040584,0.0040860027,0.99155444,0.021044567,0.9901782
17761,0.9722044,0.01840489,0.97324073,0.003991728,0.9650533
17762,0.9443824,0.005708034,0.9818056,0.0029349518,0.98262435
17763,0.90295243,0.9314625,0.97267544,0.0044165556,0.9562273
17764,0.8095773,0.9465967,0.97662467,0.008187911,0.95473194
17765,0.9636434,0.9604354,0.9510514,0.009055264,0.9103862
17766,0.9641868,0.94143915,0.95275027,0.0043994132,0.840259
17767,0.8251675,0.9470882,0.9905874,0.0032224844,0.9432431
17768,0.06301947,0.9873262,0.9926542,0.004331502,0.95976204
17769,0.0012065897,0.9783019,0.9534488,0.03581319,0.980053
17770,0.012970386,0.9380106,0.9843364,0.0047000605,0.9250947
17771,0.007665875,0.9583822,0.9720986,0.0005295418,0.9697281
17772,0.0027900378,0.9876639,0.95846003,0.002800927,0.9697281
17773,0.0063635735,0.9932025,0.99857306,0.0021074724,0.84606963
17774,0.0053225355,0.88463867,0.979354,0.00402291,0.9024378
17775,0.037892427,0.96903247,0.9791955,0.0022606407,0.9219218
17776,0.0064381026,0.9022657,0.9916842,0.0053225355,0.8326453
17777,0.005040703,0.95068645,0.9792749,0.0087791085,0.8938666
17778,0.004736749,0.96138906,0.9898303,0.0057749297,0.85195273
17779,0.014447852,0.8525676,0.98439646,0.006463138,0.9694401
17780,0.010130412,0.9835338,0.96080494,0.0074030147,0.9549844
17781,0.0036358088,0.96253246,0.9404625,0.0025608707,0.917746
17782,0.0066411127,0.9643886,0.9862046,0.021044567,0.9549844
17783,0.0040701376,0.93581736,0.9557341,0.0009146137,0.98262435
17784,0.0013198634,0.92441523,0.86849254,0.001284308,0.9585377
17785,0.014227047,0.9722571,0.9528382,0.005240449,0.7972413
17786,0.00698465,0.8393393,0.9168571,0.002332234,0.84632385
17787,0.0025016968,0.8889517,0.9646559,0.04903962,0.9826909
17788,0.009522486,0.9555686,0.9765354,0.0026419468,0.9305845
17789,0.0032224844,0.8609547,0.94355595,0.004556114,0.93379396
17790,0.00047285444,0.89256257,0.95846003,0.0058653383,0.9889705
17791,0.0021239663,0.98609793,0.97838473,0.009596455,0.9887554
17792,0.009708476,0.947186,0.95961094,0.96765566,0.8517063
17793,0.027428543,0.95806944,0.9918121,0.9905874,0.7774689
17794,0.03138043,0.97354424,0.98102194,0.99253935,0.9800149
17795,0.0017891593,0.92905515,0.93257624,0.9449947,0.97671366
17796,0.010368157,0.8057851,0.9965301,0.9749646,0.9695556
17797,0.0034564096,0.96309197,0.9798227,0.97057647,0.9535353
17798,0.019271137,0.8716935,0.99304235,0.94165415,0.9893885
17799,0.99850464,0.95589906,0.9939964,0.9953725,0.9645224
17800,0.9921537,0.96820134,0.97821885,0.9630224,0.89478946
17801,0.9899476,0.9786719,0.9806178,0.99184376,0.9701835
17802,0.9769787,0.9683214,0.9961606,0.9680808,0.9791955
17803,0.9860443,0.91274774,0.9908035,0.98439646,0.9530133
17804,0.9979493,0.98314995,0.9781772,0.98087597,0.96653706
17805,0.9932025,0.99184376,0.980053,0.9732915,0.9835338
17806,0.9940659,0.8493474,0.98166555,0.9929061,0.97711015
17807,0.9769348,0.93306583,0.9885361,0.9167081,0.98761624
17808,0.9222025,0.91274774,0.9745319,0.96329963,0.9486325
17809,0.99040353,0.90105337,0.9755304,0.9142907,0.96795994
17810,0.9720986,0.98235554,0.98421544,0.9755769,0.96458924
17811,0.95783347,0.9791955,0.9778412,0.9512329,0.772359
17812,0.97706646,0.95275027,0.97204566,0.99227446,0.9456007
17813,0.9502266,0.9678993,0.9658996,0.90481883,0.97313875
17814,0.98771137,0.8746137,0.9797065,0.94844174,0.93195957
17815,0.87726665,0.97702265,0.98138225,0.87125593,0.96267307
17816,0.98184055,0.92468774,0.9845754,0.9432431,0.8957053
17817,0.97562337,0.9572778,0.96189344,0.9662198,0.9655115
17818,0.94957596,0.80685264,0.9771538,0.9486325,0.9737447
17819,0.9851576,0.97428846,0.98065484,0.87610537,0.94966936
17820,0.98871195,0.9300781,0.95791227,0.9696707,0.9837225
17821,0.9820826,0.97046465,0.9651191,0.9231778,0.9843364
17822,0.9869292,0.9667888,0.9448931,0.9822196,0.9326989
17823,0.9944666,0.94386727,0.96425414,0.9639839,0.9700135
17824,0.9920312,0.9674718,0.9938788,0.9832145,0.98862445
17825,0.99111825,0.9890554,0.98421544,0.99040353,0.9649213
17826,0.9949397,0.9883128,0.96557647,0.9683214,0.98262435
17827,0.9940659,0.9871788,0.9762654,0.96672606,0.9241418
17828,0.993807,0.99158704,0.9103862,0.98421544,0.97288233
17829,0.9667888,0.9452985,0.9022657,0.9735945,0.82204634
17830,0.92892635,0.805173,0.94649786,0.9950755,0.9875683
17831,0.95719784,0.9719925,0.97344345,0.92468774,0.95759624
17832,0.9814534,0.94240075,0.97052056,0.9791557,0.84556025
17833,0.9523088,0.9528382,0.9916196,0.971564,0.9853843
17834,0.9765801,0.91117966,0.9755769,0.9678993,0.941007
17835,0.9737945,0.97813547,0.9881309,0.9857729,0.9265699
17836,0.98282325,0.92944044,0.98173577,0.97792566,0.9630224
17837,0.99256825,0.9566342,0.9732915,0.9563905,0.96989965
17838,0.98922324,0.9519527,0.25813895,0.9774571,0.9813107
17839,0.9519527,0.8504686,0.26607114,0.9857729,0.90295243
17840,0.98922324,0.9869795,0.5596511,0.9862046,0.89858866
17841,0.98971164,0.8659059,0.15520647,0.88018054,0.9079672
17842,0.9922444,0.9094255,0.031439852,0.90105337,0.9595352
17843,0.98803884,0.84959716,0.3047654,0.9213576,0.9436599
17844,0.9825575,0.7851439,0.044847902,0.96182173,0.93651766
17845,0.9701835,0.9635062,0.15152934,0.98582757,0.9451974
17846,0.9882222,0.9697854,0.28806815,0.9657707,0.9703525
17847,0.9910493,0.9585377,0.17441027,0.8080672,0.9787533
17848,0.9129032,0.9334308,0.2120688,0.96653706,0.9260366
17849,0.98549646,0.9888419,0.2799269,0.94834626,0.8077641
17850,0.9928786,0.9390248,0.01621503,0.8149381,0.9296961
17851,0.98228765,0.9692078,0.058453243,0.98722816,0.99491996
17852,0.994089,0.98672616,0.053899154,0.99279517,0.97344345
17853,0.9759923,0.9873262,0.064653486,0.968441,0.93991333
17854,0.9687381,0.97962874,0.09602549,0.9078038,0.9587699
17855,0.96795994,0.9181873,0.05634009,0.91321325,0.9729338
17856,0.97706646,0.6417592,0.01450358,0.9896318,0.87873113
17857,0.9548163,0.94068086,0.08122776,0.99029154,0.9720986
17858,0.9666631,0.7866228,0.09401018,0.9320833,0.9750598
17859,0.9599126,0.90632194,0.15960999,0.9887988,0.83801806
17860,0.86060363,0.9432431,0.16871995,0.84758973,0.8080672
17861,0.9853279,0.88856554,0.3443332,0.91274774,0.7634837
17862,0.992597,0.8470844,0.14414886,0.98134655,0.86060363
17863,0.97339284,0.86993575,0.12368282,0.9347534,0.9563089
17864,0.98445636,0.8451773,0.08570928,0.94407386,0.9503189
17865,0.94143915,0.63906056,0.05419873,0.9604354,0.8030194
17866,0.9729338,0.9567152,0.054802597,0.9701835,0.89460546
17867,0.9724148,0.93045825,0.09170697,0.9585377,0.9524858
17868,0.99158704,0.95292586,0.07423137,0.9688562,0.9351099
17869,0.9973477,0.8967949,0.10411242,0.9466954,0.9706322
17870,0.9851003,0.86613256,0.08151976,0.9175984,0.9528382
17871,0.9549004,0.95735765,0.3276683,0.97675806,0.86960393
17872,0.9696707,0.8951567,0.2989005,0.9274948,0.94024336
17873,0.9329437,0.9413314,0.045862664,0.9881309,0.9250947
17874,0.9513234,0.9710193,0.07369627,0.9238675,0.9562273
17875,0.96102494,0.9840936,0.111627996,0.8097278,0.93171144
17876,0.92121595,0.9643886,0.49191356,0.9827572,0.9732915
17877,0.92064714,0.9260366,0.092196204,0.98105836,0.9514138
17878,0.95806944,0.9719393,0.024656856,0.98201376,0.8679338
17879,0.96073127,0.9508692,0.07409726,0.9710193,0.9837225
17880,0.90397453,0.9392481,0.010652511,0.8828326,0.987375
17881,0.97046465,0.86960393,0.055823144,0.91505283,0.8906752
17882,0.9622497,0.9730365,0.16331197,0.9885361,0.9314625
17883,0.990732,0.9869795,0.27503237,0.97334224,0.6545636
17884,0.97958976,0.88100195,0.10484336,0.98445636,0.98314995
17885,0.96814114,0.95540243,0.27221796,0.99304235,0.9434519
17886,0.9915216,0.97510713,0.13963085,0.99482024,0.9645224
17887,0.9929061,0.74853617,0.013689478,0.9457011,0.95388025
17888,0.98677725,0.89274967,0.093678005,0.9129032,0.97850823
17889,0.98054343,0.9851003,0.05281402,0.97986126,0.80837
17890,0.9863631,0.9554855,0.08269734,0.9590777,0.7876047
17891,0.995037,0.90295243,0.07172112,0.9649213,0.9730365
17892,0.90397453,0.9059898,0.06512755,0.99588215,0.9528382
17893,0.98365986,0.95565146,0.026607107,0.8578872,0.9771538
17894,0.9947187,0.9951514,0.23493282,0.9622497,0.9798997
17895,0.99174845,0.9551521,0.010248602,0.9693242,0.9599126
17896,0.97458035,0.9349913,0.1437878,0.94825053,0.9455002
17897,0.93732566,0.94699025,0.01243165,0.94767237,0.9370958
17898,0.96411926,0.96138906,0.12002562,0.91398406,0.9119669
17899,0.9899476,0.9744348,0.27308947,0.9744834,0.9465967
17900,0.99306935,0.7977145,0.57892436,0.93686515,0.9014011
17901,0.98159516,0.99155444,0.7264256,0.96472245,0.9693242
17902,0.9697854,0.96926606,0.3572311,0.96080494,0.9470882
17903,0.99158704,0.7604728,0.2725083,0.95150405,0.90958625
17904,0.98947024,0.9038049,0.33851433,0.89606965,0.8840393
17905,0.9938309,0.7550956,0.3368762,0.86960393,0.98201376
17906,0.9400236,0.7027341,0.37914848,0.98657167,0.97267544
17907,0.89533985,0.92827886,0.0658447,0.9763105,0.9888849
17908,0.9703525,0.8198933,0.5685356,0.9792749,0.96472245
17909,0.9498557,0.9686789,0.2654994,0.95013416,0.9686196
17910,0.94165415,0.85195273,0.50603074,0.9694979,0.93732566
17911,0.968441,0.81844676,0.37033927,0.9242787,0.93698055
17912,0.99750805,0.9474783,0.22456521,0.9727791,0.9655115
17913,0.99789256,0.9559813,0.427337,0.9678385,0.69678426
17914,0.9966234,0.9582261,0.5991334,0.9570375,0.9579909
17915,0.99486035,0.91920847,0.3280987,0.9181873,0.9227612
17916,0.99227446,0.9078038,0.4505407,0.98799264,0.97423947
17917,0.9835338,0.67006874,0.49729353,0.9945095,0.87439936
17918,0.9935868,0.9408984,0.24220563,0.9938309,0.8414352
17919,0.95759624,0.968441,0.4988499,0.95695716,0.1668111
17920,0.96472245,0.8517063,0.35465658,0.99486035,0.26114246
17921,0.98942953,0.067423776,0.29982224,0.95473194,0.12002562
17922,0.93593454,0.12304913,0.75219464,0.9598375,0.14817041
17923,0.98141783,0.3448846,0.5740963,0.9116528,0.5007901
17924,0.9913892,0.1183851,0.6706083,0.9906238,0.29543313
17925,0.98475236,0.020884218,0.34466398,0.94728357,0.18728128
17926,0.9744348,0.055515114,0.54673815,0.98020524,0.09807933
17927,0.97134733,0.028274601,0.26607114,0.9370958,0.35588682
17928,0.98866826,0.14414886,0.26683462,0.9326989,0.16749083
17929,0.9807288,0.10687689,0.5172204,0.79101497,0.1185891
17930,0.13799648,0.05291181,0.16858302,0.9524858,0.17231108
17931,0.09585608,0.07030385,0.44969466,0.87212974,0.170508
17932,0.1724504,0.091220066,0.20625381,0.9888419,0.09585608
17933,0.1112412,0.0894546,0.1603975,0.8740772,0.18462045
17934,0.22286923,0.13117322,0.28726768,0.9759464,0.0498659
17935,0.21766995,0.16871995,0.090735495,0.99444515,0.14069006
17936,0.15140383,0.052230857,0.2155158,0.9539661,0.020844316
17937,0.121372975,0.41294438,0.40092525,0.9686789,0.07477004
17938,0.14965561,0.085251234,0.59537494,0.94539934,0.33720353
17939,0.08961382,0.23828422,0.6602819,0.966028,0.28358296
17940,0.110855594,0.18097353,0.6989463,0.8729984,0.24023944
17941,0.057281975,0.24382246,0.8394709,0.9693242,0.061199225
17942,0.20817892,0.10447732,0.31153157,0.9557341,0.091058284
17943,0.08093671,0.011961099,0.13892843,0.9626028,0.14718705
17944,0.123365626,0.23828422,0.31943974,0.93108755,0.09203286
17945,0.1422319,0.21917035,0.08694165,0.9801293,0.01717671
17946,0.11736965,0.32498476,0.2232077,0.98215127,0.044680867
17947,0.15830442,0.09653532,0.65390086,0.9722044,0.050988145
17948,0.2166738,0.10141133,0.20165595,0.98771137,0.0588847
17949,0.26208568,0.14402843,0.695855,0.9940659,0.03803509
17950,0.061875988,0.09089675,0.25293726,0.8244619,0.16532342
17951,0.13822897,0.20165595,0.31742626,0.8711464,0.18111832
17952,0.045268092,0.023153413,0.52498835,0.8729984,0.08464396
17953,0.091220066,0.16708273,0.4016878,0.983597,0.023330769
17954,0.08269734,0.07172112,0.5533846,0.93451476,0.1495314
17955,0.13730095,0.21983956,0.3523132,0.9759006,0.104294725
17956,0.08122776,0.097734325,0.17553808,0.7962924,0.11397347
17957,0.09351231,0.2622746,0.3654567,0.86188734,0.057281975
17958,0.16913125,0.10302442,0.22953519,0.96472245,0.046291903
17959,0.21337718,0.008219693,0.12929276,0.9841546,0.23091978
17960,0.389953,0.07490528,0.33198547,0.9394706,0.3316607
17961,0.06766981,0.43434134,0.7150262,0.966156,0.11971654
17962,0.0586686,0.21750368,0.46611643,0.98942953,0.29370826
17963,0.21816924,0.014728614,0.6769403,0.9799382,0.22253112
17964,0.1133831,0.031026179,0.35365137,0.9694979,0.4514474
17965,0.2109288,0.037256766,0.066934206,0.97684664,0.13986565
17966,0.12885363,0.01836964,0.035211135,0.966028,0.06841291
17967,0.14743239,0.19406214,0.48966363,0.99010193,0.31362996
17968,0.03289904,0.42262378,0.24148938,0.98020524,0.10212548
17969,0.32241932,0.27086577,0.15304215,0.07329728,0.24041775
17970,0.4084537,0.11397347,0.22918998,0.21272224,0.030559862
17971,0.15817435,0.3869951,0.21386933,0.08079154,0.4769298
17972,0.059101548,0.40933883,0.090092994,0.056548133,0.1362632
17973,0.05439932,0.06928941,0.8384153,0.15393034,0.020804489
17974,0.21634248,0.11047116,0.89947516,0.16198196,0.19620942
17975,0.06644793,0.05281402,0.9237301,0.112600096,0.12646118
17976,0.07146149,0.109705776,0.75976056,0.25201568,0.110855594
17977,0.07504072,0.099820666,0.7980295,0.2654994,0.46104708
17978,0.23300752,0.083291925,0.92956835,0.28696787,0.4115838
17979,0.16599831,0.12592277,0.86960393,0.14547919,0.619241
17980,0.09721884,0.028382124,0.68909645,0.07329728,0.55404824
17981,0.01778039,0.16105618,0.761893,0.011244561,0.56115466
17982,0.061536737,0.40045622,0.6931614,0.025035424,0.7833262
17983,0.06097518,0.074500255,0.8621197,0.1991522,0.5384372
17984,0.5010147,0.16000336,0.67265433,0.18713269,0.30580097
17985,0.14175598,0.037821285,0.5363736,0.01798621,0.24328269
17986,0.13217813,0.060863446,0.7108291,0.14092636,0.08570928
17987,0.16559312,0.01836964,0.9384633,0.19498022,0.08137364
17988,0.19590157,0.08225395,0.9260366,0.09170697,0.26340988
17989,0.2726051,0.111627996,0.86130506,0.038756195,0.10932483
17990,0.53673786,0.008745182,0.72574586,0.039342504,0.23161423
17991,0.23581158,0.10576342,0.93732566,0.1821344,0.25293726
17992,0.27347738,0.18937114,0.7937462,0.038178273,0.512075
17993,0.23704566,0.1769559,0.89947516,0.19559409,0.0751764
17994,0.37840167,0.2165081,0.6572085,0.03296124,0.13307686
17995,0.2809122,0.6102212,0.6810908,0.025371311,0.05572029
17996,0.35745537,0.28081354,0.8344069,0.035477504,0.5286855
17997,0.5715275,0.1732882,0.93674946,0.22371607,0.20040116
17998,0.5510906,0.26208568,0.7236025,0.06325052,0.34048516
17999,0.244363,0.20561503,0.76506716,0.26246357,0.077937685
18000,0.26265267,0.47563577,0.77167153,0.2881683,0.094176665
18001,0.5646987,0.32971537,0.8478418,0.07531231,0.28836864
18002,0.6666053,0.3637599,0.6563279,0.037397135,0.27776673
18003,0.38462317,0.09401018,0.94386727,0.15304215,0.40591964
18004,0.1112412,0.3190153,0.8253083,0.1603975,0.12231338
18005,0.514164,0.3191214,0.9034647,0.23126681,0.5656587
18006,0.24926445,0.30105373,0.8794577,0.071332,0.3031126
18007,0.45931864,0.3063195,0.82032555,0.052230857,0.4885198
18008,0.15507847,0.111627996,0.93108755,0.5639184,0.33654907
18009,0.46806112,0.39507583,0.8595459,0.10521054,0.10502681
18010,0.31890923,0.43632182,0.91259205,0.065365784,0.5205572
18011,0.22253112,0.23739909,0.8785229,0.011419615,0.14211279
18012,0.18359363,0.443962,0.83575183,0.09947021,0.1765296
18013,0.20024471,0.18374003,0.8583628,0.043772742,0.29777616
18014,0.26702574,0.38745853,0.7318259,0.117572136,0.6239499
18015,0.49743274,0.1573957,0.88875884,0.38774827,0.37685242
18016,0.35588682,0.50173855,0.8964329,0.090253234,0.38179564
18017,0.46566084,0.5116632,0.68363076,0.0434469,0.57290196
18018,0.06572466,0.06669065,0.66345096,0.032713123,0.41697466
18019,0.07878401,0.22746934,0.5776145,0.3833527,0.51245624
18020,0.6654106,0.13523208,0.88263035,0.09534947,0.5149034
18021,0.16613355,0.25757828,0.9022657,0.30331892,0.2821962
18022,0.5749915,0.208018,0.338405,0.06548521,0.2260994
18023,0.20946968,0.18432662,0.3339375,0.091058284,0.13307686
18024,0.3409239,0.14608724,0.63635314,0.104294725,0.1943678
18025,0.7478001,0.091058284,0.5554051,0.10932483,0.15367615
18026,0.1046602,0.2902762,0.8251675,0.53849787,0.4799759
18027,0.27923846,0.29330325,0.9019207,0.08166611,0.14804721
18028,0.73885757,0.5887709,0.9418684,0.067423776,0.43734282
18029,0.26999876,0.3233801,0.7823301,0.09451043,0.06620602
18030,0.23970512,0.18609506,0.8342719,0.21255878,0.59572774
18031,0.2600135,0.60882664,0.5560681,0.3191214,0.5861676
18032,0.111627996,0.56937385,0.7472472,0.023065226,0.23792988
18033,0.03601607,0.052521676,0.88602656,0.04751419,0.07030385
18034,0.1309508,0.10212548,0.6545636,0.17852582,0.3361131
18035,0.27308947,0.4290107,0.7725307,0.13386749,0.24400254
18036,0.18184364,0.31079894,0.9433476,0.14560063,0.06430005
18037,0.25813895,0.16981852,0.8554893,0.1538032,0.1538032
18038,0.6713628,0.2987982,0.91259205,0.23057307,0.2617081
18039,0.49183732,0.2782568,0.68647516,0.77932185,0.21370518
18040,0.38972074,0.23074637,0.929951,0.45105445,0.20979328
18041,0.54973125,0.12896329,0.8401279,0.42775524,0.4701892
18042,0.15393034,0.25571522,0.67875296,0.2641685,0.72282064
18043,0.12357699,0.14199378,0.9313377,0.34202188,0.5692541
18044,0.3298233,0.21584621,0.7898827,0.060863446,0.10894504
18045,0.110855594,0.10302442,0.9233162,0.56787676,0.0588847
18046,0.50810933,0.44185364,0.57695913,0.20134172,0.25275275
18047,0.2893717,0.17384852,0.9019207,0.068040416,0.4318837
18048,0.4417934,0.04304285,0.8923751,0.49301958,0.68605465
18049,0.24689633,0.12199923,0.5289592,0.5198717,0.45538026
18050,0.30715016,0.055005286,0.75328517,0.12581532,0.6865802
18051,0.48582077,0.19421494,0.5676969,0.1183851,0.3024941
18052,0.20995522,0.15115306,0.82432055,0.2856708,0.17064618
18053,0.20450072,0.25813895,0.8409133,0.47674713,0.16118816
18054,0.6213112,0.0751764,0.80162543,0.21950476,0.7559974
18055,0.66017234,0.46056184,0.7554566,0.38902417,0.13511792
18056,0.12527926,0.27845296,0.9562273,0.46283722,0.19467382
18057,0.32146,0.35543922,0.72056496,0.55341476,0.39332676
18058,0.26894143,0.47592497,0.8498466,0.064535476,0.55468154
18059,0.3685193,0.23161423,0.83575183,0.13834533,0.35443306
18060,0.4437812,0.45386693,0.97118384,0.21370518,0.7509182
18061,0.24256428,0.6686639,0.8600169,0.3746763,0.9308365
18062,0.22017473,0.31647488,0.755637,0.5043906,0.6354487
18063,0.24562746,0.22135067,0.498374,0.45725787,0.799129
18064,0.09285216,0.2703839,0.8005361,0.41111088,0.90958625
18065,0.7241881,0.7789858,0.5705108,0.14706452,0.76977324
18066,0.68815416,0.19390947,0.375821,0.35801628,0.7325918
18067,0.9434519,0.38803813,0.53986275,0.2617081,0.8923751
18068,0.9439706,0.09318171,0.34499493,0.3312279,0.57224476
18069,0.82544905,0.57969785,0.41555095,0.20561503,0.2925953
18070,0.91022676,0.13500383,0.8053262,0.22644134,0.96323055
18071,0.8537909,0.52877676,0.79502225,0.058776557,0.75851065
18072,0.7405498,0.31447142,0.6515766,0.0946777,0.93651766
18073,0.8509647,0.032836955,0.5798763,0.2830872,0.8490974
18074,0.8451773,0.44854704,0.9107044,0.31205547,0.46907946
18075,0.9300781,0.34676248,0.76629364,0.114566505,0.4622606
18076,0.56973296,0.60288024,0.92956835,0.44724903,0.695855
18077,0.6806664,0.682891,0.79198194,0.2359876,0.86293024
18078,0.50830764,0.66115755,0.7079098,0.1805397,0.9323302
18079,0.7893961,0.84733725,0.96028674,0.6531269,0.90958625
18080,0.8641959,0.8178656,0.7295198,0.44122154,0.6949242
18081,0.65401137,0.90448195,0.621828,0.35443306,0.7720154
18082,0.65698844,0.73392886,0.73028994,0.0930168,0.6694208
18083,0.76454014,0.8456877,0.7864589,0.109705776,0.7926248
18084,0.5276056,0.6474639,0.93463415,0.32167307,0.8607207
18085,0.7424217,0.9565531,0.62240195,0.13695431,0.86431044
18086,0.8583628,0.96124375,0.89442116,0.08993301,0.9408984
18087,0.46116844,0.8992984,0.8957053,0.096705794,0.8191712
18088,0.59372705,0.73659015,0.9005298,0.03767939,0.93980294
18089,0.89606965,0.86499614,0.7078088,0.25128007,0.874292
18090,0.7893961,0.3094409,0.8050198,0.09534947,0.9219218
18091,0.8897206,0.73163426,0.41851866,0.11920292,0.68236214
18092,0.9005298,0.90665317,0.7687332,0.13184243,0.80131465
18093,0.92455155,0.91212356,0.874292,0.31668615,0.9431384
18094,0.8398654,0.83413684,0.45919734,0.49971128,0.8283842
18095,0.7867867,0.7678639,0.7090191,0.5394685,0.83682144
18096,0.9260366,0.7367796,0.80240077,0.39053392,0.68215036
18097,0.8431217,0.3793209,0.8010035,0.41264847,0.8636218
18098,0.5685356,0.75976056,0.9069832,0.42065907,0.36455128
18099,0.53607005,0.52451646,0.8159669,0.30012983,0.90414387
18100,0.7474317,0.5990161,0.58545667,0.1999321,0.9320833
18101,0.7676898,0.69035035,0.89805347,0.406862,0.83128005
18102,0.66747284,0.6874202,0.5842118,0.3348069,0.83867973
18103,0.5806493,0.7889086,0.6739432,0.717408,0.86826926
18104,0.9272316,0.28487435,0.9076402,0.52962834,0.81390494
18105,0.80084777,0.72301626,0.86737317,0.042245496,0.8502201
18106,0.8641959,0.8655654,0.86025184,0.14270912,0.7439129
18107,0.8641959,0.6139312,0.8763172,0.15127839,0.8984106
18108,0.7079098,0.6744794,0.6940954,0.13161905,0.86431044
18109,0.91715443,0.90174776,0.83894384,0.0751764,0.4551683
18110,0.7132319,0.787768,0.8474635,0.21141681,0.9590777
18111,0.7246755,0.87568074,0.70232594,0.36523023,0.7411123
18112,0.90414387,0.8668104,0.5743351,0.7468782,0.7371582
18113,0.77932185,0.7801604,0.7999117,0.9737447,0.91789335
18114,0.7550956,0.7804952,0.9024378,0.64846635,0.6735139
18115,0.7744129,0.95275027,0.7927853,0.7594039,0.91715443
18116,0.7767923,0.81077874,0.82275945,0.6445608,0.6913932
18117,0.90747637,0.8767399,0.8537909,0.8370879,0.85145944
18118,0.6910806,0.5593803,0.87482774,0.8451773,0.82090056
18119,0.8517063,0.818011,0.81873685,0.78199726,0.62314755
18120,0.9285385,0.83413684,0.47102556,0.50621384,0.77407146
18121,0.87578696,0.6619229,0.12929276,0.7814974,0.4742203
18122,0.82161736,0.82275945,0.09268778,0.817283,0.7540105
18123,0.6591858,0.6753365,0.09807933,0.5713481,0.9168571
18124,0.90632194,0.44450444,0.24798742,0.4933781,0.6466834
18125,0.7725307,0.5181348,0.12592277,0.91086304,0.52964354
18126,0.7676898,0.8484707,0.15178062,0.82204634,0.94728357
18127,0.74706274,0.30497235,0.1664043,0.54062074,0.97204566
18128,0.39431757,0.8713654,0.40486038,0.69657785,0.93721074
18129,0.58936185,0.6148566,0.22388572,0.78530854,0.71611935
18130,0.8568123,0.818011,0.14438997,0.51101506,0.7352616
18131,0.67779404,0.7352616,0.14069006,0.73829186,0.77081
18132,0.8446654,0.4201237,0.23810701,0.896614,0.5628975
18133,0.7682119,0.21452682,0.3280987,0.4921919,0.5940215
18134,0.47689942,0.6649755,0.17511447,0.7778066,0.54576993
18135,0.71967924,0.56739736,0.026506126,0.7392342,0.8010035
18136,0.73392886,0.74706274,0.06512755,0.86350673,0.47881824
18137,0.7148271,0.79101497,0.16384642,0.8076124,0.6378207
18138,0.7826625,0.47310948,0.045522004,0.692122,0.5927255
18139,0.95759624,0.8702668,0.17483252,0.86669767,0.6461254
18140,0.92788786,0.7900447,0.049497053,0.94154674,0.3634209
18141,0.65665823,0.9036349,0.085251234,0.684053,0.60428214
18142,0.55154353,0.9347534,0.12560067,0.81047887,0.73659015
18143,0.891055,0.76100606,0.4179246,0.82375413,0.6867903
18144,0.63000226,0.7312505,0.047074176,0.7545535,0.5171594
18145,0.7796575,0.4598947,0.35432136,0.7292306,0.66671383
18146,0.79549927,0.70548075,0.15482272,0.8156734,0.7992857
18147,0.7156228,0.7314424,0.068288535,0.7601169,0.35947657
18148,0.67265433,0.6676896,0.19269122,0.90958625,0.8095773
18149,0.6654106,0.6945099,0.18713269,0.89199936,0.9024378
18150,0.70222384,0.52593195,0.06267437,0.67683357,0.96485513
18151,0.5529622,0.84453726,0.58249104,0.755637,0.9107044
18152,0.9003547,0.5415604,0.5784482,0.8348113,0.71383077
18153,0.7980295,0.728362,0.85145944,0.92892635,0.85415626
18154,0.84758973,0.70629174,0.32028958,0.35443306,0.88483775
18155,0.90582335,0.66443145,0.5362218,0.61958635,0.92563426
18156,0.9105454,0.7622471,0.3784591,0.4464042,0.38589525
18157,0.9510514,0.7068991,0.6383846,0.41661865,0.78596646
18158,0.8564525,0.4681523,0.6713628,0.8057851,0.9328214
18159,0.61149794,0.49195164,0.6591858,0.544983,0.84972197
18160,0.6567684,0.8550057,0.37102267,0.92359227,0.31352484
18161,0.66377795,0.60474914,0.6116719,0.8489722,0.79182106
18162,0.89274967,0.7089184,0.48883244,0.69966495,0.9396923
18163,0.9240048,0.2724115,0.7718435,0.60981464,0.5958454
18164,0.42321962,0.65190905,0.19590157,0.80131465,0.95846003
18165,0.70952255,0.5464659,0.31943974,0.88363826,0.71153116
18166,0.950503,0.97118384,0.48669744,0.8967949,0.754915
18167,0.7733876,0.6202192,0.48614094,0.7826625,0.7757747
18168,0.92944044,0.71611935,0.520542,0.93367314,0.75904685
18169,0.8089744,0.84834504,0.6681228,0.8296301,0.73961055
18170,0.891055,0.5977253,0.5601323,0.9518632,0.61912596
18171,0.78282857,0.17881244,0.8000679,0.8645393,0.59337366
18172,0.8233284,0.1999321,0.70365125,0.7685595,0.64097303
18173,0.7037531,0.3276683,0.55275095,0.852199,0.33676714
18174,0.8418256,0.39390948,0.83004373,0.76559335,0.8784186
18175,0.86748546,0.5394382,0.7324005,0.73545164,0.8020909
18176,0.8784186,0.66050094,0.664758,0.8646537,0.89858866
18177,0.9451974,0.26999876,0.661595,0.35108855,0.7783125
18178,0.9606575,0.77713084,0.7576151,0.6410854,0.684264
18179,0.8197491,0.1187934,0.2359876,0.7409249,0.7401744
18180,0.9305845,0.37045312,0.5179062,0.7902067,0.70811164
18181,0.7050748,0.22627032,0.580352,0.82768893,0.97029626
18182,0.6577583,0.2516477,0.7701192,0.5963156,0.9724148
18183,0.81859183,0.7559974,0.6345433,0.39694446,0.8152325
18184,0.8804891,0.4409808,0.5261602,0.79117644,0.48328257
18185,0.71839684,0.54246944,0.5661385,0.63725656,0.81405276
18186,0.817283,0.8349459,0.80084777,0.59549254,0.92007446
18187,0.79454446,0.93868846,0.4520823,0.7401744,0.8722386
18188,0.72535694,0.50912374,0.1534223,0.86488205,0.85848147
18189,0.6888872,0.93891287,0.3742188,0.9094255,0.679923
18190,0.8401279,0.66443145,0.24490438,0.5619361,0.8321002
18191,0.48416668,0.7130322,0.10484336,0.8957053,0.73659015
18192,0.25330648,0.447581,0.46793953,0.8251675,0.67458665
18193,0.07544843,0.8916225,0.70365125,0.6725468,0.5870556
18194,0.08021325,0.516443,0.6972998,0.6907677,0.24816957
18195,0.0498659,0.9001793,0.67928505,0.90174776,0.256832
18196,0.05051767,0.79755676,0.6393984,0.7756048,0.023599293
18197,0.07765744,0.72990495,0.56505877,0.59537494,0.30497235
18198,0.25701845,0.8269914,0.7757747,0.7988153,0.056966383
18199,0.14596547,0.86339164,0.49642378,0.5951397,0.13534632
18200,0.13072868,0.66823107,0.7256486,0.86442494,0.07682221
18201,0.31415576,0.8130158,0.6845804,0.9164094,0.14755519
18202,0.13195427,0.7236025,0.5197346,0.8414352,0.16438228
18203,0.05561761,0.96138906,0.5292026,0.89733595,0.22051026
18204,0.31205547,0.6187228,0.4324229,0.8778961,0.056966383
18205,0.16371268,0.76100606,0.95506835,0.88059187,0.2391716
18206,0.14247034,0.7516481,0.6715783,0.79182106,0.03015741
18207,0.034684174,0.9459013,0.6894102,0.661595,0.15178062
18208,0.29360697,0.9069832,0.45389718,0.7465088,0.494385
18209,0.059319146,0.32028958,0.14342749,0.81479084,0.42530686
18210,0.1769559,0.84195566,0.57821,0.8062431,0.59502196
18211,0.26284185,0.8879841,0.7474317,0.9046505,0.20561503
18212,0.2120688,0.45232424,0.37851653,0.8085212,0.2104416
18213,0.227641,0.74521303,0.3242354,0.5462541,0.10411242
18214,0.0721122,0.79390603,0.6096404,0.95068645,0.051082738
18215,0.24454336,0.7252596,0.46942905,0.7294234,0.02727267
18216,0.15316878,0.626924,0.77475387,0.46056184,0.09842541
18217,0.12326006,0.86350673,0.63238925,0.7444706,0.20817892
18218,0.36206648,0.6633419,0.7995989,0.9024378,0.3989332
18219,0.027376488,0.66061044,0.7866228,0.63420355,0.03321117
18220,0.4424558,0.68151486,0.90295243,0.8581252,0.2594502
18221,0.7594039,0.65907604,0.41223437,0.9079672,0.3936181
18222,0.62360615,0.19698064,0.78613067,0.7169128,0.45762148
18223,0.3880961,0.073430054,0.6727618,0.35443306,0.29007506
18224,0.5159857,0.44287744,0.47671667,0.124638565,0.16105618
18225,0.5232681,0.27347738,0.38821205,0.03897507,0.17258982
18226,0.77407146,0.22354652,0.53446066,0.072243005,0.7509182
18227,0.4979248,0.15253653,0.6784335,0.19574778,0.40933883
18228,0.43068603,0.2703839,0.58284724,0.1437878,0.54815954
18229,0.6041654,0.16026603,0.2635994,0.1859472,0.6445608
18230,0.5071292,0.23057307,0.7318259,0.05561761,0.20513691
18231,0.6584175,0.1425897,0.37261936,0.15065254,0.5048941
18232,0.5792219,0.18271701,0.79358625,0.15065254,0.35510373
18233,0.75346667,0.08570928,0.5817784,0.11797801,0.25330648
18234,0.80131465,0.13117322,0.7657686,0.20609398,0.45983404
18235,0.2769838,0.08359067,0.45353413,0.11536139,0.38260272
18236,0.22524615,0.23091978,0.5136761,0.07356305,0.64646024
18237,0.14330755,0.29563648,0.4681523,0.20882356,0.26473838
18238,0.24508502,0.19193278,0.52772725,0.03155902,0.6436653
18239,0.5750511,0.2752271,0.59472775,0.12231338,0.6318215
18240,0.5402872,0.15253653,0.5687751,0.111627996,0.48977044
18241,0.29533154,0.064065434,0.6710396,0.22815649,0.25128007
18242,0.43488124,0.07723878,0.7789858,0.14151853,0.37662312
18243,0.68363076,0.3203959,0.39030153,0.068787284,0.49493045
18244,0.39396778,0.2875677,0.7397986,0.02433019,0.55983156
18245,0.4179246,0.41911292,0.34224167,0.110279374,0.61797386
18246,0.14694206,0.049773447,0.79597545,0.315947,0.59549254
18247,0.56190604,0.08803312,0.41211605,0.18417984,0.23757592
18248,0.604574,0.0434469,0.49261913,0.07696084,0.53849787
18249,0.66366893,0.38266036,0.46013728,0.1360335,0.7851439
18250,0.6715783,0.25183165,0.55546534,0.4597734,0.34004676
18251,0.42143276,0.08137364,0.5639784,0.12273334,0.7037531
18252,0.694199,0.16398026,0.44915098,0.13683893,0.59549254
18253,0.5548022,0.38566384,0.44866785,0.019832712,0.7071014
18254,0.8086723,0.3035253,0.62646705,0.16184944,0.6378207
18255,0.537011,0.3896046,0.54507387,0.5061719,0.21354114
18256,0.8477158,0.27454585,0.009559399,0.43686226,0.31837916
18257,0.30787802,0.059866417,0.027901376,0.50697666,0.60981464
18258,0.7898827,0.08929565,0.0062170783,0.3903596,0.50008065
18259,0.23563564,0.1322902,0.0022872277,0.6545636,0.6868954
18260,0.6751224,0.22051026,0.011869121,0.72603726,0.43236297
18261,0.465023,0.03027187,0.009020279,0.7801604,0.8535469
18262,0.57021165,0.7576151,0.013428255,0.60515755,0.335242
18263,0.31700322,0.5358879,0.021864556,0.76454014,0.6677979
18264,0.17009404,0.840521,0.008950711,0.6838419,0.5470709
18265,0.7523766,0.8749346,0.02655657,0.6371437,0.4765492
18266,0.67896587,0.385259,0.012053779,0.63849723,0.9293122
18267,0.44390172,0.62240195,0.021948254,0.6517983,0.4695811
18268,0.8045595,0.66257817,0.012100386,0.8729984,0.8248855
18269,0.76100606,0.7988153,0.0018031665,0.69368047,0.3975875
18270,0.7180016,0.8784186,0.0066153924,0.7799929,0.6451199
18271,0.37593555,0.6076632,0.009633652,0.6253237,0.87726665
18272,0.43032688,0.46216962,0.0065388246,0.52635795,0.39583462
18273,0.7558173,0.558327,0.0032224844,0.2683658,0.58474547
18274,0.7685595,0.46766603,0.003135836,0.7879312,0.5851011
18275,0.36761075,0.3284217,0.008985429,0.344223,0.7397986
18276,0.26340988,0.8499712,0.012527932,0.5401356,0.55799586
18277,0.81960475,0.5196432,0.014957086,0.100348406,0.2850733
18278,0.37662312,0.31216028,0.0075187176,0.79975533,0.33014715
18279,0.5254449,0.6082451,0.0025016968,0.51430124,0.31405056
18280,0.3312279,0.22388572,0.0034970103,0.7666432,0.4758793
18281,0.5856937,0.41258934,0.005576545,0.7687332,0.7478001
18282,0.5861083,0.7567173,0.021084841,0.50633967,0.77081
18283,0.35902697,0.22439517,0.012194132,0.79358625,0.4866517
18284,0.74706274,0.8523219,0.0035657366,0.8736466,0.6395109
18285,0.7900447,0.8191712,0.008985429,0.24472383,0.5694337
18286,0.8840393,0.57701874,0.0046095722,0.39111522,0.6666053
18287,0.4567429,0.72026986,0.019308086,0.761893,0.91383046
18288,0.5790434,0.74890363,0.018264277,0.70385486,0.87578696
18289,0.6913932,0.18668745,0.0020587533,0.5975492,0.7371582
18290,0.24617071,0.80084777,0.0055549247,0.59930927,0.44107103
18291,0.4933743,0.45184046,0.0023231625,0.6703925,0.2724115
18292,0.5551338,0.5409845,0.019681409,0.20339088,0.5089712
18293,0.40957496,0.79597545,0.023464657,0.734691,0.2955348
18294,0.5599519,0.6304574,0.013902059,0.5827879,0.65379035
18295,0.2148561,0.7577944,0.93546456,0.36886024,0.090092994
18296,0.38867602,0.3711366,0.9658996,0.6695288,0.14829372
18297,0.4098702,0.7301937,0.9851003,0.6220002,0.33241877
18298,0.5301301,0.45704582,0.99486035,0.3982309,0.20545557
18299,0.4115838,0.5570925,0.9619649,0.7426084,0.39152226
18300,0.1664043,0.5809465,0.9555686,0.3745619,0.45292914
18301,0.6338636,0.6225741,0.97140163,0.3624049,0.5767804
18302,0.14390805,0.44782248,0.96391606,0.30486888,0.3903596
18303,0.5123114,0.8262917,0.9555686,0.7405498,0.42399454
18304,0.87883514,0.86669767,0.8299059,0.29370826,0.28189954
18305,0.52188236,0.78695047,0.89912134,0.3110082,0.63011605
18306,0.6939917,0.5016508,0.98141783,0.65201986,0.56166565
18307,0.81257004,0.2590751,0.9217811,0.3270232,0.7009972
18308,0.7325918,0.745954,0.9351099,0.0946777,0.34356195
18309,0.48566067,0.5307686,0.9740426,0.26961395,0.5771379
18310,0.64880025,0.58450836,0.81257004,0.4478829,0.5200393
18311,0.46110776,0.8047131,0.7864589,0.38937238,0.71153116
18312,0.5768996,0.5960218,0.84208554,0.41632196,0.5224915
18313,0.36681652,0.53509843,0.9347534,0.7989722,0.5791624
18314,0.5379821,0.45907614,0.9532751,0.48508894,0.22270013
18315,0.8286616,0.6905591,0.96253246,0.53552353,0.69863796
18316,0.7841538,0.685318,0.9757161,0.4566218,0.5868188
18317,0.15115306,0.5986056,0.8975158,0.17681369,0.38508555
18318,0.5515134,0.79182106,0.9364014,0.41608468,0.38462317
18319,0.20737518,0.3094409,0.96820134,0.2630311,0.52962834
18320,0.23528406,0.7096232,0.91259205,0.2948237,0.64924514
18321,0.38323727,0.38381448,0.97288233,0.35835305,0.43314204
18322,0.5550735,0.5752301,0.9492005,0.3382957,0.49243984
18323,0.73392886,0.9375548,0.98421544,0.23283306,0.2920902
18324,0.61144,0.5085288,0.98469365,0.65951484,0.62303287
18325,0.3788612,0.572663,0.9774139,0.50506955,0.3978799
18326,0.5824317,0.18111832,0.9890976,0.3738758,0.25870037
18327,0.57654196,0.44993636,0.8200375,0.6210239,0.5269057
18328,0.51656497,0.5717666,0.9219218,0.5174947,0.22695492
18329,0.3875744,0.3191214,0.93880075,0.10837754,0.34886694
18330,0.9034647,0.4237561,0.9510514,0.38093165,0.3994016
18331,0.2607658,0.70568365,0.91505283,0.4464042,0.62566686
18332,0.09842541,0.16626887,0.966347,0.79613405,0.23739909
18333,0.13262685,0.49711037,0.9800913,0.64980084,0.79246426
18334,0.24059612,0.56799656,0.8822251,0.33350322,0.20593424
18335,0.68710536,0.91490096,0.966028,0.18952109,0.31848517
18336,0.2338813,0.35913935,0.94143915,0.75904685,0.3762793
18337,0.8204695,0.5861083,0.93593454,0.4971886,0.6541219
18338,0.583144,0.8283842,0.954393,0.79613405,0.74576885
18339,0.5808871,0.6196439,0.96329963,0.5465264,0.4938396
18340,0.68257374,0.6502452,0.87568074,0.6759785,0.69884354
18341,0.5357968,0.7789858,0.7292306,0.5757073,0.57737625
18342,0.59166425,0.84453726,0.97052056,0.60428214,0.0070664007
18343,0.651133,0.7329743,0.9285385,0.767167,0.009161027
18344,0.55459106,0.1668111,0.9888419,0.35075492,0.007289077
18345,0.4723792,0.48954162,0.8951567,0.22151907,0.04410091
18346,0.54383254,0.7704648,0.9522199,0.33644006,0.015130728
18347,0.008511303,0.6072557,0.8305941,0.725843,0.003442981
18348,0.03574581,0.46298894,0.9119669,0.47676235,0.002946405
18349,0.056029383,0.5420453,0.9488225,0.25312182,0.003839395
18350,0.002217013,0.5341569,0.9633687,0.39280254,0.010328152
18351,0.019531239,0.62566686,0.98913974,0.5487944,0.0057974015
18352,0.0071491017,0.48163667,0.92290026,0.8040984,0.009746104
18353,0.009859855,0.548613,0.9737945,0.39981166,0.009125637
18354,0.0066153924,0.47772166,0.9757624,0.5707501,0.014672035
18355,0.011419615,0.8077641,0.95159405,0.5812437,0.009196552
18356,0.0040072887,0.692642,0.9257686,0.1664043,0.0041019293
18357,0.001882186,0.54062074,0.9817707,0.7232117,0.0055549247
18358,0.013376604,0.6773673,0.96182173,0.6073139,0.0055119344
18359,0.011029471,0.276007,0.98771137,0.17610413,0.01919745
18360,0.00519988,0.2617081,0.8949732,0.48349598,0.023065226
18361,0.0047183693,0.6599533,0.8872046,0.6762993,0.0012594986
18362,0.005708034,0.82949203,0.9704086,0.60264635,0.006692851
18363,0.0044165556,0.5757073,0.961171,0.56172574,0.020685459
18364,0.02727267,0.1465752,0.9384633,0.5425906,0.016593177
18365,0.0013354007,0.017644463,0.96182173,0.18184364,0.011732464
18366,0.0012693645,0.0019342611,0.98190993,0.38728473,0.008577486
18367,0.0065897717,0.0011116682,0.9691495,0.49356493,0.0013885233
18368,0.021698097,0.037397135,0.97800976,0.0055333884,0.004591684
18369,0.0043483814,0.006097562,0.9253649,0.022889841,0.009161027
18370,0.034684174,0.003260346,0.9535353,0.061199225,0.027066175
18371,0.0043823365,0.0049436893,0.9916842,0.013376604,0.06608538
18372,0.0020667946,0.0019723359,0.99304235,0.028220989,0.009020279
18373,0.006168995,0.003869391,0.93367314,0.0190509,0.012288597
18374,0.0029008575,0.0046455576,0.9302051,0.0022872277,0.0061212815
18375,0.0031480708,0.0038096302,0.9700135,0.01812472,0.019234259
18376,0.08740792,0.021004366,0.9436599,0.057599206,0.020884218
18377,0.008881675,0.00402291,0.9558166,0.0055333884,0.0027900378
18378,0.014392336,0.006289902,0.9820826,0.026405517,0.010570489
18379,0.002693914,0.013636836,0.8716935,0.008881675,0.024376597
18380,0.007232764,0.010611421,0.8767399,0.024376597,0.006097562
18381,0.0012065897,0.007907292,0.9263037,0.0063883206,0.0071491017
18382,0.0019646613,0.007665875,0.8626991,0.011961099,0.0053225355
18383,0.004556114,0.0043483814,0.90481883,0.009340025,0.90105337
18384,0.021574067,0.042722195,0.85693204,0.002463007,0.89010334
18385,0.007846239,0.008348054,0.95938325,0.012383785,0.97267544
18386,0.005159623,0.064065434,0.97046465,0.024987794,0.97023994
18387,0.0014325366,0.014009566,0.93045825,0.005343256,0.8728902
18388,0.0040072887,0.019794779,0.9071478,0.010611421,0.9839091
18389,0.021532876,0.011597362,0.86499614,0.008251599,0.891811
18390,0.0017007225,0.005911069,0.7345006,0.005159623,0.9113377
18391,0.010169658,0.011331754,0.87810534,0.0021657674,0.9190633
18392,0.008711385,0.007846239,0.91949815,0.016914913,0.9168571
18393,0.0044165556,0.008061991,0.8352149,0.012194132,0.94776917
18394,0.007289077,0.015784562,0.96609205,0.0032476764,0.9717254
18395,0.008677716,0.0032986512,0.6721165,0.007907292,0.9759464
18396,0.01155267,0.0046095722,0.9549004,0.016914913,0.95719784
18397,0.0012497094,0.00091819005,0.9774571,0.009522486,0.96641046
18398,0.0032986512,0.002800927,0.98020524,0.003135836,0.9216402
18399,0.023109278,0.0016040892,0.99293363,0.0018243829,0.9020933
18400,0.002521268,0.0145595195,0.8912444,0.01919745,0.9119669
18401,0.007093862,0.021948254,0.9541374,0.004886375,0.98076576
18402,0.0021239663,0.036220055,0.9323302,0.0009362828,0.97863114
18403,0.0131212715,0.0071214284,0.93403506,0.006265534,0.7547343
18404,0.0022606407,0.009196552,0.9685006,0.024609929,0.83141696
18405,0.92944044,0.011201214,0.95679593,0.0029235429,0.93033177
18406,0.9535353,0.00698465,0.9827572,0.0041824942,0.9730877
18407,0.94197524,0.015906392,0.87439936,0.011029471,0.7841538
18408,0.98922324,0.002631674,0.96961325,0.0065897717,0.86737317
18409,0.96432143,0.06500873,0.9548163,0.0060269516,0.9730365
18410,0.94355595,0.010489091,0.9595352,0.005099818,0.88263035
18411,0.95751673,0.001882186,0.9874721,0.0107351625,0.91789335
18412,0.9457011,0.023065226,0.98498523,0.007665875,0.9592307
18413,0.9946568,0.02964751,0.7889086,0.020488555,0.8321002
18414,0.9853843,0.007695647,0.91181,0.07558479,0.85776806
18415,0.82118756,0.010368157,0.66747284,0.000932636,0.8834373
18416,0.86916035,0.10989668,0.92892635,0.0053225355,0.91655886
18417,0.99333304,0.005240449,0.9546474,0.92775697,0.9144437
18418,0.9233162,0.0015129384,0.97724086,0.9265699,0.9772842
18419,0.9675945,0.017644463,0.9828892,0.9587699,0.96795994
18420,0.9466954,0.012053779,0.9097468,0.88543355,0.9582261
18421,0.88059187,0.032283258,0.9537082,0.9563089,0.9790758
18422,0.9803562,0.0011786721,0.9540518,0.97046465,0.97074324
18423,0.9579909,0.8763172,0.9296961,0.938576,0.876423
18424,0.7320175,0.98986953,0.95292586,0.91413754,0.9608783
18425,0.96765566,0.94176143,0.96232057,0.7130322,0.9436599
18426,0.8413048,0.96323055,0.9957353,0.87125593,0.9408984
18427,0.9686196,0.88856554,0.94776917,0.95589906,0.81640637
18428,0.95506835,0.7890712,0.96628344,0.8862236,0.95013416
18429,0.9812029,0.9326989,0.9743861,0.91274774,0.7831604
18430,0.9281487,0.9590777,0.928668,0.59801877,0.8656789
18431,0.950411,0.937669,0.9433476,0.950411,0.96498734
18432,0.9470882,0.93451476,0.97134733,0.78727776,0.9223426
18433,0.9555686,0.9722044,0.9603612,0.8502201,0.87726665
18434,0.9576754,0.97389406,0.88463867,0.8057851,0.9273633
18435,0.9533619,0.725065,0.9588471,0.98184055,0.96160597
18436,0.9860443,0.8614217,0.9923044,0.95159405,0.96795994
18437,0.96989965,0.7194822,0.97112906,0.9396923,0.93367314
18438,0.9604354,0.80162543,0.91259205,0.9785493,0.91550726
18439,0.85034436,0.9224824,0.9224824,0.8240375,0.92206234
18440,0.9531008,0.9159594,0.601535,0.97085404,0.95540243
18441,0.95998776,0.83359575,0.98672616,0.8840393,0.97838473
18442,0.97711015,0.7010995,0.7367796,0.6272665,0.9462997
18443,0.95379424,0.9272316,0.9216402,0.96641046,0.9265699
18444,0.97090924,0.63928574,0.9353465,0.9758085,0.9078038
18445,0.9537082,0.7988153,0.9280184,0.95869267,0.9530133
18446,0.9914556,0.8645393,0.9298237,0.947381,0.9498557
18447,0.92956835,0.9516839,0.8385476,0.962462,0.98761624
18448,0.9672869,0.6955449,0.9513234,0.8345418,0.7088176
18449,0.9348725,0.7916601,0.9694979,0.97923523,0.9668514
18450,0.97313875,0.88778967,0.9604354,0.94417685,0.69118476
18451,0.8342719,0.7779754,0.8236123,0.97414124,0.9378969
18452,0.94208187,0.9159594,0.92495924,0.96609205,0.9444849
18453,0.98076576,0.8342719,0.96203625,0.9759464,0.876423
18454,0.95589906,0.88700897,0.91949815,0.92683524,0.9296961
18455,0.98024315,0.87578696,0.8789391,0.9791557,0.9234544
18456,0.9431384,0.86188734,0.00031999825,0.9537082,0.90481883
18457,0.93033177,0.96753323,0.0002551414,0.9701835,0.8806945
18458,0.9643886,0.9738444,0.0006436856,0.8429925,0.9034647
18459,0.9622497,0.9274948,0.0004390453,0.8311431,0.8700462
18460,0.8482194,0.9524858,0.00057254656,0.97414124,0.8333246
18461,0.97997653,0.93880075,0.0032986512,0.9534488,0.61745495
18462,0.9520419,0.6254381,0.0001168284,0.6491339,0.74853617
18463,0.9701835,0.74761593,0.0011203773,0.85158294,0.9328214
18464,0.9443824,0.5426815,0.0011786721,0.94600123,0.9549844
18465,0.8840393,0.92093205,0.0002824081,0.81286734,0.8578872
18466,0.950411,0.94176143,0.0009547317,0.94068086,0.94901186
18467,0.98184055,0.87578696,5.307508e-05,0.91228,0.9260366
18468,0.98235554,0.95945925,0.00095101306,0.9257686,0.7879312
18469,0.9722571,0.75635755,0.0002287133,0.95679593,0.71133065
18470,0.93732566,0.61068565,0.0010403185,0.89533985,0.961171
18471,0.9870297,0.7947038,0.00042388475,0.92944044,0.9800913
18472,0.96753323,0.8830344,0.0012448432,0.98235554,0.9174507
18473,0.9805807,0.9655115,0.00036400868,0.91565824,0.99101454
18474,0.9510514,0.94176143,0.0011786721,0.94728357,0.88700897
18475,0.83031917,0.9352283,0.0015367271,0.87375444,0.7241881
18476,0.9743861,0.4957429,0.00040924744,0.8818186,0.929951
18477,0.98667485,0.35242462,0.0006361912,0.7525585,0.96641046
18478,0.9079672,0.91413754,0.0001344663,0.94639885,0.71173155
18479,0.85269034,0.95945925,2.3007036e-05,0.97324073,0.6878397
18480,0.9850429,0.8267118,6.976471e-05,0.97467697,0.8576489
18481,0.9378969,0.93158704,0.00028910325,0.94639885,0.85693204
18482,0.98155975,0.9549844,9.610242e-05,0.9530133,0.6532375
18483,0.9181873,0.9142907,3.883111e-05,0.84695786,0.45619774
18484,0.9531008,0.7097238,0.00049168157,0.817283,0.9043131
18485,0.96672606,0.9431384,0.00017674513,0.9599126,0.9509604
18486,0.8984106,0.96378,0.0010817152,0.8330532,0.5368896
18487,0.9405718,0.97112906,0.0013147246,0.8889517,0.8115267
18488,0.9820826,0.9545628,0.00041406954,0.87831426,0.9291838
18489,0.9638481,0.7676898,0.00024729347,0.79502225,0.84479356
18490,0.9382373,0.91550726,0.00089344557,0.8525676,0.9199307
18491,0.9333094,0.7540105,0.0044165556,0.84530497,0.82573026
18492,0.98803884,0.98065484,0.000310156,0.8191712,0.9686196
18493,0.94218844,0.89606965,0.0007643033,0.97369474,0.79390603
18494,0.9724148,0.87914675,0.002434382,0.9092645,0.97267544
18495,0.9884919,0.96411926,0.00019871553,0.91505283,0.9874236
18496,0.87147486,0.7509182,5.5622066e-05,0.9673486,0.94844174
18497,0.947186,0.8520759,0.0007321813,0.9533619,0.93651766
18498,0.9619649,0.9526623,0.00049553596,0.8525676,0.96210754
18499,0.97339284,0.9478657,7.0863265e-05,0.9428234,0.93569994
18500,0.9517737,0.8594279,0.0006798429,0.9546474,0.9073123
18501,0.95540243,0.8769509,0.00035836728,0.8525676,0.84872156
18502,0.97052056,0.8537909,8.888085e-05,0.94891727,0.61630094
18503,0.84195566,0.80685264,0.008156248,0.880797,0.8596637
18504,0.9407897,0.8967949,0.0019646613,0.6974029,0.89442116
18505,0.9492005,0.9334308,0.0010944522,0.67608553,0.92206234
18506,0.7222333,0.88563144,0.00096975197,0.9285385,0.97462875
18507,0.85693204,0.8580062,0.0003366622,0.86281466,0.9678993
18508,0.7516481,0.9511422,0.00041245588,0.93451476,0.7559974
18509,0.91891783,0.8976953,0.00028910325,0.8889517,0.93451476
18510,0.91964257,0.9701269,0.00035836728,0.9404625,0.91228
18511,0.8818186,0.81271875,0.0004691764,0.9056566,0.93195957
18512,0.94853723,0.8646537,0.0005274784,0.8838389,0.6577583
18513,0.8720208,0.9830851,0.004962942,0.86826926,0.9701835
18514,0.89715594,0.74502754,0.0009547317,0.882022,0.937783
18515,0.8631611,0.6584175,0.0003327413,0.9034647,0.9696707
18516,0.93045825,0.8750414,0.0017821963,0.9467938,0.87726665
18517,0.92775697,0.72301626,0.00037118542,0.9032942,0.790692
18518,0.9448931,0.81960475,0.00013032975,0.8581252,0.9914556
18519,0.94825053,0.87914675,0.00014091856,0.92262185,0.7523766
18520,0.990732,0.78431904,0.0006386796,0.98799264,0.9443824
18521,0.97052056,0.8596637,0.0018895386,0.8716935,0.74632394
18522,0.9860443,0.51539123,0.0003150387,0.87987113,0.86916035
18523,0.9816304,0.9026096,0.000865981,0.92944044,0.828523
18524,0.98439646,0.5856937,0.00039977103,0.9513234,0.96073127
18525,0.9403531,0.5477665,0.00013765463,0.9049869,0.92892635
18526,0.87191176,0.73961055,0.00026323833,0.59837085,0.9763557
18527,0.9587699,0.8984106,8.68221e-05,0.9312127,0.9673486
18528,0.94699025,0.77713084,0.00010554686,0.74148685,0.90448195
18529,0.91920847,0.9253649,0.0001673405,0.9364014,0.888372
18530,0.95938325,0.95719784,0.00035281325,0.96628344,0.95679593
18531,0.88778967,0.8031738,0.00020662983,0.9868787,0.9022657
18532,0.8509647,0.9537082,0.00031999825,0.9180404,0.6423203
18533,0.97711015,0.9361684,0.0015854308,0.92617035,0.0010608152
18534,0.76506716,0.9548163,0.0003935756,0.9758546,0.00081355654
18535,0.98469365,0.8797679,0.00012053649,0.91550726,0.0006719278
18536,0.9500415,0.98087597,0.0006361912,0.88263035,3.3474687e-05
18537,0.9874721,0.9658996,0.00025714198,0.936285,0.00016474655
18538,0.98340684,0.96628344,0.0001344663,0.9326989,7.905304e-05
18539,0.97134733,0.94796216,0.00058840885,0.950503,0.00016093082
18540,0.9881309,0.8414352,0.0020269002,0.91789335,0.0003327413
18541,0.78596646,0.9241418,0.0007041516,0.88161486,3.3737226e-05
18542,0.98752034,0.77407146,0.00011235328,0.98892784,0.00043055712
18543,0.909907,0.90681833,0.0013458604,0.9712385,0.000310156
18544,0.9696707,0.95275027,0.00012533752,0.98799264,0.00046552691
18545,0.95791227,0.80837,0.0007350449,0.9825575,0.0007069056
18546,0.8101787,0.6257812,0.00026947918,0.9523088,0.0011469158
18547,0.97409195,0.8659059,0.0015188508,0.56499875,0.00081993215
18548,0.99187535,0.66377795,0.0001344663,0.9164094,0.00043563012
18549,0.9518632,0.8356178,0.0038543637,0.66377795,0.00016865275
18550,0.9274948,0.89048487,0.00012632043,0.96189344,0.0005976694
18551,0.9754836,0.83400166,0.0006959537,0.8349459,0.00046010586
18552,0.9564718,0.767167,0.00062389387,0.88856554,0.00090396777
18553,0.9864157,0.9240048,0.0005614788,0.71012604,0.0007152324
18554,0.9589241,0.91978675,0.0005112579,0.9697281,0.0011424496
18555,0.96182173,0.6109178,0.00013552078,0.9378969,0.0002824081
18556,0.95068645,0.93403506,0.0005053046,0.8233284,0.0003029734
18557,0.97737074,0.96820134,0.001294368,0.9526623,0.00012243443
18558,0.81640637,0.40668526,8.614651e-05,0.9436599,0.0003459916
18559,0.94901186,0.62909126,0.00042058743,0.5833814,6.605215e-05
18560,0.9520419,0.78825736,0.0003668626,0.88582915,0.001455063
18561,0.9567152,0.95814794,0.00012931564,0.9563089,0.000104725565
18562,0.96253246,0.5858122,0.0008167381,0.92683524,0.00032250723
18563,0.9510514,0.91321325,0.00015476662,0.9193534,0.00024536948
18564,0.9119669,0.9462997,0.0011513996,0.94165415,0.00014883849
18565,0.9394706,0.92107415,0.00095101306,0.9152046,0.00035557945
18566,0.9130583,0.891055,0.00037850367,0.0055549247,0.00019716943
18567,0.97262347,0.8866169,0.00014091856,0.00041245588,0.00012148176
18568,0.86048645,0.83250916,0.00041894842,0.0003275843,0.00032250723
18569,0.9213576,0.79518133,0.00058611616,0.0009362828,0.00014883849
18570,0.9754836,0.876423,0.0003175088,5.2662068e-05,9.4612624e-05
18571,0.9922444,0.9305845,0.0006361912,0.000115017356,0.00083935994
18572,0.98959166,0.7153245,0.00021318757,0.00010889691,0.0012255674
18573,0.92944044,0.0005295418,0.000110611596,0.00016474655,0.00036543285
18574,0.83801806,0.000965975,0.00015118199,0.00046552691,5.694103e-05
18575,0.96073127,0.00044076296,0.00019411318,0.00076729245,0.00024346048
18576,0.96485513,0.00047101185,0.00046734812,0.0006959537,0.0001313518
18577,0.94853723,0.0003175088,0.00025118678,0.0010282109,7.141902e-05
18578,0.8518296,0.0002758679,4.264747e-05,0.00047656128,0.00010975091
18579,0.9487276,0.0005953407,0.000865981,0.00042720788,2.5466403e-05
18580,0.9470882,0.0002758679,0.00010229985,0.0006462033,0.0004339325
18581,0.9645224,0.0011424496,0.00042223287,0.0005193049,0.0003175088
18582,0.9043131,0.0005703157,8.349628e-05,0.00036973887,0.0005378764
18583,0.68056023,0.0006615174,0.00058155763,0.00017536995,0.0006589401
18584,0.9788344,0.0003935756,0.0011160142,0.00035006859,0.0006693099
18585,0.97520185,0.00044945232,5.307508e-05,0.0013045066,0.0012497094
18586,0.96814114,0.0005636751,0.00035836728,0.00053161324,0.0007041516
18587,0.94966936,0.00021654405,0.00095846487,0.000865981,0.00010229985
18588,0.0003799845,0.00026738262,0.0003473453,0.000104725565,0.00012731104
18589,0.0008864989,0.000101503836,0.0039300853,0.00020342697,0.00029827765
18590,0.00085924764,0.0003175088,0.007665875,0.00026738262,0.0012160416
18591,0.00022341637,0.00012931564,0.025274897,0.000310156,0.00024923251
18592,0.00060471025,0.00010554686,0.05005131,0.00040606395,0.00042223287
18593,0.0014664583,0.00090396777,0.0057974015,0.00042887923,0.0004156895
18594,0.0004691764,0.00023968685,0.0016103574,0.0011925492,0.0010083435
18595,0.00044595622,0.0003029734,0.003197487,0.00044076296,0.0005072813
18596,0.0005442133,0.00046371284,0.01685008,0.0012893283,0.000110611596
18597,0.00019411318,6.868318e-05,0.0072608665,0.000559291,0.00035281325
18598,0.0013354007,0.00080095365,0.010209055,0.00029827765,0.00037702857
18599,0.00092538487,8.415109e-05,0.01621503,0.0006615174,0.0003366622
18600,0.0007524628,0.0003125878,0.008156248,0.00038147115,0.0005838325
18601,0.0007643033,3.7931623e-05,0.0067449897,0.003135836,0.0004322415
18602,0.00037118542,0.0003150387,0.003945407,0.0024822769,0.0012793075
18603,0.0016613906,4.611275e-05,0.004038592,0.0008899655,0.0006641048
18604,0.0011832798,0.0012255674,0.0053018946,0.0005747862,0.00017536995
18605,0.0006190417,0.0002082501,0.004556114,0.00017265156,0.0007947255
18606,7.782753e-05,0.0003473453,0.005343256,0.00047101185,0.00015000567
18607,0.00029137006,0.0006563728,0.009746104,0.00027372167,0.0003029734
18608,0.0003740956,0.00018814208,0.01627746,5.8291265e-05,0.00027159214
18609,0.0009773504,0.00080095365,0.0024534282,0.0012693645,0.0008693674
18610,0.00042058743,0.0025016968,0.0013354007,0.0010242064,0.00030061635
18611,0.00085924764,1.4285518e-05,0.0032476764,0.0064882697,0.00075540564
18612,0.0004859561,0.00035697065,0.0009773504,0.0010775026,0.0010987311
18613,7.843789e-05,0.00010391067,0.010818449,0.00018093576,0.000117744596
18614,0.0013993983,0.0002846224,0.005576545,0.00109019,0.00032503586
18615,0.00036829791,0.00025915826,0.0045208177,0.0024060889,0.00198004
18616,0.00078547397,0.0007408056,0.014009566,5.6497935e-05,0.0006462033
18617,0.000113234375,0.00048785712,0.007785655,0.00028021098,0.00015843622
18618,0.00040133507,0.0010817152,0.0046636546,0.002396731,0.00028021098
18619,0.0008864989,0.00081038737,0.0027044292,0.0012743262,0.0002758679
18620,0.00058840885,0.0019418169,0.01001357,0.00071802974,0.0005399804
18621,0.0010083435,5.7837664e-05,0.0029579026,0.0006745559,0.0003859661
18622,0.00012931564,0.00047656128,0.0060035964,0.001133569,0.00095846487
18623,0.0012065897,0.00055494095,0.009020279,0.0013831174,0.00018814208
18624,0.00065126823,0.0022518474,0.017576884,0.001032231,0.0040701376
18625,0.00023597175,0.0005274784,0.0024438868,0.0009927262,0.00083935994
18626,0.00038296366,0.00020184422,0.006903838,0.00044945232,0.0005747862
18627,0.0002758679,0.0013511209,0.00042223287,0.0004076526,9.83812e-05
18628,0.0001823546,0.0012793075,0.002472623,0.0006589401,0.00032503586
18629,0.00043733438,0.0011424496,0.00071802974,0.00029827765,0.0006693099
18630,0.0022783307,0.00012436225,0.0019267347,0.0008295892,0.00024346048
18631,0.0022083889,0.002296159,0.004591684,0.0003029734,0.00014091856
18632,0.00090750254,0.0002216781,0.009633652,0.0015978456,3.3474687e-05
18633,0.00026530237,0.0009966077,0.0021405893,0.0004840624,0.00025118678
18634,0.00035557945,0.0017961492,0.0075187176,7.722192e-05,9.028039e-05
18635,0.00034196206,0.0013511209,0.009670992,0.00042720788,0.00048029725
18636,0.00052133633,0.0013406203,0.0015247863,0.0008796062,0.00049168157
18637,0.0001072088,0.0008693674,0.0022083889,0.00023968685,8.888085e-05
18638,0.0011247575,0.0005399804,0.0053849383,0.0005838325,7.031184e-05
18639,0.00017952797,0.00023050673,0.0005420927,0.004150081,7.905304e-05
18640,0.0006166297,0.000932636,0.00011235328,0.00048217614,0.00010889691
18641,0.00039977103,0.0019646613,0.0007096704,5.307508e-05,0.00014768039
18642,0.00048029725,0.0014607495,0.0014381354,0.0003150387,0.0010566838
18643,0.0016229671,0.0009966077,0.0011160142,0.0011424496,0.000981172
18644,0.00012830943,0.0004339325,0.00057254656,0.00033797944,0.00015598028
18645,0.0007916296,0.00037555923,0.00075540564,0.00023050673,0.00029137006
18646,0.00062389387,0.00079783343,0.00047285444,0.0049245106,2.6480842e-05
18647,0.00034196206,0.00021654405,0.00060471025,0.0004424873,0.00052133633
18648,0.0007408056,0.00074661145,0.00018667821,0.00013552078,0.00042058743
18649,0.0003029734,0.0002824081,0.0003597694,0.00025915826,0.0008167381
18650,0.00038747612,0.00091819005,8.614651e-05,0.0005747862,0.00018093576
18651,0.0013670257,0.0003125878,0.0002216781,0.00089344557,0.00019871553
18652,0.00029137006,0.00025915826,9.535461e-05,0.00033535014,0.0001823546
18653,0.000113234375,0.00072365726,0.0012207952,0.00023968685,0.00039666123
18654,0.00041245588,0.0004565269,7.967301e-05,0.0002758679,0.00037118542
18655,0.0017752605,0.0003150387,0.00020662983,0.000493605,6.761842e-05
18656,0.0006337125,0.0009362828,0.0003029734,0.00013342,0.00022693386
18657,0.00016093082,0.00043563012,0.000310156,0.00035419365,0.00023050673
18658,0.00032503586,0.0002098831,0.0006932423,0.00027372167,0.00033535014
18659,0.0006386796,0.00030534892,0.0022606407,0.0016103574,0.0012448432
18660,0.0003799845,0.00021995338,0.0003175088,5.9209164e-05,0.00012148176
18661,0.0057749297,0.00089344557,0.0001344663,0.0004583129,8.957789e-05
18662,0.0036076165,0.00089693937,5.0250615e-05,0.00033797944,0.0003406293
18663,0.00091819005,0.0003487043,0.0005399804,0.0011469158,0.00040133507
18664,0.00026530237,0.00016997529,0.00084264233,0.00010889691,0.00022341637
18665,0.003692853,0.0007152324,0.00078241405,0.001032231,0.00076729245
18666,0.0004424873,0.00041894842,7.0863265e-05,0.001032231,0.0005614788
18667,0.0013939502,0.00010554686,0.00019563535,0.00039204178,0.000117744596
18668,0.00015967865,0.0004565269,0.00024729347,0.00042887923,0.0004322415
18669,0.0006386796,0.00019260288,0.0011030267,0.00077632995,8.888085e-05
18670,0.000493605,0.0002959571,7.426381e-05,0.001507049,0.0011247575
18671,0.0005442133,0.00027803096,0.001591626,8.2846556e-05,0.00028910325
18672,0.00065126823,0.00036543285,0.0003150387,0.00069867563,0.00019563535
18673,0.0007041516,0.0005053046,0.00017952797,0.00025118678,0.00033015272
18674,0.00035006859,0.00023050673,0.00047285444,0.00024923251,0.00021152887
18675,0.0020427648,0.0010044164,0.01778039,0.00017674513,5.3491327e-05
18676,0.0015307452,0.00021824206,0.12721828,0.0003726377,0.0003077431
18677,0.0009773504,0.00021824206,0.025178842,0.0005420927,0.00023050673
18678,0.0007096704,0.00015843622,0.013273886,0.001044386,0.00059071044
18679,0.0001634647,0.00036117696,0.0269635,0.00020342697,0.00017536995
18680,0.00027159214,0.00044076296,0.026455775,0.0012160416,0.0017207355
18681,0.00056588,0.0006142272,0.0065897717,8.156225e-05,3.3737226e-05
18682,0.00024536948,0.0003175088,0.05300977,0.00046190585,0.00019260288
18683,0.00029827765,0.00049168157,0.0035936027,0.00023782204,0.0011740822
18684,0.00042554305,0.0007408056,0.01678549,0.00109019,4.908662e-05
18685,0.00092900335,0.00043055712,0.075858176,0.00050333556,0.00017536995
18686,0.00059071044,0.0019646613,0.029145971,0.0012160416,9.993032e-05
18687,0.00028021098,0.00049553596,0.031678624,0.0015978456,7.662102e-05
18688,0.00012632043,0.000115017356,0.09186979,0.00046371284,0.0040701376
18689,0.00071802974,5.8291265e-05,0.046638038,0.0006000072,0.022328783
18690,0.0015427324,0.000113234375,0.075858176,0.002631674,0.04115289
18691,0.0006563728,0.00074953143,0.0067188703,8.092757e-05,0.0014437558
18692,0.0007379196,0.0001344663,0.035078675,0.00042554305,0.004248079
18693,0.00083935994,0.00039511538,0.01840489,0.00029365462,0.0061212815
18694,0.00044421837,0.0005636751,0.025274897,0.00023413582,0.003750789
18695,0.00041084853,0.00036259004,0.093678005,0.0003077431,0.0049245106
18696,0.00019260288,0.00026738262,0.083890386,0.00028021098,0.004314688
18697,0.00018814208,0.00014768039,0.027795624,0.0002824081,0.026455775
18698,0.0004029052,0.0003275843,0.16858302,0.00040448149,0.0035380863
18699,0.0005378764,0.00045474793,0.040769268,0.00090396777,0.0021074724
18700,0.0007379196,0.0003175088,0.02211659,0.0013885233,0.0013885233
18701,0.07654563,0.00035836728,0.02727267,0.000101503836,0.022715755
18702,0.016029147,0.0002846224,0.03378023,0.0030396497,0.006241259
18703,0.023825368,8.547617e-05,0.22798456,0.00698465,0.007876706
18704,0.0032986512,0.00046734812,0.08093671,0.011244561,0.009974921
18705,0.009449081,0.00027803096,0.0032224844,0.02865267,0.002396731
18706,0.02532306,0.00023231418,0.030043371,0.012479699,0.002157342
18707,0.0031850608,0.00015236755,0.032222297,0.029986508,0.0047000605
18708,0.0023596608,0.00035697065,0.007636216,0.00069054146,0.003649987
18709,0.0070117954,0.00024536948,0.004848533,0.03216145,0.0013354007
18710,0.0057974015,0.00019871553,0.010169658,0.002157342,0.013222822
18711,0.00268344,0.0020427648,0.043772742,0.01450358,0.0034834242
18712,0.0015247863,0.00092178053,0.012673736,0.05439932,0.014842416
18713,0.022542967,0.00020027377,0.014785407,0.024940254,0.010052369
18714,0.0015669889,3.2444816e-05,0.0705596,0.0038844766,0.0020111583
18715,0.020332353,0.0010944522,0.03234433,0.0060269516,0.0057974015
18716,0.021864556,0.0011972112,0.09825223,0.011823394,0.0029235429
18717,0.009485713,0.0002846224,0.068288535,0.00685048,0.027376488
18718,0.028598359,0.00050333556,0.085403666,0.02145073,0.0014721896
18719,0.0018243829,0.0001673405,0.03594832,0.0031726826,0.004314688
18720,0.005240449,0.003429604,0.033399824,0.00930395,0.005060332
18721,0.019419348,0.0003889921,0.03149938,0.0072608665,0.008061991
18722,0.002521268,0.0002846224,0.0349467,0.005281334,0.0022518474
18723,0.003707253,0.0007643033,0.07030385,0.0044857943,0.0012893283
18724,0.024099445,0.00022341637,0.27279878,0.009522486,0.008061991
18725,0.00402291,0.0054059005,0.028328313,0.009898064,0.006145092
18726,0.0042315875,0.0070664007,0.02854415,0.013795364,0.004556114
18727,0.003004343,0.003839395,0.046724956,0.05281402,0.0123361
18728,0.005159623,0.010052369,0.03601607,0.0010083435,0.009376237
18729,0.016466174,0.017576884,0.016466174,0.017375665,0.00027159214
18730,0.031439852,0.0048674177,0.006903838,0.004150081,0.00020184422
18731,0.0030278352,0.009449081,0.0128707485,0.008124708,0.00027159214
18732,0.006289902,0.003976228,0.057705317,0.007204769,0.00054847926
18733,0.004468384,0.012821214,0.051367506,0.007093862,0.00046190585
18734,0.00305151,0.002074867,0.000865981,0.019345105,8.029784e-05
18735,0.006097562,0.017917344,0.0010525686,0.015072629,0.00017813111
18736,0.0014381354,0.0017752605,0.0009773504,0.0009773504,0.00030534892
18737,0.015967654,0.01107216,0.0017961492,0.0053849383,0.00016093082
18738,0.014281933,0.003524341,0.0012545944,0.01461567,0.00016093082
18739,0.0040860027,0.021125194,0.0016678823,0.0025409926,0.00010889691
18740,0.003311519,0.0026112476,0.003976228,0.003429604,0.0006436856
18741,0.00588816,0.01243165,0.0005747862,0.001294368,0.00012632043
18742,0.0070664007,0.023916386,0.0006878511,0.0011786721,0.0007408056
18743,0.0044857943,0.02355433,0.0007321813,0.00035557945,0.0009399439
18744,0.035211135,0.0063635735,0.00025315638,0.0003275843,0.00047656128
18745,0.0069576087,0.0036076165,0.0012994275,0.0005378764,0.00035281325
18746,0.00685048,0.0023231625,0.0014381354,0.0014269596,0.00063124346
18747,0.003945407,0.015247591,0.0028449097,0.00023597175,0.00029137006
18748,0.007606672,0.07504072,0.0008360903,0.0002551414,0.0003459916
18749,0.0023596608,0.0069306716,0.0021239663,0.0006932423,0.00081993215
18750,0.0002824081,0.010408314,0.0004691764,0.00034464317,0.0009146137
18751,0.002019014,0.016979992,0.003524341,0.0006337125,0.00026323833
18752,0.0007916296,0.0035380863,0.0013045066,0.00039666123,0.00017265156
18753,0.0007014083,0.00498227,0.004297939,0.0011604197,6.0613183e-05
18754,0.00085924764,0.0027469008,0.0008459375,0.0011832798,0.00075540564
18755,0.003235056,0.12624557,0.0009773504,0.0010484692,0.001867566
18756,0.0003668626,0.0053849383,0.0019192374,0.0016875096,0.00033535014
18757,0.0006878511,0.005001672,0.0020992735,0.00014539114,4.4346274e-05
18758,0.00011591935,0.0017614696,0.0005571117,4.5044595e-05,0.00032503586
18759,0.00074661145,0.0012545944,0.0017683518,0.0013096057,0.00045297583
18760,0.00018093576,0.006463138,0.0022430879,0.00015967865,0.00035697065
18761,0.00010310212,0.010209055,0.0015608892,0.0001896174,0.00013765463
18762,0.00041731575,0.0035106493,0.0004840624,0.0021074724,4.13354e-05
18763,0.0007408056,0.02355433,0.0046818224,0.00058155763,0.00037702857
18764,8.4811036e-05,0.008644178,0.001957017,0.00037850367,0.0006693099
18765,0.0010005044,0.01384861,0.0009927262,0.00010310212,0.00036543285
18766,0.00020184422,0.0058653383,0.0025608707,0.00026119032,0.00019716943
18767,0.00027159214,0.021739595,0.00024536948,0.00025118678,0.00013342
18768,0.00038747612,0.009936419,0.0012793075,4.611275e-05,2.3552619e-05
18769,0.0011604197,0.0051797125,9.1701964e-05,0.00040606395,0.00011147904
18770,0.00017813111,0.01685008,0.00019260288,0.0004583129,0.00038296366
18771,0.0010987311,0.010169658,0.00016093082,0.00016865275,6.402006e-05
18772,0.00015967865,0.009670992,0.000119598575,6.814872e-05,0.0002824081
18773,0.00020027377,0.008283626,0.001044386,0.0001673405,0.03120282
18774,0.00030061635,0.00021995338,0.0018602987,0.00083935994,0.14669742
18775,0.0003029734,0.0003668626,0.0026522598,0.00042058743,0.02237146
18776,0.00024729347,0.0032858334,0.00084924564,0.00046371284,0.13352817
18777,0.00024923251,3.0959105e-05,0.00021824206,0.002631674,0.034749623
18778,3.913565e-05,0.00024536948,0.0038244836,0.00092538487,0.078078166
18779,0.00032250723,0.00042058743,0.00034196206,0.0013617034,0.19345194
18780,0.002332234,0.00019871553,0.0014953384,9.028039e-05,0.0054059005
18781,0.0003393018,0.00049747445,0.0029349518,0.00025118678,0.25590113
18782,0.00083935994,0.0008559007,0.0025509123,0.0008864989,0.03963884
18783,0.00037702857,0.00023050673,0.00071802974,0.0005463421,0.07043161
18784,0.0004339325,0.00010975091,0.002296159,0.00038747612,0.012821214
18785,0.00062633416,0.0008899655,0.0012497094,0.0005420927,0.011463798
18786,0.00028685408,6.7092245e-05,0.00029137006,0.00018093576,0.07382971
18787,0.0002551414,0.00028685408,0.0006436856,0.0003859661,0.05899303
18788,6.761842e-05,0.00014883849,0.0014437558,0.001591626,0.15713686
18789,0.08555635,0.00075835997,2.2125669e-05,0.00077632995,0.089136936
18790,0.046899255,0.0002824081,0.00096975197,0.0013885233,0.12220858
18791,0.01844021,0.00053161324,0.00075540564,0.0006563728,0.10266401
18792,0.086632065,0.00015476662,0.0002216781,0.035611413,0.07850098
18793,0.015967654,0.00029365462,0.0008328334,0.020332353,0.01717671
18794,0.023241926,0.00017952797,0.0013511209,0.25312182,0.12776141
18795,0.17398883,0.0012448432,0.0006615174,0.06267437,0.008847355
18796,0.058131598,0.00016219282,0.00095846487,0.0107767265,0.06348236
18797,0.04200906,0.00012632043,0.00072932884,0.010529712,0.047691282
18798,0.018546565,0.00038446192,0.00035143827,0.025711587,0.12808825
18799,0.04594821,0.00015720345,0.0004994205,0.018159512,0.053206205
18800,0.09186979,0.00010637458,0.001032231,0.0067188703,0.0610871
18801,0.02215887,6.253713e-05,0.0007613258,0.06620602,0.07878401
18802,0.034100424,5.874842e-05,0.0005152657,0.008813166,0.0498659
18803,0.1187934,0.00033015272,0.00037850367,0.07369627,0.04858621
18804,0.020645931,6.605215e-05,0.0010403185,0.049773447,0.07531231
18805,0.04023794,0.0006337125,0.0002824081,0.07737811,0.015072629
18806,0.007785655,0.00050137425,8.156225e-05,0.008813166,0.26511872
18807,0.11417085,0.00032503586,0.00023413582,0.03191915,0.038756195
18808,0.075858176,0.00030061635,0.00028910325,0.005060332,0.04426588
18809,0.019531239,0.0007793661,0.0022606407,0.05005131,0.09947021
18810,0.024609929,0.00016219282,0.00012731104,0.050893717,0.047602657
18811,0.11397347,0.0025016968,0.000113234375,0.029035643,0.04858621
18812,0.007695647,0.003429604,0.00017536995,0.12126888,0.03138043
18813,0.024609929,0.00022516825,0.00023782204,0.09351231,0.05291181
18814,0.038321972,5.2252268e-05,0.0003366622,0.04885778,0.022933565
18815,0.03971326,0.0001896174,0.0026626128,0.037963696,0.036083944
18816,0.24762337,0.00029137006,0.0005420927,0.04069295,0.0121471705
18817,0.046724956,5.9209164e-05,0.0004994205,0.047074176,0.03234433
18818,0.10539454,0.09334688,0.00015236755,0.14694206,0.06717858
18819,0.005598249,0.10613344,0.00010229985,0.012527932,0.03371654
18820,0.0010403185,0.008251599,0.00037850367,0.045183755,0.000981172
18821,0.0008295892,0.02865267,0.00042554305,0.05005131,0.00026738262
18822,0.0029926654,0.032589745,0.00081355654,0.01778039,0.0007408056
18823,0.0020033333,0.025130946,0.0029121784,0.08151976,0.0015011822
18824,0.0003077431,0.15127839,0.00058155763,0.055823144,0.00078547397
18825,0.0061212815,0.04232459,0.0007321813,0.026155617,0.0010859444
18826,0.0006798429,0.0089161275,0.00027372167,0.034749623,0.008847355
18827,0.0019646613,0.039195135,0.0005399804,0.020606475,0.0031236487
18828,0.0048674177,0.0946777,0.00027803096,0.068040416,0.0006693099
18829,0.0003366622,0.06941547,9.83812e-05,0.02763772,0.0015011822
18830,0.00025915826,0.036977556,0.99736834,0.041307304,0.0027044292
18831,0.0006190417,0.035078675,0.9993687,0.025809623,0.0029235429
18832,0.004468384,0.015014749,0.99939525,0.009936419,0.002019014
18833,0.0006932423,0.06441767,0.9983707,0.056236345,0.0022872277
18834,0.0012994275,0.21502088,0.99971753,0.027220903,0.0034564096
18835,0.0014325366,0.05155819,0.99683964,0.024609929,0.0017891593
18836,0.005060332,0.03044435,0.99929583,0.007785655,0.0005274784
18837,0.0016743992,0.03601607,0.99783427,0.0014325366,0.0011649561
18838,0.0011559009,0.002800927,0.9923638,0.0008761799,0.00089693937
18839,0.0005274784,0.01840489,0.9969246,0.00027803096,0.003649987
18840,0.0014269596,0.09859886,0.9955835,0.0011695103,0.002332234
18841,0.0021322616,0.0588847,0.9912548,0.0008360903,0.00078547397
18842,0.0015011822,0.036425155,0.9982248,0.00041406954,0.00040133507
18843,0.0033897832,0.16000336,0.99812514,0.0035936027,0.00305151
18844,0.0013885233,0.037467506,0.9951703,0.0020033333,0.005281334
18845,0.00029827765,0.08961382,0.99158704,0.000310156,0.0007524628
18846,0.00081993215,0.048047356,0.9938788,0.0029926654,0.00015967865
18847,0.001882186,0.06176271,0.99770385,0.0003459916,0.00025118678
18848,0.0013250224,0.0032224844,0.99271095,0.0012399962,0.0009110512
18849,0.00061183405,0.047602657,0.9975561,0.0012893283,0.0016875096
18850,0.0011559009,0.09859886,0.99486035,0.0029694452,0.0018602987
18851,0.001294368,0.112015955,0.98571813,0.0008328334,0.00018522576
18852,0.0007014083,0.08509905,0.9973786,0.003945407,0.00026530237
18853,0.000118667966,0.23022674,0.997459,0.0035106493,9.028039e-05
18854,0.0008328334,0.03442355,0.9985392,0.001107339,0.0035657366
18855,0.00069867563,0.008950711,0.9989637,0.0004339325,0.0008328334
18856,0.0016420668,0.09451043,0.9914556,0.0023051251,0.00042887923
18857,0.0014214043,0.09807933,0.99857306,0.0011160142,0.0010362669
18858,0.0010282109,0.03216145,0.997399,0.0017073674,0.00095846487
18859,0.0003150387,0.12721828,0.9976404,0.00087276706,0.0010608152
18860,0.00044770088,0.021822825,0.9980122,0.01155267,0.00020184422
18861,0.00059071044,0.14596547,0.99731654,0.0030278352,0.00054847926
18862,0.0003668626,0.036562506,0.997537,0.0002824081,7.141902e-05
18863,0.00109019,0.008030813,0.9969246,0.0006462033,0.00018522576
18864,0.00024729347,0.013171949,0.9984988,0.00023231418,0.000310156
18865,0.00015476662,0.010169658,0.9980122,0.0006959537,0.0001823546
18866,3.591301e-05,0.06512755,0.9979652,0.0006436856,0.00050137425
18867,0.00023231418,0.083142914,0.99929583,0.00091819005,0.0003859661
18868,0.00019716943,0.019606182,0.9992792,0.00029365462,0.00043733438
18869,0.00057703455,0.07572137,0.99847525,0.0008328334,0.00015843622
18870,0.00092538487,0.0008559007,0.9827572,0.00048785712,0.00029137006
18871,0.0003275843,0.0049245106,0.99861145,0.003442981,0.00029137006
18872,0.0011030267,0.0006798429,0.9987551,0.0047552,4.64744e-05
18873,0.00084924564,0.0025114634,0.9992592,0.009090384,0.00052542303
18874,0.00024536948,0.0019723359,0.9980276,0.0009888597,0.00013765463
18875,0.00015476662,0.006241259,0.99939525,0.00016603847,0.00189692
18876,0.0016356753,0.0009773504,0.9920312,0.0043483814,0.00010637458
18877,0.0005527786,0.00028021098,0.9843364,0.0006615174,3.3214194e-05
18878,0.00026738262,0.001133569,0.9953725,0.0017073674,0.0004565269
18879,0.00017674513,0.0053849383,0.99583375,0.0013993983,0.0028118587
18880,0.00028021098,0.00021485926,0.99729556,0.0016420668,0.0021239663
18881,0.00081038737,0.0013670257,0.9949397,0.00057254656,0.0001634647
18882,0.00085924764,0.000720838,0.99518895,0.0012448432,0.0042151595
18883,8.029784e-05,0.002621441,0.99273914,0.0008328334,6.4522144e-05
18884,0.00043055712,0.001477943,0.99923277,0.008711385,0.0002758679
18885,0.00094361923,0.0025311112,0.9969246,0.0006693099,0.00023231418
18886,0.0013406203,0.0017752605,0.9983516,0.0009773504,0.00029137006
18887,0.0011030267,0.0007524628,0.996597,0.002074867,0.000117744596
18888,0.00053369283,0.0010608152,0.9962638,0.0024534282,0.00074953143
18889,0.00012533752,0.0018895386,0.99227446,0.00035836728,0.00045121065
18890,0.00039051395,0.00057929166,0.9983386,0.0055549247,0.00013873412
18891,0.0012743262,0.0004994205,0.9979966,0.0010362669,0.00021152887
18892,0.00044076296,0.0023141264,0.99890983,0.00047470425,6.0613183e-05
18893,0.0001168284,0.00079783343,0.99720997,0.00081993215,0.00028910325
18894,0.9984573,0.00011412239,0.9980122,0.0002551414,0.0012160416
18895,0.9989434,0.0010944522,0.9972531,0.000493605,0.00036829791
18896,0.9983516,0.0010817152,0.9976311,0.00012533752,0.00071802974
18897,0.9990073,0.008412978,0.9967269,0.0014158707,0.0004390453
18898,0.9974491,0.00042058743,0.99909246,0.00081038737,9.242113e-05
18899,0.9985221,0.0021912407,0.99915075,0.00013552078,6.402006e-05
18900,0.99788433,0.00033797944,0.99589807,0.00025315638,0.00019563535
18901,0.9976404,0.0013198634,0.9960238,0.00042887923,0.00042058743
18902,0.99036634,0.0004424873,0.99945146,0.00010310212,9.1701964e-05
18903,0.9991135,0.0004390453,0.9983059,0.00094361923,0.9834705
18904,0.99025387,0.00074661145,0.9954261,0.00072365726,0.9869795
18905,0.99629277,0.008985429,0.9988752,0.00030534892,0.98141783
18906,0.99861693,0.001294368,0.9871293,0.00081038737,0.99908185
18907,0.9994093,0.00050333556,0.99420255,0.00046371284,0.99533635
18908,0.99743915,0.0012255674,0.9992446,0.0005193049,0.99373454
18909,0.99858415,0.0053640567,0.9940428,0.00046552691,0.97997653
18910,0.99801993,0.00015720345,0.99630713,0.0017891593,0.9964619
18911,0.9962782,0.0034564096,0.98971164,0.001264422,0.98481095
18912,0.9994429,0.0006487308,0.99863833,7.905304e-05,0.9740426
18913,0.9991066,0.00025714198,0.9952632,0.0008693674,0.9884919
18914,0.99165195,0.010288301,0.9889705,0.00048217614,0.998784
18915,0.9979888,0.000720838,0.9956176,0.00016474655,0.98173577
18916,0.996557,0.0015669889,0.9950563,0.001284308,0.99540824
18917,0.9993358,0.0010282109,0.9978258,0.00015967865,0.9863105
18918,0.9964619,0.00092900335,0.9975466,0.0028449097,0.97891515
18919,0.99580115,0.0014214043,0.99932015,0.00047101185,0.99746895
18920,0.9912548,0.0002959571,0.9975177,9.387641e-05,0.9982317
18921,0.9975177,5.967352e-05,0.9950755,0.00268344,0.98080254
18922,0.99014014,0.00044076296,0.9967269,0.0016875096,0.98365986
18923,0.99679,0.00042058743,0.9978258,0.0015731122,0.98544043
18924,0.995037,0.0007947255,0.9967775,0.00037118542,0.9551521
18925,0.9978173,0.0013777326,0.99886644,0.0008040859,0.9546474
18926,0.998147,0.00010975091,0.99895155,0.00023231418,0.9922144
18927,0.9995234,4.4001186e-05,0.99420255,0.0004583129,0.9184803
18928,0.99937373,0.000493605,0.9978258,6.657017e-05,0.9835338
18929,0.9986853,0.0001896174,0.9975177,0.0007947255,0.9960083
18930,0.9988028,9.09884e-05,0.9967649,0.00026323833,0.8528129
18931,0.99784267,0.00016865275,0.9906238,0.00092178053,0.98646784
18932,0.99940693,0.00027803096,0.9956006,0.0007350449,0.9666631
18933,0.9997017,3.3737226e-05,0.99961555,0.99373454,0.99686414
18934,0.99930406,0.00017674513,0.99486035,0.9953544,0.99469805
18935,0.9984633,0.00050333556,0.99589807,0.9952632,0.99047756
18936,0.99784267,0.00036259004,0.9998287,0.9983707,0.99629277
18937,0.9952077,9.83812e-05,0.9923638,0.99242276,0.98625773
18938,0.9983516,0.00018667821,0.9934865,0.99196917,0.9819447
18939,0.99909604,0.00042388475,0.9967649,0.9986223,0.98486924
18940,0.9990854,6.605215e-05,0.9923341,0.9967649,0.99644804
18941,0.9990073,0.0002824081,0.98998636,0.997399,0.9960083
18942,0.99894744,0.000110611596,0.97879386,0.99459416,0.9871788
18943,0.99845123,0.002225671,0.994089,0.9964342,0.99437994
18944,0.9868787,2.8857117e-05,0.9822196,0.98955137,0.9914887
18945,0.99731654,0.00026119032,0.99090964,0.9987649,0.9958175
18946,0.9976126,8.957789e-05,0.9951514,0.9986223,0.98947024
18947,0.9966756,5.2252268e-05,0.9853843,0.9802808,0.94853723
18948,0.9967524,0.000104725565,0.983597,0.9970765,0.9956006
18949,0.9957188,0.00026323833,0.9906961,0.9923044,0.97887486
18950,0.9987888,0.0003459916,0.99789256,0.9826909,0.9828892
18951,0.99209267,0.000559291,0.9797453,0.9868281,0.9874236
18952,0.9991441,3.194182e-05,0.99591404,0.99584997,0.99047756
18953,0.9940659,3.8229115e-05,0.9932025,0.99010193,0.9348725
18954,0.99722075,0.0002846224,0.9951514,0.99621993,0.950503
18955,0.97792566,0.00032503586,0.99453074,0.99373454,0.9872773
18956,0.9964204,0.0003150387,0.99909246,0.997783,0.9701835
18957,0.99861145,0.00026323833,0.9929061,0.9974191,0.9951137
18958,0.9987306,0.00034464317,0.9985221,0.99256825,0.87557435
18959,0.9963924,0.00017536995,0.9988927,0.9814889,0.9966234
18960,0.99947864,0.0005092657,0.99736834,0.992597,0.92775697
18961,0.99937856,0.00043055712,0.999015,0.9954791,0.9905874
18962,0.9891816,0.00026119032,0.99823856,0.9809491,0.9913892
18963,0.99097973,0.99544394,0.9969246,0.99766773,0.96378
18964,0.99818975,0.9993148,0.99630713,0.9979966,0.99424744
18965,0.99242276,0.99680245,0.9975466,0.9966756,0.98799264
18966,0.9993228,0.9927672,0.9941347,0.99724233,0.9859364
18967,0.997065,0.998835,0.99879813,0.9979007,0.98427594
18968,0.99771273,0.99729556,0.9974885,0.9851576,0.98844737
18969,0.99749833,0.9990415,0.99630713,0.9981828,0.93593454
18970,0.99630713,0.9953904,0.98555213,0.9991272,0.99108386
18971,0.99420255,0.99818975,0.99836427,0.9938788,0.99227446
18972,0.9971439,0.9980882,0.9947187,0.99036634,0.9980276
18973,0.9975561,0.9685601,0.9973477,0.9979493,0.9908744
18974,0.99863833,0.996597,0.9976404,0.9981614,0.9885361
18975,0.99727446,0.99849296,0.98844737,0.9884919,0.9961306
18976,0.98771137,0.99193794,0.9987649,0.9917163,0.97029626
18977,0.99522626,0.9980122,0.9987257,0.99444515,0.9700135
18978,0.9945095,0.99720997,0.9977743,0.9798997,0.98926485
18979,0.9961755,0.9932811,0.99729556,0.99509466,0.97262347
18980,0.997917,0.99771273,0.9985619,0.9799382,0.9952448
18981,0.9984692,0.9975177,0.9970536,0.99776566,0.99184376
18982,0.99529994,0.9887988,0.9965837,0.9943581,0.98527133
18983,0.9983321,0.992597,0.9883128,0.99495924,0.9943581
18984,0.99857306,0.9835338,0.99580115,0.967225,0.9845754
18985,0.9968273,0.9951514,0.9982248,0.9931229,0.992961
18986,0.99718815,0.9884919,0.9983834,0.9973888,0.99690056
18987,0.99373454,0.9905143,0.998862,0.99378294,0.99268264
18988,0.9987306,0.99770385,0.9987257,0.99679,0.9982248
18989,0.9977569,0.9976126,0.99749833,0.9896718,0.9951325
18990,0.99937123,0.9957353,0.9984692,0.9989637,0.94901186
18991,0.9952632,0.99633574,0.9995956,0.997285,0.98651993
18992,0.998784,0.9890554,0.9976495,0.99486035,0.9947187
18993,0.99864894,0.9927672,0.99477994,0.98662347,0.94901186
18994,0.99371004,0.99491996,0.9942251,0.99594563,0.9519527
18995,0.9976495,0.99861693,0.9874721,0.99644804,0.94154674
18996,0.99010193,0.9826909,0.9980957,0.99922967,0.96909106
18997,0.9973374,0.9871293,0.9980732,0.9983321,0.9913892
18998,0.99860066,0.98986953,0.9896718,0.9975751,0.9771538
18999,0.9757624,0.9986594,0.99486035,0.99729556,0.9673486
19000,0.99731654,0.9935868,0.9962782,0.9868787,0.9896718
19001,0.99298817,0.9928509,0.9957684,0.9914225,0.9349913
19002,0.9876639,0.99253935,0.98955137,0.998319,0.92482364
19003,0.9943141,0.9672869,0.9971661,0.99580115,0.9871293
19004,0.98922324,0.99635005,0.97719735,0.9966102,0.9753431
19005,0.99633574,0.9976126,0.9989183,0.9983059,0.883236
19006,0.9980122,0.99090964,0.99668854,0.9984452,0.96753323
19007,0.9980122,0.9961456,0.997917,0.99190676,0.9792749
19008,0.9946774,0.9908744,0.9973786,0.99361163,0.9480585
19009,0.9947595,0.9979652,0.97754294,0.99749833,0.9079672
19010,0.99962294,0.9983707,0.9995908,0.9948403,0.98046875
19011,0.99958426,0.9989309,0.9969126,0.9889705,0.9744348
19012,0.9961755,0.9988708,0.9896718,0.99174845,0.92359227
19013,0.99864894,0.9934865,0.9905874,0.9939964,0.9827572
19014,0.99937123,0.996503,0.9987056,0.997399,0.9617499
19015,0.9991672,0.9979652,0.99553156,0.99544394,0.9957188
19016,0.9992931,0.9976859,0.9982926,0.98913974,0.9859364
19017,0.99591404,0.99766773,0.99491996,0.98141783,0.9939964
19018,0.998147,0.998487,0.99453074,0.95531917,0.9957021
19019,0.99648935,0.99884856,0.9932288,0.9940659,0.99813974
19020,0.9965837,0.99766773,0.998487,0.9869292,0.967101
19021,0.9934865,0.9882676,0.998784,0.9761292,0.9851003
19022,0.9983897,0.9906238,0.9992792,0.9932025,0.9921537
19023,0.9980882,0.9963924,0.99455196,0.99895155,0.9939964
19024,0.98102194,0.9969126,0.99390244,0.99942744,0.9980354
19025,0.9971439,0.99111825,0.9965436,0.99899954,0.9870297
19026,0.9981178,0.9964064,0.9956176,0.99187535,0.9923934
19027,0.99440175,0.9981178,0.9896718,0.99356186,0.97562337
19028,0.9989556,0.99727446,0.9913223,0.98657167,0.9822196
19029,0.9994642,0.9985335,0.9980354,0.99712163,0.9168571
19030,0.997783,0.99884856,0.9869795,0.9948403,0.9973061
19031,0.99890125,0.98942953,0.9963924,0.9967397,0.9078038
19032,0.9980354,0.9916196,0.99827933,0.9994093,0.9970305
19033,0.9980957,0.9862046,0.98054343,0.9957848,0.99279517
19034,0.9979888,0.99835795,0.9478657,0.9971661,0.9947595
19035,0.99797314,0.99620515,0.99190676,0.99361163,0.9979888
19036,0.9764905,0.9925103,0.98184055,0.99317604,0.98922324
19037,0.99711037,0.9987356,0.97354424,0.9957021,0.9800913
19038,0.9984269,0.998103,0.98365986,0.9955142,0.99420255
19039,0.99624926,0.9978594,0.9395816,0.99227446,0.9456007
19040,0.9957021,0.9988927,0.9942697,0.98752034,0.9827572
19041,0.9997086,0.994292,0.9967524,0.9921841,0.98677725
19042,0.9923341,0.99630713,0.98672616,0.95239735,0.99637836
19043,0.9982248,0.99178034,0.99343574,0.99047756,0.990732
19044,0.9755769,0.99960023,0.9939261,0.993255,0.9818056
19045,0.9966234,0.9991928,0.9856076,0.98971164,0.98799264
19046,0.9914556,0.9987005,0.9980122,0.9927672,0.9722571
19047,0.99876,0.99066,0.9987207,0.98662347,0.9692078
19048,0.9981828,0.99620515,0.9971661,0.99317604,0.98913974
19049,0.9994023,0.9953544,0.99770385,0.98228765,0.9797453
19050,0.99758446,0.99683964,0.9970536,0.99805814,0.9899476
19051,0.99683964,0.997285,0.96378,0.99698395,0.97467697
19052,0.9975177,0.9990226,0.9971661,0.99528164,0.9668514
19053,0.9978002,0.99341017,0.99394965,0.99709916,0.98866826
19054,0.9981969,0.9905874,0.9984084,0.9981828,0.96102494
19055,0.9917163,0.9986436,0.9921537,0.9966365,0.9839708
19056,0.9957188,0.9984988,0.99603915,0.9936365,0.9986853
19057,0.99903786,0.98913974,0.9938309,0.9984573,0.9981541
19058,0.9985335,0.9978677,0.99014014,0.9992706,0.92762595
19059,0.9981178,0.9832145,0.9923934,0.98913974,0.89947516
19060,0.99711037,0.99805814,0.9976126,0.9954615,0.94853723
19061,0.9963924,0.9988883,0.9948803,0.9932811,0.99108386
19062,0.99731654,0.99444515,0.99440175,0.99591404,0.9791557
19063,0.99401975,0.99861145,0.9976859,0.9984692,0.90878
19064,0.9983897,0.99941623,0.99553156,0.9921233,0.98087597
19065,0.99621993,0.9984812,0.983597,0.99529994,0.9954615
19066,0.99909604,0.9955662,0.95961094,0.9636434,0.86223567
19067,0.9982658,0.9970073,0.99304235,0.9961456,0.993255
19068,0.9953725,0.996503,0.9940659,0.9987503,0.99433607
19069,0.99711037,0.99611557,0.92709976,0.9978002,0.99378294
19070,0.9980957,0.9986436,0.99806577,0.9826909,0.9896718
19071,0.99356186,0.99401975,0.9587699,0.99883956,0.94825053
19072,0.99758446,0.966347,0.9878528,0.9958175,0.98866826
19073,0.9980354,0.98555213,0.9976586,0.99293363,0.99111825
19074,0.99688846,0.98866826,0.9864157,0.990329,0.99256825
19075,0.99896777,0.99668854,0.9940428,0.9795114,0.98365986
19076,0.9706322,0.9456007,0.9935369,0.99790895,0.9868787
19077,0.9981969,0.98892784,0.9901782,0.99002504,0.98625773
19078,0.9953544,0.9922444,0.99624926,0.97369474,0.9851576
19079,0.98955137,0.992961,0.9980506,0.99648935,0.96378
19080,0.9931496,0.99565166,0.9966365,0.9992022,0.983343
19081,0.99746895,0.9975466,0.9965301,0.99845123,0.99346113
19082,0.98651993,0.9960699,0.9993687,0.99101454,0.9795114
19083,0.99293363,0.9749646,0.9947391,0.99566853,0.98527133
19084,0.99648935,0.99693656,0.99683964,0.99317604,0.96879715
19085,0.99635005,0.99718815,0.99633574,0.9987503,0.99788433
19086,0.99647564,0.996503,0.9921233,0.99165195,0.9984452
19087,0.99644804,0.9969246,0.97821885,0.9964064,0.98439646
19088,0.99620515,0.9928786,0.99591404,0.9910493,0.9908744
19089,0.99694854,0.9961306,0.994292,0.9931496,0.9791557
19090,0.9756698,0.99773055,0.9947595,0.99549675,0.98549646
19091,0.99401975,0.9928509,0.99066,0.99712163,0.94261247
19092,0.99759394,0.99629277,0.98942953,0.9691495,0.95068645
19093,0.99680245,0.99025387,0.9953544,0.9857729,0.99633574
19094,0.9957021,0.99903786,0.99047756,0.9973477,0.9961755
19095,0.99886644,0.999049,0.9975656,0.99455196,0.98959166
19096,0.9988213,0.97409195,0.9981104,0.9882676,0.99459416
19097,0.9961903,0.99165195,0.9954261,0.99603915,0.9941347
19098,0.9967649,0.99903023,0.99594563,0.9984692,0.97458035
19099,0.99594563,0.9988708,0.99469805,0.9872773,0.9710193
19100,0.99722075,0.99808073,0.9801293,0.9878996,0.9216402
19101,0.9890554,0.97433734,0.99097973,0.99583375,0.9619649
19102,0.9976769,0.99165195,0.9971439,0.9923341,0.9685006
19103,0.9984633,0.99709916,0.98986953,0.98871195,0.9743861
19104,0.9987888,0.99880743,0.99227446,0.9939261,0.97151
19105,0.99932814,0.9969126,0.9957848,0.9976769,0.9959927
19106,0.99174845,0.99624926,0.9946359,0.98427594,0.98469365
19107,0.9893885,0.99856746,0.9968149,0.99491996,0.99256825
19108,0.9983059,0.9939261,0.996503,0.9950177,0.98892784
19109,0.99273914,0.99632156,0.9967269,0.99857306,0.97684664
19110,0.99620515,0.99242276,0.9725193,0.99727446,0.93195957
19111,0.99097973,0.9961903,0.94468933,0.9817007,0.9915216
19112,0.9930153,0.9957684,0.98159516,0.99083894,0.99583375
19113,0.99002504,0.9984692,0.97608364,0.9853843,0.9730877
19114,0.9952448,0.9839708,0.987375,0.9840936,0.99522626
19115,0.99816847,0.99758446,0.9896718,0.9950177,0.99209267
19116,0.99190676,0.9972638,0.9691495,0.99647564,0.9896318
19117,0.9964204,0.99565166,0.99378294,0.96138906,0.98926485
19118,0.9977482,0.99566853,0.9305845,0.99036634,0.99242276
19119,0.99679,0.9953544,0.9882676,0.9970879,0.9964342
19120,0.99788433,0.99871063,0.94122344,0.9971328,0.9878528
19121,0.99696034,0.9939964,0.9905509,0.9552357,0.9621787
19122,0.997537,0.9987453,0.98076576,0.98527133,0.9898303
19123,0.9951514,0.9963924,0.9592307,0.9754836,0.94853723
19124,0.9981324,0.99946004,0.9911527,0.9853279,0.9835338
19125,0.9899087,0.97997653,0.989791,0.99477994,0.9885361
19126,0.9986594,0.99910307,0.9772842,0.99448806,0.9730365
19127,0.997399,0.9801673,0.9457011,0.9940428,0.99415743
19128,0.9984633,0.97428846,0.9875683,0.9694979,0.9822196
19129,0.993807,0.9944666,0.9938788,0.9885361,0.9890554
19130,0.9809491,0.9952077,0.9845754,0.9623913,0.97986126
19131,0.9993255,0.9974191,0.9975177,0.9851576,0.97737074
19132,0.9970073,0.9974885,0.9816304,0.99390244,0.9918121
19133,0.99866986,0.9863631,0.9956176,0.9606575,0.906156
19134,0.9934865,0.99766773,0.999089,0.9882222,0.97107434
19135,0.99575186,0.99882597,0.9979888,0.9745319,0.9722044
19136,0.9946568,0.9977743,0.99789256,0.9583042,0.94901186
19137,0.9984573,0.99437994,0.9890131,0.9811307,0.9451974
19138,0.99824536,0.99455196,0.9962346,0.9950563,0.99690056
19139,0.9952448,0.99371004,0.9818056,0.96232057,0.9881765
19140,0.9976495,0.9981104,0.99242276,0.990732,0.9809856
19141,0.9891816,0.98926485,0.9947187,0.9635748,0.98469365
19142,0.9966365,0.98951083,0.98340684,0.9878996,0.9945095
19143,0.99304235,0.9885804,0.9874721,0.99596137,0.98087597
19144,0.99664956,0.996852,0.98555213,0.99298817,0.9254997
19145,0.99155444,0.9976949,0.9974291,0.99712163,0.99333304
19146,0.99128854,0.9984207,0.9982039,0.9893063,0.9958175
19147,0.9951137,0.9905509,0.9593071,0.9946568,0.9921841
19148,0.9951514,0.9938309,0.9985619,0.9598375,0.9730877
19149,0.9990564,0.9953725,0.98707944,0.99253935,0.97923523
19150,0.99954695,0.9883128,0.997459,0.99698395,0.9843364
19151,0.99178034,0.9921537,0.99444515,0.9941347,0.9853843
19152,0.9965436,0.99731654,0.99495924,0.99196917,0.9872773
19153,0.9960699,0.98942953,0.99762183,0.98752034,0.9947187
19154,0.9995253,0.97023994,0.999071,0.997065,0.96210754
19155,0.9961903,0.99021614,0.9979493,0.9636434,0.98975134
19156,0.9951325,0.9905509,0.98844737,0.961678,0.98588216
19157,0.9749169,0.9899476,0.9911868,0.9908035,0.9565531
19158,0.9961903,0.98155975,0.998345,0.98378503,0.98105836
19159,0.992961,0.9859904,0.9938309,0.9911868,0.9636434
19160,0.99589807,0.9759923,0.9970305,0.9974491,0.9829547
19161,0.9904406,0.9846347,0.99361163,0.99603915,0.9382373
19162,0.9940428,0.9947391,0.9969126,0.99495924,0.99083894
19163,0.9971328,0.99424744,0.99268264,0.99338466,0.9804314
19164,0.99187535,0.9817707,0.9883128,0.9964204,0.9320833
19165,0.9911527,0.9628132,0.9912209,0.97262347,0.9778412
19166,0.99174845,0.98065484,0.99306935,0.990732,0.98761624
19167,0.99680245,0.99271095,0.98771137,0.99533635,0.95606345
19168,0.9972531,0.9878996,0.9951703,0.99771273,0.9939261
19169,0.9936365,0.99165195,0.9899476,0.99850464,0.9788344
19170,0.9939731,0.99792516,0.99780875,0.99687636,0.9845754
19171,0.99047756,0.9906238,0.99497885,0.95998776,0.9803186
19172,0.99262565,0.99533635,0.99083894,0.95806944,0.9961903
19173,0.9954791,0.98235554,0.9418684,0.97482115,0.95606345
19174,0.99746895,0.9923638,0.9739932,0.98871195,0.99066
19175,0.99448806,0.99268264,0.98771137,0.9906238,0.99378294
19176,0.99442345,0.99690056,0.99021614,0.9834705,0.99486035
19177,0.9928231,0.9890976,0.98527133,0.9967397,0.9853279
19178,0.99111825,0.98986953,0.9984207,0.9846347,0.97754294
19179,0.9982658,0.96641046,0.99010193,0.9631613,0.95292586
19180,0.9993687,0.9945095,0.9957848,0.9757161,0.97339284
19181,0.9788344,0.99789256,0.9890131,0.983597,0.93558234
19182,0.9961004,0.9965301,0.99529994,0.99343574,0.96080494
19183,0.9966365,0.9977743,0.99586606,0.9977393,0.96989965
19184,0.9961456,0.99343574,0.9979888,0.9775858,0.9183339
19185,0.99424744,0.99913067,0.99401975,0.98840266,0.9905143
19186,0.9960699,0.9791557,0.99227446,0.9168571,0.9685006
19187,0.9985896,0.9969722,0.9981969,0.99679,0.9056566
19188,0.98475236,0.9851003,0.9940428,0.98159516,0.98076576
19189,0.9992649,0.99611557,0.9952632,0.98934746,0.9588471
19190,0.99608517,0.9940659,0.00053578056,0.99440175,0.93451476
19191,0.99647564,0.996503,0.0018031665,0.9959927,0.98662347
19192,0.9966756,0.9962346,0.00030534892,0.9546474,0.98302
19193,0.99553156,0.9800149,0.00072648755,0.9951514,0.9744834
19194,0.9996402,0.96160597,0.00069054146,0.9976126,0.9751545
19195,0.9955142,0.9962346,0.0011291547,0.9827572,0.9820826
19196,0.9961004,0.99694854,8.220189e-05,0.9859904,0.99709916
19197,0.99540824,0.9952448,0.00042058743,0.99925333,0.97262347
19198,0.997358,0.9868281,0.00028021098,0.99608517,0.9825575
19199,0.99722075,0.98840266,0.00078547397,0.9863631,0.99227446
19200,0.996557,0.9939731,0.00042887923,0.9617499,0.9957353
19201,0.9912548,0.97966766,0.00016474655,0.97204566,0.99575186
19202,0.998147,0.9948403,8.8189234e-05,0.9921841,0.98378503
19203,0.98934746,0.9768024,0.00038147115,0.9541374,0.9718859
19204,0.99957114,0.9933589,0.00017265156,0.97458035,0.99499834
19205,0.9990188,0.9686789,8.029784e-05,0.9911868,0.97675806
19206,0.9969126,0.98926485,0.00091819005,0.947186,0.9777564
19207,0.9846347,0.9976404,0.0006959537,0.98166555,0.9923341
19208,0.9968273,0.98761624,0.00012533752,0.98998636,0.9952448
19209,0.9757624,0.9953725,0.0006589401,0.96814114,0.99029154
19210,0.993807,0.9812029,0.00022693386,0.97409195,0.9803562
19211,0.9984145,0.9860443,7.967301e-05,0.9432431,0.9878528
19212,0.9774571,0.9984084,0.0002216781,0.99624926,0.9662198
19213,0.9980882,0.9939261,0.00015720345,0.99190676,0.9777139
19214,0.9921841,0.9982993,0.0003175088,0.98803884,0.99271095
19215,0.99783427,0.99813974,0.00014883849,0.9923044,0.9478657
19216,0.98625773,0.9786719,0.0015854308,0.9759464,0.9380106
19217,0.9974491,0.966028,0.00028685408,0.99575186,0.99262565
19218,0.9946774,0.99361163,0.00012830943,0.9912209,0.9849274
19219,0.9971439,0.98190993,0.0001344663,0.9940659,0.98314995
19220,0.9961903,0.9912548,8.415109e-05,0.99442345,0.9718326
19221,0.99401975,0.99273914,5.7387595e-05,0.9976404,0.9312127
19222,0.9948403,0.9937588,0.000113234375,0.98481095,0.9953725
19223,0.99766773,0.99698395,0.00021485926,0.99554896,0.9881765
19224,0.99589807,0.99679,6.922184e-05,0.9977482,0.9795114
19225,0.9980276,0.98951083,0.0001896174,0.98138225,0.9608783
19226,0.99732697,0.9797453,0.0021997981,0.9948803,0.98166555
19227,0.9870297,0.9430336,0.00020027377,0.9959771,0.97419035
19228,0.00046734812,0.9805807,0.00084264233,0.9932288,0.99390244
19229,0.00027159214,0.99566853,0.0002758679,0.9960238,0.98555213
19230,0.00022516825,0.97931457,0.0008899655,0.9868281,0.99801993
19231,0.004054334,0.9856076,0.0022606407,0.99630713,0.9839708
19232,0.0016420668,0.99457306,0.00019110432,0.99111825,0.99720997
19233,0.0009362828,0.99553156,0.00018093576,0.9928509,0.9976769
19234,0.0002216781,0.99193794,0.00034464317,0.98427594,0.9960238
19235,0.00034196206,0.98141783,0.00042554305,0.99553156,0.99014014
19236,0.0015978456,0.9890131,0.00021995338,0.9938309,0.9672869
19237,0.0003327413,0.98521465,0.00024536948,0.99178034,0.98201376
19238,0.00017674513,0.99187535,0.00019716943,0.9913223,0.9320833
19239,6.156764e-05,0.9983386,0.0004859561,0.9873262,0.9375548
19240,0.00012436225,0.9989556,0.00014202365,0.9418684,0.9913892
19241,0.0014381354,0.9881309,0.0005274784,0.97272736,0.95869267
19242,0.00065126823,0.995037,0.00036543285,0.99486035,0.9505947
19243,0.00063124346,0.9989141,8.8189234e-05,0.96538115,0.9806178
19244,0.0003125878,0.989791,0.00023231418,0.9985221,0.9912209
19245,0.00039511538,0.9893885,0.000119598575,0.94427973,0.9938548
19246,0.0010817152,0.97887486,0.42024264,0.96124375,0.9817707
19247,0.00057703455,0.967225,0.26855758,0.9932025,0.9832145
19248,0.00046010586,0.99097973,0.10894504,0.9923341,0.9015746
19249,0.0011030267,0.9962638,0.37182066,0.9881765,0.98105836
19250,0.0008459375,0.99440175,0.03044435,0.9899476,0.9787533
19251,0.0003393018,0.97640073,0.39128962,0.9878996,0.0006959537
19252,0.00034464317,0.9928231,0.25367606,0.98672616,0.0005233757
19253,0.0031236487,0.99094474,0.07477004,0.9926542,0.00016997529
19254,0.0004897656,0.97462875,0.095518075,0.992062,4.2315594e-05
19255,0.00022693386,0.950503,0.046119746,0.9853843,0.00016603847
19256,0.00036117696,0.99293363,0.051177494,0.97826034,0.00018522576
19257,0.00018522576,0.99279517,0.12315455,0.98421544,0.00019260288
19258,0.0011559009,0.99711037,0.22371607,0.99444515,3.3737226e-05
19259,0.00020184422,0.99886644,0.36432514,0.97112906,0.00043733438
19260,0.00015720345,0.9787127,0.15947905,0.0010362669,0.00081355654
19261,0.0003889921,0.99298817,0.08093671,0.00027159214,0.0004029052
19262,0.00020342697,0.9874236,0.23109324,0.0003726377,0.0009146137
19263,0.0004322415,0.9974788,0.24762337,0.00010229985,5.967352e-05
19264,0.00050137425,0.99877447,0.40839472,0.0014269596,0.00048217614
19265,0.000932636,0.99256825,0.18579942,0.0007643033,0.0002959571
19266,0.0006361912,0.9907678,0.12885363,0.00026323833,0.00012148176
19267,0.00029365462,0.9329437,0.053899154,0.0006719278,0.00013982208
19268,0.0010044164,0.99787605,0.2441827,0.0017073674,0.00050137425
19269,0.00044421837,0.98166555,0.06359858,9.993032e-05,0.00020027377
19270,0.0009399439,0.9617499,0.09451043,0.00026119032,0.0002758679
19271,0.003324437,0.9913223,0.16940588,0.0004565269,0.0003597694
19272,0.00058840885,0.95379424,0.36060163,0.0001896174,0.00012243443
19273,0.0006641048,0.9929061,0.13206616,0.0006641048,0.00028910325
19274,0.0006615174,0.98475236,0.1435475,0.00033797944,6.402006e-05
19275,0.00041084853,0.95751673,0.20737518,0.0006563728,0.00026323833
19276,0.6822562,0.9933589,0.061199225,0.0011424496,0.00014313738
19277,0.29665425,0.9870297,0.60247093,0.000559291,0.00017130819
19278,0.3501991,0.9920002,0.27943507,0.00011147904,0.0020111583
19279,0.091544405,0.9953181,0.47609246,0.00074661145,0.00014313738
19280,0.24908175,0.9822196,0.7096232,0.00075835997,0.00028910325
19281,0.078925885,0.99424744,0.21883628,0.001957017,0.0002846224
19282,0.20071429,0.98625773,0.58332205,0.0003459916,0.0011247575
19283,0.21060391,0.999071,0.2944178,0.0012351678,0.0011424496
19284,0.35633466,0.99565166,0.030675802,0.00081038737,0.00094361923
19285,0.084341794,0.95531917,0.18039525,0.00063124346,0.00024346048
19286,0.1561049,0.88778967,0.1799625,0.00040133507,0.0010362669
19287,0.15987214,0.9972531,0.014117893,0.0020111583,0.0001823546
19288,0.21917035,0.97923523,0.051941562,6.302759e-05,0.0002846224
19289,0.077937685,0.9940428,0.032528225,0.00019411318,0.00021318757
19290,0.39390948,0.9870297,0.015365342,0.0002216781,0.00024346048
19291,0.23810701,0.992062,0.314682,4.908662e-05,0.00012436225
19292,0.36229208,0.99066,0.16871995,0.00024536948,0.19884087
19293,0.17147702,0.99696034,0.49585733,0.0012893283,0.09089675
19294,0.06512755,0.967101,0.09484524,0.0002216781,0.24598956
19295,0.29077944,0.96203625,0.10105592,0.0006693099,0.111821815
19296,0.120232075,0.9874721,0.02215887,0.0013885233,0.6278371
19297,0.26265267,0.9934865,0.37261936,9.610242e-05,0.22253112
19298,0.15405756,0.00028685408,0.3833527,0.00047101185,0.11008789
19299,0.18579942,0.0010044164,0.27328336,0.0007702932,0.08866235
19300,0.20737518,0.0002287133,0.071202725,0.0003799845,0.08897849
19301,0.31859115,0.00055494095,0.20497774,0.112405084,0.416856
19302,0.32541335,0.00016474655,0.14596547,0.19163005,0.20785716
19303,0.076407686,0.00072648755,0.49490756,0.49503344,0.4063907
19304,0.43080574,5.7387595e-05,0.025130946,0.18907149,0.21816924
19305,0.63307005,0.00022693386,0.032466814,0.1899715,0.37903354
19306,0.4934429,0.00035557945,0.18757874,0.101767845,0.15405756
19307,0.03314852,0.000493605,0.15947905,0.016403032,0.15418488
19308,0.084795415,0.0002758679,0.031261913,0.29665425,0.07490528
19309,0.10447732,0.00041245588,0.00040448149,0.07751766,0.17624587
19310,0.30891946,0.0001465313,0.00072648755,0.30383506,0.13386749
19311,0.1328517,0.00022341637,0.00021318757,0.19946389,0.046291903
19312,0.06430005,0.00028021098,0.0005420927,0.20561503,0.15895613
19313,0.114368536,0.00015476662,0.0001168284,0.22118242,0.0610871
19314,0.20785716,0.0012399962,0.00016865275,0.47868118,0.3227394
19315,0.16899405,0.0010403185,0.00014768039,0.23581158,0.20102783
19316,0.4190535,0.00011235328,0.0006719278,0.42602307,0.40644962
19317,0.21157968,0.000104725565,7.967301e-05,0.078078166,0.17809659
19318,0.039787807,0.00046552691,0.0003668626,0.22490549,0.04995852
19319,0.08021325,0.000720838,0.00063124346,0.24059612,0.28150436
19320,0.12710987,0.00032503586,0.00017130819,0.115960725,0.14451066
19321,0.09252366,0.00027803096,0.000628784,0.077099696,0.15077755
19322,0.18155324,0.00035697065,0.0006589401,0.056444027,0.13939638
19323,0.50785,0.0011380006,0.0015188508,0.12262825,0.068288535
19324,0.35064372,0.00013982208,0.00022693386,0.08464396,0.068040416
19325,0.1377643,0.0010944522,0.0007041516,0.12485182,0.26607114
19326,0.33274388,0.0002846224,0.0014048677,0.37754068,0.27405986
19327,0.2507293,0.0006411777,0.0005152657,0.27963173,0.10302442
19328,0.16000336,7.311254e-05,0.00033797944,0.046551272,0.05419873
19329,0.26626188,0.00031999825,0.0004691764,0.10521054,0.53673786
19330,0.18907149,0.00043055712,0.00065126823,0.282493,0.29573816
19331,0.1775255,0.00024729347,0.00032250723,0.2769838,0.02479816
19332,0.09501305,0.0002846224,0.00010975091,0.25423113,0.1362632
19333,0.09041373,7.197912e-05,0.00032503586,0.07250525,0.023286305
19334,0.19744445,0.0004994205,0.0037654135,0.03155902,0.04885778
19335,0.38306415,0.45193112,2.3007036e-05,0.13217813,0.19223589
19336,0.16105618,0.1309508,0.0005399804,0.28150436,0.13217813
19337,0.07356305,0.24023944,0.00033535014,0.06301947,0.10502681
19338,0.111821815,0.085403666,0.00037118542,0.14235108,0.30996287
19339,0.10932483,0.22185606,5.6497935e-05,0.20577459,0.29067874
19340,0.12095703,0.09203286,0.0004994205,0.46614686,0.15700756
19341,0.0005442133,0.18286288,0.00081355654,0.045522004,0.3967107
19342,0.0002959571,0.5931969,0.00019110432,0.18330106,0.50552726
19343,0.0010362669,0.09384396,0.0005420927,0.15140383,0.3994016
19344,0.00027372167,0.203866,0.0005838325,0.18565173,0.16079243
19345,6.814872e-05,0.07696084,5.5622066e-05,0.036769465,0.26817408
19346,0.00045121065,0.1390453,9.915273e-05,0.03296124,0.48504323
19347,0.000310156,0.073963374,0.00020027377,0.027742893,0.6094661
19348,0.00029137006,0.15752527,0.01798621,0.27212125,0.19544049
19349,7.905304e-05,0.14499426,0.26265267,0.09186979,0.24725968
19350,0.0020587533,0.36624968,0.14366761,0.46818274,0.11736965
19351,0.00016603847,0.36863297,0.024845436,0.2617081,0.09653532
19352,0.0007643033,0.32156652,0.12074952,0.055823144,0.08064661
19353,0.00019260288,0.3547683,0.073164724,0.28358296,0.2987982
19354,0.00017674513,0.08678673,0.0034030052,0.11417085,0.02355433
19355,5.1442217e-05,0.2694217,0.27551943,0.3413629,0.000310156
19356,0.0003077431,0.1384618,0.11417085,0.12787028,0.00048217614
19357,0.0005614788,0.027014792,0.016090874,0.08359067,0.0003275843
19358,0.0003459916,0.3192275,0.11299101,0.24006125,0.00016093082
19359,0.00020662983,0.11576065,0.063831605,0.44842628,0.000310156
19360,0.0004565269,0.064771704,0.17881244,0.13028541,0.00050137425
19361,0.00027372167,0.1769559,0.03314852,0.49130335,0.00025714198
19362,0.0011559009,0.05281402,0.098772585,0.47070622,0.00012632043
19363,0.0005747862,0.06979492,0.016466174,0.033972,0.0018172832
19364,0.00023050673,0.091220066,0.034488525,0.2989005,0.0007096704
19365,0.00020342697,0.25776508,0.24274375,0.12635334,0.00010889691
19366,0.0013045066,0.41051993,0.28646857,0.079495706,0.00028685408
19367,0.0016743992,0.14151853,0.014957086,0.18388654,0.0007643033
19368,0.001294368,0.38001087,0.0043653264,0.19223589,0.00035419365
19369,0.0012018913,0.19193278,0.043854564,0.0005112579,2.5666133e-05
19370,0.00048029725,0.06500873,0.04232459,0.00051728135,0.000118667966
19371,0.00094361923,0.4254262,0.2193375,0.00015843622,0.00060945016
19372,0.00028685408,0.15431228,0.0048674177,0.00013032975,0.0001072088
19373,0.00013765463,0.058776557,0.13974822,0.0001465313,0.0003740956
19374,0.0007793661,0.020100236,0.11397347,0.0003150387,0.00090396777
19375,0.00026738262,0.09351231,0.07263671,0.0013045066,0.0003406293
19376,0.33469814,0.05165378,0.10613344,0.00011235328,0.00074953143
19377,0.051941562,0.16789974,0.069921836,0.00046552691,0.00078854576
19378,0.044597577,0.53206044,0.00043563012,0.00090396777,0.00033535014
19379,0.08284563,0.5589891,0.0006337125,0.00040448149,6.976471e-05
19380,0.070176296,0.5579055,0.0012893283,0.0010484692,7.426381e-05
19381,0.07463504,0.3448846,0.0004859561,0.0011972112,4.611275e-05
19382,0.07250525,0.19775414,0.0028560124,0.000559291,0.00022693386
19383,0.2384615,0.3625177,0.002157342,0.0003668626,0.00027159214
19384,0.042642392,0.29350573,0.0010944522,0.0005193049,0.002217013
19385,0.079638734,0.14487325,0.0013406203,0.0007152324,0.00025315638
19386,0.1201288,0.023065226,0.0001465313,0.0002824081,0.000104725565
19387,0.010902374,0.15636235,0.00019411318,0.0013045066,0.00039204178
19388,0.04813677,0.021004366,0.0001535624,0.0012743262,0.0006166297
19389,0.02025469,0.32498476,0.00051728135,0.0018386652,0.00021485926
19390,0.02942358,0.20979328,0.0003029734,0.00058155763,0.000310156
19391,0.08108212,0.3941427,0.00023413582,0.0035796429,0.0001313518
19392,0.02136889,0.019271137,0.00066670234,0.0004583129,0.0017207355
19393,0.07779745,0.035144847,0.00053369283,0.00036400868,0.00038296366
19394,0.108566426,0.097734325,0.00062633416,0.00012830943,0.00017536995
19395,0.046205748,0.04256273,0.00090044667,0.00018093576,0.062331032
19396,0.014172367,0.0003150387,0.00046010586,0.0012160416,0.15127839
19397,0.079210326,0.0002959571,0.00027372167,0.002631674,0.049497053
19398,0.22439517,0.00016474655,0.00022516825,0.0017342081,0.09268778
19399,0.1260303,0.0002959571,0.0015129384,0.0010775026,0.037256766
19400,0.12973315,8.888085e-05,0.0006878511,0.00029365462,0.16559312
19401,0.108566426,0.0009773504,0.001455063,0.0014269596,0.17497347
19402,0.027220903,0.00029365462,0.0010817152,0.00020027377,0.064653486
19403,0.23335676,0.00021152887,0.00020502214,0.00012830943,0.27815875
19404,0.058131598,0.00047285444,0.001507049,9.993032e-05,0.2043419
19405,0.048405956,0.00035006859,0.00026738262,0.00026323833,0.10141133
19406,0.014227047,6.7092245e-05,0.0014607495,0.00026738262,0.07723878
19407,0.0022783307,0.00028685408,0.0021742254,0.000101503836,0.0588847
19408,0.00058840885,2.0948188e-05,0.00081355654,0.03197956,0.034100424
19409,0.0017477857,0.00021485926,0.00022341637,0.031618766,0.037750274
19410,0.00090750254,0.0004994205,0.0007916296,0.04320404,0.06608538
19411,0.0007152324,0.0012448432,0.00035143827,0.17272931,0.054600604
19412,0.0016875096,0.0001535624,0.001507049,0.062216982,0.13799648
19413,0.0003982131,0.00035697065,0.0024154831,0.086632065,0.15546273
19414,0.00016219282,0.00053578056,0.001032231,0.17036992,0.16858302
19415,0.0002082501,2.3187478e-05,0.00025714198,0.05300977,0.112600096
19416,0.0004691764,7.4846226e-05,0.00021485926,0.10230471,0.097734325
19417,0.00065126823,0.00062633416,0.00048029725,0.030502053,0.21321331
19418,0.00025915826,0.0006615174,0.0006615174,0.0894546,0.08021325
19419,0.000113234375,0.00043563012,0.0027044292,0.20402452,0.20291664
19420,0.0017546144,0.00023968685,0.0035796429,0.060640547,0.04681203
19421,0.0005233757,0.0001673405,0.0007069056,0.0107351625,0.0008761799
19422,0.00039511538,2.8857117e-05,0.00018814208,0.015247591,0.00024156629
19423,0.0018315102,0.0001673405,0.0023688741,0.011288074,0.000117744596
19424,0.0003799845,9.3145936e-05,6.0141516e-05,0.08093671,0.00048029725
19425,0.0011030267,8.957789e-05,0.00026947918,0.018194368,0.00030534892
19426,0.00024729347,0.000118667966,0.0007379196,0.059319146,0.00054847926
19427,0.0001465313,0.00036259004,0.002521268,0.059537485,0.00011412239
19428,0.0003175088,0.00017265156,0.00038147115,0.23178808,0.0010566838
19429,0.0004691764,5.307508e-05,0.0007321813,0.12064587,0.000113234375
19430,0.0001673405,0.0002959571,0.0002216781,0.100524865,0.00028685408
19431,0.000118667966,0.0003487043,0.00015598028,0.098772585,0.001012286
19432,0.0002959571,0.00025315638,0.62852144,0.08555635,0.0005680935
19433,0.0007096704,0.00010391067,0.75725627,0.08181271,0.00017400544
19434,0.00075835997,7.368593e-05,0.744842,0.0006142272,0.00040924744
19435,0.0017961492,6.761842e-05,0.42506817,0.00033797944,0.0006878511
19436,0.00036829791,0.00022693386,0.8044059,0.00028021098,0.00029827765
19437,0.0006693099,0.024376597,0.56355816,0.0016678823,6.553816e-05
19438,0.0021742254,0.05686155,0.7905303,0.00015476662,0.00063124346
19439,0.0006190417,0.13534632,0.62452257,0.0015854308,0.0007524628
19440,0.0003366622,0.039862495,0.67555064,0.0004390453,0.0003668626
19441,0.0012207952,0.1484171,0.8524448,0.00059071044,0.0010005044
19442,0.0037948343,0.082549304,0.9069832,0.002673006,0.0005274784
19443,0.0010083435,0.0053640567,0.27086577,0.0018895386,0.0001465313
19444,0.00044595622,0.18097353,0.6144518,0.0008231386,9.83812e-05
19445,0.00019411318,0.15869519,0.50142574,0.0020667946,0.00049747445
19446,0.00080095365,0.09756223,0.26913345,0.00039511538,0.00021318757
19447,0.00055494095,0.08803312,0.3474264,0.0017546144,0.0015792594
19448,0.0006386796,0.017442483,0.8326453,0.00030061635,0.00058840885
19449,0.00024729347,0.19821933,0.5439536,0.0058199596,0.002019014
19450,0.55844736,0.02854415,0.4533526,0.0005193049,0.0018458483
19451,0.54710114,0.048047356,0.55468154,7.722192e-05,9.993032e-05
19452,0.8441522,0.25293726,0.462382,0.0011832798,6.108855e-05
19453,0.54440784,0.1522842,0.82104415,0.00019716943,8.8189234e-05
19454,0.790692,0.15726623,0.75346667,0.00018522576,0.00041084853
19455,0.48818427,0.12220858,0.20561503,0.00038147115,0.00035281325
19456,0.28130686,0.037047166,0.46116844,0.00052133633,0.00072365726
19457,0.412826,0.06052939,0.38133475,0.0015188508,0.00011412239
19458,0.30280325,0.028167473,0.4606225,0.004166256,0.00013658353
19459,0.30642328,0.07303239,0.68331385,0.00039666123,0.00063124346
19460,0.41264847,0.040922303,0.51504064,0.00069867563,0.0010162441
19461,0.746139,0.011201214,0.53479475,0.0013993983,0.7096232
19462,0.33535084,0.100878626,0.81815636,0.0005053046,0.45301983
19463,0.6681228,0.018546565,0.6818327,0.00010554686,0.66366893
19464,0.56241685,0.04543722,0.71213204,0.00081993215,0.76942694
19465,0.5463751,0.10393038,0.7040584,0.0004424873,0.53309363
19466,0.7659437,0.0498659,0.7789858,0.0043653264,0.6818327
19467,0.7026321,0.04698664,0.79358625,0.00090750254,0.49460244
19468,0.54513437,0.12368282,0.8774768,0.0017821963,0.5840933
19469,0.5295067,0.019419348,0.65555656,7.782753e-05,0.83031917
19470,0.5878248,0.121372975,0.3694288,0.4212542,0.57326037
19471,0.7594039,0.0015129384,0.53136134,0.48035678,0.47892484
19472,0.5859899,0.0017007225,0.25201568,0.7999117,0.40697983
19473,0.72389543,0.0003150387,0.35197902,0.7647159,0.78431904
19474,0.7905303,0.0003275843,0.5371628,0.8040984,0.76960015
19475,0.6858443,0.0008761799,0.71032697,0.7049733,0.6337503
19476,0.54516464,0.0015188508,0.77713084,0.46235165,0.83031917
19477,0.5984882,0.0019418169,0.7839885,0.61682045,0.61566573
19478,0.6398486,5.694103e-05,0.53965044,0.86938226,0.81242126
19479,0.39583462,0.00029365462,0.7826625,0.896614,0.34037554
19480,0.38566384,0.00042223287,0.6752295,0.44589144,0.79358625
19481,0.7252596,0.00042223287,0.84453726,0.3323104,0.6005398
19482,0.5161839,0.00054847926,0.8318272,0.6713628,0.65885663
19483,0.7140302,0.001867566,0.6586371,0.6202767,0.65610766
19484,0.17610413,0.0015307452,0.68951476,0.50319856,0.8040984
19485,0.6001883,0.0018315102,0.63148063,0.55223787,0.6525736
19486,0.7538293,0.0002287133,0.3179555,0.58823884,0.7210562
19487,0.84758973,0.0003393018,0.4823529,0.3762793,0.84619683
19488,0.77321637,0.0014837189,0.61242557,0.41828102,0.4958535
19489,0.74853617,0.0011925492,0.7659437,0.53379244,0.7348813
19490,0.19072403,0.0007379196,0.41424707,0.7309625,0.45317107
19491,0.81375694,0.0003487043,0.79787195,0.47750846,0.76942694
19492,0.36749724,0.00026947918,0.7576151,0.6567684,0.68626493
19493,0.8716935,0.00022341637,0.7498207,0.1847675,0.37239107
19494,0.31090358,0.00056588,0.6400736,0.48849693,0.7892337
19495,0.43554133,0.00037118542,0.57104915,0.41318116,0.5189576
19496,0.7622471,0.00021995338,0.2842779,0.6535693,0.59707934
19497,0.29563648,0.00094361923,0.3195459,0.78199726,0.78596646
19498,0.57618433,0.0006693099,0.42196864,0.6875251,0.19667186
19499,0.39513415,0.00057254656,0.59649193,0.81077874,0.74576885
19500,0.63849723,0.00059071044,0.6444489,0.6374823,0.21700548
19501,0.2986959,0.00021485926,0.75725627,0.7778066,0.41620332
19502,0.44869804,0.0005838325,0.47090387,0.7078088,0.60504085
19503,0.4899611,0.00036117696,0.7264256,0.5919591,0.83615357
19504,0.93403506,0.00017536995,0.18698417,0.6819386,0.5051649
19505,0.6598436,0.000621463,0.9224824,0.7053793,0.54137856
19506,0.20705435,0.00023413582,0.8286616,0.2830872,0.21272224
19507,0.51203686,0.001264422,0.44320878,0.36523023,0.46523565
19508,0.58456767,0.0005152657,0.64857763,0.3421318,0.7547343
19509,0.38127714,0.0016941031,0.5000252,0.58207536,0.7633074
19510,0.4314045,0.0003740956,0.62406445,0.5807682,0.50775087
19511,0.8746137,0.0006166297,0.5654188,0.6417592,0.5899526
19512,0.7676898,0.0001634647,0.5022316,0.6826795,0.8562122
19513,0.8631611,0.0002758679,0.535311,0.6145097,0.54031754
19514,0.38815406,4.908662e-05,0.41727147,0.64712954,0.85573065
19515,0.65962446,0.48595795,0.72758853,0.23178808,0.83196384
19516,0.7468782,0.92944044,0.4042722,0.5782696,0.896614
19517,0.7588682,0.68510735,0.17938675,0.4869262,0.441372
19518,0.57791233,0.57737625,0.16411418,0.5575141,0.38832805
19519,0.6460137,0.81227237,0.47580317,0.5382855,0.459258
19520,0.3630821,0.75635755,0.57427543,0.18907149,0.4870025
19521,0.3178496,0.17838266,0.44390172,0.6649755,0.54337823
19522,0.6872103,0.46168414,0.73848045,0.7182981,0.37857395
19523,0.47081262,0.10158945,0.89199936,0.45980373,0.27786472
19524,0.52829003,0.5675771,0.5145528,0.6091173,0.17638768
19525,0.5371628,0.61578125,0.47916853,0.80363655,0.16572809
19526,0.6532375,0.59443355,0.6304574,0.78858316,0.64052343
19527,0.5730215,0.7977145,0.70212173,0.4802806,0.59278446
19528,0.70181525,0.6144518,0.8873999,0.6619229,0.532729
19529,0.69378424,0.60498255,0.79645085,0.7834919,0.42960885
19530,0.87800074,0.37261936,0.4689274,0.41661865,0.27904198
19531,0.37410447,0.5246687,0.2441827,0.5224763,0.7818308
19532,0.5380428,0.16171701,0.36647636,0.6984323,0.5190947
19533,0.81047887,0.43512127,0.7764535,0.5444684,0.8217605
19534,0.59766656,0.19620942,0.21900326,0.27279878,0.82204634
19535,0.5393169,0.6057407,0.72594017,0.2833846,0.4051545
19536,0.67896587,0.7733876,0.6073721,0.42178997,0.7970834
19537,0.6021201,0.5373449,0.77390057,0.508567,0.50853646
19538,0.621828,0.9069832,0.5621765,0.29838914,0.805173
19539,0.37834427,0.674801,0.7027341,0.45586467,0.1724504
19540,0.25349122,0.38081652,0.52842695,0.55805606,0.61589676
19541,0.5604331,0.7818308,0.73772544,0.7310586,0.3607142
19542,0.5963156,0.5870556,0.52020687,0.31341976,0.83413684
19543,0.22695492,0.7077078,0.44275695,0.8502201,0.7518304
19544,0.5736187,0.6531269,0.43734282,0.85573065,0.35644665
19545,0.5713481,0.7801604,0.56985265,0.34986588,0.8085212
19546,0.45771235,0.3693151,0.5911333,0.44761118,0.13150747
19547,0.6782204,0.5868188,0.4291303,0.49491516,0.5578152
19548,0.24744146,0.24762337,0.36624968,0.6664968,0.83801806
19549,0.61346817,0.4666633,0.7195807,0.46371746,0.44194394
19550,0.4616538,0.5343695,0.88483775,0.17539679,0.22953519
19551,0.6065567,0.6312534,0.36082682,0.49410278,0.74890363
19552,0.3794359,0.8740772,0.62440807,0.33372033,0.601535
19553,0.7314424,0.37182066,0.3055937,0.48066148,0.2104416
19554,0.5262667,0.5687751,0.23669262,0.47254658,0.59930927
19555,0.5818972,0.7834919,0.5658386,0.39123148,0.51099986
19556,0.00072365726,0.36398596,0.59825355,0.31552503,0.35031027
19557,0.000621463,0.4594096,0.77713084,0.21502088,0.51353884
19558,9.6856085e-05,0.3193336,0.75110084,0.66725606,0.57343954
19559,0.0020427648,0.60235405,0.32648614,0.85669243,0.6426568
19560,0.0001673405,0.43320197,0.70181525,0.53810346,0.48579788
19561,0.00041084853,0.3685193,0.6950276,0.39571783,0.87578696
19562,0.0010202174,0.4143063,0.49961138,0.41164294,0.92121595
19563,0.0014493985,0.70679796,0.008283626,0.74186105,0.89423656
19564,0.00075540564,0.6296607,0.0017140384,0.5541689,0.83999664
19565,0.002463007,0.91274774,0.002225671,0.31520876,0.70639306
19566,0.001867566,0.5185157,0.0010484692,0.7916601,0.20593424
19567,0.0012893283,0.61947125,0.0022083889,0.65885663,0.39466748
19568,0.00084264233,0.51575714,0.0008693674,0.7814974,0.45792446
19569,0.0014048677,0.30259714,0.0003859661,0.30424836,0.69368047
19570,0.00047285444,0.599192,0.00020184422,0.6979178,0.46991554
19571,0.0017546144,0.24580847,0.0009735438,0.4887028,0.48131666
19572,0.00042058743,0.35655868,0.0009110512,0.5658986,0.001957017
19573,0.0012448432,0.1999321,0.00072932884,0.74816835,0.0019723359
19574,0.0006166297,0.3298233,0.0006932423,0.49405318,0.0013564017
19575,0.6992544,0.33437204,0.0053225355,0.7232117,0.00019716943
19576,0.47216627,0.48559207,0.0040701376,0.569314,0.0006190417
19577,0.83508044,0.6180315,0.0016103574,0.26855758,0.00033797944
19578,0.3628563,0.39992884,0.00061183405,0.7047701,0.0008295892
19579,0.54483163,0.42441198,0.0014325366,0.36003888,0.00037555923
19580,0.65555656,0.7940658,0.0007152324,0.3685193,0.0005193049
19581,0.9034647,0.6210239,0.002157342,0.35387462,0.0012497094
19582,0.7403621,0.8136089,0.0006337125,0.8957053,0.0012399962
19583,0.5278185,0.7001778,0.4248892,0.32541335,0.0001634647
19584,0.7345006,0.8653379,0.3965939,0.37536293,0.0012065897
19585,0.6662797,0.43086562,0.6541219,0.70212173,0.00012632043
19586,0.8356178,0.54246944,0.81167597,0.2109288,0.0040072887
19587,0.8912444,0.4639603,0.7666432,0.5361611,0.0009927262
19588,0.5583872,0.36206648,0.77390057,0.17497347,0.0019877742
19589,0.6361271,0.9234544,0.5731409,0.51686984,0.00075540564
19590,0.63431686,0.6025879,0.9231778,0.57821,0.6274948
19591,0.2562732,0.4802197,0.5177385,0.7552762,0.7483523
19592,0.4156695,0.51231897,0.17023194,0.46520525,0.5384372
19593,0.79549927,0.64332926,0.629433,0.00058155763,0.8076124
19594,0.2384615,0.38885006,0.35947657,0.0010362669,0.659734
19595,0.4979954,0.684475,0.24310297,0.0014437558,0.7240906
19596,0.60603225,0.26020142,0.52657104,0.0018458483,0.4564703
19597,0.5322732,0.89423656,0.1847675,0.0013670257,0.32487765
19598,0.8056322,0.74502754,0.3455468,0.002621441,0.3988161
19599,0.891811,0.65577704,0.49829862,0.0013302015,0.8290773
19600,0.64790964,0.64968973,0.41733086,0.0010005044,0.6461254
19601,0.7791538,0.7031419,0.7926248,0.0047000605,0.6286354
19602,0.4210756,0.47326165,0.17724052,0.0016166499,0.8554893
19603,0.6662797,0.6222298,0.5506074,0.00026947918,0.6818327
19604,0.38001087,0.39420095,0.33917066,0.0017342081,0.31689754
19605,0.36999774,0.3900692,0.099820666,0.0011972112,0.7516481
19606,0.7047701,0.40086663,0.5248513,0.0031115087,0.10411242
19607,0.3203959,0.44875842,0.57230455,0.002019014,0.530799
19608,0.5010338,0.6228035,0.79454446,0.0005193049,0.65698844
19609,0.3786888,0.48829868,0.6951311,0.00040133507,0.31869715
19610,0.71173155,0.2831863,0.7892337,0.0001673405,0.77713084
19611,0.7001778,0.0068771075,0.5619361,0.0017274586,0.57684
19612,0.46766603,0.0003077431,0.67319167,0.004468384,0.6364661
19613,0.29451925,0.0006070756,0.71780384,0.00045474793,0.70058763
19614,0.47770643,0.002332234,0.745954,0.0006411777,0.6913932
19615,0.50648844,0.0002959571,0.7192851,0.0011695103,0.5163973
19616,0.7412996,0.00012931564,0.8564525,0.00016093082,0.63000226
19617,0.8388118,0.001882186,0.6859495,0.0017683518,0.44269672
19618,0.52253723,0.00041406954,0.78613067,0.00015118199,0.7009972
19619,0.5424089,0.0010242064,0.32788345,0.4572882,0.52290267
19620,0.8322367,0.0004322415,0.18097353,0.913368,0.5922539
19621,0.80746067,0.0014214043,0.50090504,0.7105279,0.78481424
19622,0.80332816,0.0001313518,0.58794314,0.41412857,0.43542135
19623,0.6000126,0.00024923251,0.71012604,0.43860483,0.5794599
19624,0.43764323,0.00066670234,0.53245556,0.63928574,0.68909645
19625,0.86396646,0.0010282109,0.4687602,0.77321637,0.59537494
19626,0.745954,0.0013564017,0.5858122,0.41152468,0.7516481
19627,0.7629543,0.000981172,0.5097339,0.42960885,0.28160313
19628,0.41917235,0.48105764,0.41626263,0.43911588,0.4797474
19629,0.38902417,0.62165576,0.25330648,0.55434984,0.4707366
19630,0.5597413,0.77149934,0.20055768,0.6855286,0.47688416
19631,0.8121234,0.28437722,0.5757669,0.6106276,0.76383626
19632,0.67308426,0.3448846,0.6786465,0.3060083,0.6491339
19633,0.3351332,0.45471427,0.7498207,0.33764017,0.9284088
19634,0.5859899,0.16626887,0.7620701,0.76524264,0.5791624
19635,0.7514658,0.7554566,0.7992857,0.79565805,0.6570985
19636,0.46596462,0.21750368,0.36455128,0.6058573,0.200871
19637,0.47329208,0.17356819,0.7666432,0.20370755,0.69378424
19638,0.82544905,0.17133833,0.45386693,0.46392995,0.46280688
19639,0.8467045,0.15469499,0.3684057,0.7157221,0.6025294
19640,0.9296961,0.48748282,0.55178505,0.5572129,0.52380097
19641,0.88778967,0.7180016,0.18198898,0.7622471,0.7666432
19642,0.6178009,0.69987017,0.30746198,0.55468154,0.6328432
19643,0.64467263,0.50334734,0.31859115,0.595669,0.7373473
19644,0.4023334,0.40403706,0.4228025,0.5967269,0.6738359
19645,0.7017131,0.5636782,0.22388572,0.70161086,0.7112304
19646,0.6099889,0.7329743,0.6715783,0.43608165,0.84376645
19647,0.37662312,0.65588725,0.876423,0.52883756,0.91274774
19648,0.47964075,0.63193506,0.80115914,0.7892337,0.8177201
19649,0.29128316,0.4551683,0.2507293,0.83867973,0.43815404
19650,0.55929005,0.56529874,0.6058573,0.6545636,0.6621414
19651,0.19636346,0.42161134,0.7220373,0.7668179,0.41697466
19652,0.41513595,0.5750511,0.45438138,0.16885695,0.50284004
19653,0.25795195,0.4252472,0.6466834,0.32917604,0.7756048
19654,0.41454327,0.6130049,0.9014011,0.26435837,0.26971012
19655,0.40910277,0.7501869,0.17147702,0.49123472,0.50560355
19656,0.6280653,0.64523166,0.4896179,0.24999616,0.6508002
19657,0.8671483,0.66432256,0.50753725,0.398582,0.08897849
19658,0.32348695,0.7514658,0.3209277,0.20577459,0.43506128
19659,0.6710396,0.6796041,0.6203342,0.61508787,0.23057307
19660,0.55087924,0.5800547,0.1309508,0.40151182,0.31478733
19661,0.8086723,0.41929123,0.46993077,0.6834195,0.39747056
19662,0.630685,0.3226327,0.43050647,0.6751224,0.24364243
19663,0.3477586,0.76838577,0.22970797,0.29310086,0.19208428
19664,0.7989722,0.59018886,0.18010667,0.4609258,0.6177433
19665,0.4466154,0.3457677,0.3368762,0.66421366,0.31017178
19666,0.67265433,0.60696447,0.27270192,0.52396846,0.60859406
19667,0.15215817,0.5593803,0.78282857,0.55021465,0.51146495
19668,0.7796575,0.7348813,0.8729984,0.35970145,0.25982565
19669,0.853669,0.57600546,0.7345006,0.16559312,0.8600169
19670,0.35857764,0.5621465,0.43380156,0.16344544,0.8071568
19671,0.52268946,0.45877305,0.58693725,0.12231338,0.4207186
19672,0.41911292,0.46159315,0.6046324,0.5774358,0.87652874
19673,0.48195666,0.347205,0.4233984,0.15778464,0.2897735
19674,0.60603225,0.69863796,0.5256884,0.34864512,0.71651626
19675,0.5538371,0.53351897,0.38035607,0.39076644,0.417984
19676,0.27747297,0.59930927,0.5670977,0.3331777,0.33426335
19677,0.7181993,0.29229218,0.5409845,0.45774263,0.5172051
19678,0.6868954,0.6200466,0.76559335,0.6874202,0.5758862
19679,0.87568074,0.38798013,0.80240077,0.64556694,0.58717394
19680,0.83973396,0.48399895,0.6375951,0.6929537,0.69575167
19681,0.6215409,0.1805397,0.4882148,0.6292052,0.8740772
19682,0.66399586,0.34169233,0.7108291,0.44305816,0.53883153
19683,0.6021201,0.15178062,0.7403621,0.2948237,0.42590368
19684,0.6910806,0.34997693,0.50587434,0.6568784,0.500824
19685,0.3526475,0.45601612,0.7106283,0.5421665,0.72700745
19686,0.7629543,0.12315455,0.5167479,0.48456302,0.61987406
19687,0.7078088,0.44996658,0.77932185,0.41964793,0.46141115
19688,0.6509112,0.2858701,0.54955,0.29350573,0.8830344
19689,0.28706777,0.112015955,0.48523378,0.111821815,0.41964793
19690,0.0279544,0.52331376,0.5594104,0.2501793,0.6076632
19691,0.016403032,0.5122961,0.9207897,0.7199747,0.62245935
19692,0.020488555,0.5338532,0.5876473,0.34643072,0.21141681
19693,0.017576884,0.47953415,0.5530527,0.85633236,0.38989493
19694,0.016979992,0.51189196,0.19012183,0.6006569,0.42059958
19695,0.008577486,0.5067211,0.9119669,0.4225642,0.39484245
19696,0.036838703,0.25054586,0.8707073,0.4719837,0.38404548
19697,0.02145073,0.725843,0.80685264,0.45825776,0.024145423
19698,0.01155267,0.62429357,0.79246426,0.102844074,0.017242778
19699,0.0030994155,0.7092205,0.15726623,0.01302049,0.07068779
19700,0.01844021,0.70598775,0.36886024,0.12474516,0.0121471705
19701,0.064065434,0.8677098,0.5202374,0.012479699,0.026607107
19702,0.012970386,0.47595543,0.4511149,0.010091316,0.0894546
19703,0.08299415,0.714628,0.5094746,0.0128707485,0.0434469
19704,0.057599206,0.43314204,0.55769473,0.025957357,0.032713123
19705,0.0049436893,0.7472472,0.551,0.025516603,0.01584536
19706,0.010489091,0.24707796,0.45398796,0.003707253,0.012722708
19707,0.0073743653,0.7704648,0.0123361,0.06418265,0.025809623
19708,0.015663648,0.39053392,0.19498022,0.04698664,0.024007747
19709,0.03378023,0.45344338,0.054802597,0.047869004,0.014899643
19710,0.05042407,0.68352515,0.0033504236,0.037326887,0.07682221
19711,0.0075772414,0.2856708,0.019643761,0.040464837,0.034553625
19712,0.048496,0.7690802,0.0065134983,0.1161611,0.01844021
19713,0.048948623,0.47770643,0.022629201,0.022672439,0.010529712
19714,0.069541745,0.52593195,0.029760094,0.0610871,0.03327394
19715,0.015603535,0.73028994,0.024845436,0.025274897,0.043772742
19716,0.027480694,0.6930576,0.020567095,0.01302049,0.014899643
19717,0.030792167,0.46645063,0.03216145,0.0035106493,0.009196552
19718,0.003524341,0.6374823,0.058560826,0.049589027,0.02145073
19719,0.0039300853,0.18952109,0.008187911,0.024750972,0.039342504
19720,0.006241259,0.42584398,0.024656856,0.010489091,0.017442483
19721,0.010328152,0.40910277,0.0035518846,0.067423776,0.019756919
19722,0.012673736,0.5143317,0.021615332,0.026056303,0.002472623
19723,0.02178117,0.68846846,0.030043371,0.0025114634,0.010408314
19724,0.017917344,0.4997886,0.022759154,0.06198946,0.07043161
19725,0.008577486,0.5799358,0.016529556,0.07682221,0.09894659
19726,0.040845715,0.14128143,0.0041179177,0.027795624,0.053107902
19727,0.076683804,0.32734567,0.06524657,0.02237146,0.048767094
19728,0.0042315875,0.24926445,0.0044337655,0.05042407,0.0075772414
19729,0.09534947,0.43200347,0.09602549,0.041462272,0.06500873
19730,0.051749542,0.52962834,0.0069576087,0.03138043,0.03120282
19731,0.010944578,0.4417332,0.013902059,0.002434382,0.0059571536
19732,0.009821793,0.59190017,0.003750789,0.010052369,0.06348236
19733,0.011642224,0.41756833,0.012673736,0.07094482,0.001507049
19734,0.0038844766,0.42184955,0.070816204,0.01584536,0.006666932
19735,0.068537496,0.7296161,0.107250325,0.0130707845,0.0015669889
19736,0.023825368,0.6304574,0.21288584,0.02096424,0.0016229671
19737,0.012288597,0.4539577,0.01812472,0.019606182,0.00075835997
19738,0.02665774,0.029986508,0.011419615,0.023021257,0.010860331
19739,0.006265534,0.015967654,0.0052608517,0.0011030267,0.0027576224
19740,0.02947941,0.029035643,0.046899255,0.002157342,0.00095101306
19741,0.0048297215,0.0190509,0.017509557,0.00189692,0.0010566838
19742,0.008030813,0.007289077,0.017375665,0.005343256,0.002491968
19743,0.0063143647,0.08195955,0.015543648,0.002800927,0.0054059005
19744,0.0025409926,0.009633652,0.015189049,0.005911069,0.007489625
19745,0.002822833,0.0023504829,0.008315778,0.0015854308,0.004297939
19746,0.003707253,0.010944578,0.014009566,0.0031236487,0.0031603526
19747,0.0012545944,0.029535338,0.016529556,0.0005527786,0.0016941031
19748,0.0046818224,0.06596494,0.007636216,0.0005072813,0.0010484692
19749,0.004451041,0.008847355,0.02532306,0.0014269596,0.0019494022
19750,0.00094361923,0.06656919,0.01384861,0.008610767,0.00047470425
19751,0.003135836,0.037467506,0.11496336,0.00268344,0.0011160142
19752,0.00519988,0.03429395,0.0047000605,0.0014493985,0.024845436
19753,0.0019117695,0.024007747,0.018055335,0.00092178053,0.0012065897
19754,0.005576545,0.02898063,0.0040860027,0.0030634168,0.001957017
19755,0.0022783307,0.06097518,0.003524341,0.0067449897,0.00029137006
19756,0.010818449,0.02433019,0.0017752605,0.0022606407,0.00041406954
19757,0.0019192374,0.025662705,0.0009966077,0.0018102111,0.0003859661
19758,0.0027255826,0.009559399,0.007907292,0.0006166297,0.0007793661
19759,0.0006641048,0.04903962,0.0029694452,0.0010566838,0.0049245106
19760,0.005060332,0.008445627,0.001032231,0.0025909794,0.0044857943
19761,0.0011604197,0.010489091,0.00039204178,0.007636216,0.0014953384
19762,0.007968815,0.0032224844,0.0042315875,0.0010775026,0.0020427648
19763,0.0014048677,0.01384861,0.00071802974,0.00092538487,0.0019955386
19764,0.0008328334,0.008577486,0.0010817152,0.0035657366,0.0075479234
19765,0.0021657674,0.012288597,0.000932636,0.0119150225,0.0021997981
19766,0.0020111583,0.040922303,0.0013354007,0.0022430879,0.00071244594
19767,0.0014895174,0.051941562,0.0017207355,0.00027372167,0.004792317
19768,0.009340025,0.09186979,0.0010242064,0.0006538155,0.0008693674
19769,0.0012893283,0.0042151595,0.0005614788,0.0007041516,0.0015792594
19770,0.00081355654,0.0055549247,0.004468384,0.00055494095,0.0070390454
19771,0.0017821963,0.020215968,0.0018031665,0.0044857943,0.00026530237
19772,0.0015731122,0.0010691263,0.0003473453,0.001012286,0.0012255674
19773,0.0028783479,0.001648483,0.00043563012,0.0008830458,0.0057974015
19774,0.00079783343,0.0017140384,0.001284308,0.001957017,0.00090044667
19775,0.0030873695,0.0028118587,0.0032858334,0.0006462033,0.0004897656
19776,0.0021074724,0.00040133507,0.002822833,0.007093862,0.00095101306
19777,0.0016809418,0.00090750254,0.0007350449,0.020527788,0.00050137425
19778,0.001867566,0.00075835997,0.00014768039,0.0019192374,0.0004565269
19779,0.0008626078,0.0004691764,0.00059071044,0.0009888597,0.00021824206
19780,0.004331502,0.00080095365,0.011597362,0.002673006,0.0011604197
19781,0.0011291547,0.0037217087,0.0015367271,0.0020587533,0.0017683518
19782,0.0013096057,0.0012351678,0.0015487612,0.003750789,0.0005132579
19783,0.0027576224,0.009340025,0.0007321813,0.002822833,0.0035380863
19784,0.0008295892,0.0060269516,0.0042646346,0.0038844766,0.0012399962
19785,0.003337405,0.0014895174,0.0018530593,0.0010817152,0.0006615174
19786,0.004331502,0.0029810327,0.004792317,0.00059302105,0.0011604197
19787,0.010489091,0.0025016968,0.0045738644,0.003524341,0.0002758679
19788,0.002800927,0.0012743262,0.0017342081,0.00026119032,0.00054847926
19789,0.0017342081,0.0043653264,0.0062170783,0.00031999825,0.0038844766
19790,0.0032986512,0.0019955386,0.0063883206,0.00035697065,0.003442981
19791,0.0012399962,0.020332353,0.0015427324,0.0020829707,0.00018667821
19792,0.0011469158,0.0008328334,0.0023504829,0.0011925492,0.00037850367
19793,0.0017477857,0.002800927,0.0016420668,0.0014381354,0.00044945232
19794,0.0006878511,0.0031236487,0.00074953143,0.000965975,0.005842605
19795,0.0026626128,0.0004390453,0.0025311112,0.0014381354,0.0007524628
19796,0.0010608152,0.002889581,0.00035557945,0.00041245588,0.0008328334
19797,0.0044337655,0.00065126823,0.0021489493,0.0003935756,0.0004897656
19798,0.0047737225,0.0003077431,0.00018378456,0.0023781238,0.0021912407
19799,0.00023413582,0.0028783479,0.004133968,0.0006166297,0.00072648755
19800,0.0003799845,0.0022872277,0.0017961492,0.0014895174,0.0022606407
19801,0.0011604197,0.0025311112,0.0016103574,0.00046010586,0.002631674
19802,0.00028910325,0.00058840885,0.001107339,0.00033015272,0.0023051251
19803,0.0037800956,0.0008864989,0.002225671,0.0019877742,0.0004994205
19804,0.0005838325,0.00588816,0.0015427324,0.0006487308,0.0012594986
19805,0.00092538487,0.0015129384,0.0007096704,0.00035281325,0.000101503836
19806,0.00074370287,0.005598249,0.00071244594,0.0011925492,0.0004583129
19807,0.0018748617,0.02355433,0.00037850367,0.0025114634,0.0028449097
19808,0.00037555923,0.00042887923,0.0022343625,0.0006411777,0.00052542303
19809,0.00020027377,0.0025016968,0.00026947918,0.00037555923,0.00032503586
19810,0.0017821963,0.0003487043,0.0016229671,0.00019563535,0.0019723359
19811,0.0013147246,0.0012303583,0.00017130819,0.0013198634,0.00013238186
19812,0.0010044164,0.011244561,0.0012793075,0.00069867563,0.00074953143
19813,0.0021489493,0.0027149853,0.0025016968,0.00011147904,0.00074370287
19814,0.00109019,0.0011695103,0.0012160416,0.0003799845,0.00027803096
19815,0.00080095365,0.0017477857,0.0030160663,0.0008263576,0.00017813111
19816,0.0028671585,9.83812e-05,0.0015307452,0.00035006859,0.00048029725
19817,0.0026112476,0.0002551414,0.00036117696,0.002800927,0.00030534892
19818,0.00026947918,0.0019418169,0.0009773504,0.0029235429,7.197912e-05
19819,0.00061183405,0.00010637458,0.0016356753,0.0021657674,0.0003125878
19820,0.0004583129,0.00022693386,0.0011160142,0.0006745559,4.870464e-05
19821,0.0008263576,0.0015548134,0.002217013,0.0038244836,0.00014313738
19822,0.003649987,0.00075540564,0.00075540564,0.0020427648,0.00018093576
19823,0.0011604197,0.0032730652,0.0012594986,0.0014158707,0.00075540564
19824,0.0010202174,0.0031236487,0.00035281325,0.0007947255,6.605215e-05
19825,0.000310156,0.00028685408,0.0020427648,0.00049747445,0.00038296366
19826,0.0010733063,0.0009773504,0.0060035964,0.0025909794,0.00028685408
19827,0.00059302105,0.00698465,0.0011786721,0.0056200367,2.6274773e-05
19828,0.00023050673,0.00055494095,0.0077555366,0.00015843622,0.0013831174
19829,0.00095101306,0.0016229671,0.00017674513,0.0005420927,0.00025714198
19830,9.3145936e-05,0.00037555923,0.0008525666,0.0016103574,0.00036829791
19831,0.006097562,0.00013342,0.0006436856,0.0006932423,0.00016603847
19832,0.0023141264,0.0001313518,0.0024154831,0.00026119032,0.000310156
19833,0.0006719278,0.0002824081,0.00062633416,0.0015608892,0.0001313518
19834,0.00050137425,0.00024729347,0.001882186,0.00036973887,0.00072648755
19835,0.0037217087,0.0003366622,0.0016420668,0.00027372167,0.00027159214
19836,0.001507049,0.0010403185,0.0008899655,0.0013617034,0.00189692
19837,0.00024536948,0.0006386796,0.0007947255,0.00026119032,0.006168995
19838,0.0009622126,0.0003393018,0.00018667821,0.0003433,0.0018102111
19839,0.00089344557,0.0021157034,0.0009399439,0.00041894842,0.015130728
19840,0.0023231625,0.0037654135,0.0014381354,0.00036973887,0.021574067
19841,0.00090044667,0.00042388475,8.092757e-05,7.905304e-05,0.0028449097
19842,0.00053369283,0.0013096057,0.00050333556,0.00025915826,0.00032503586
19843,0.0006825019,4.720623e-05,0.00015843622,0.0008459375,0.002800927
19844,0.00044595622,0.001264422,0.0015731122,0.0002098831,0.0049436893
19845,0.00072648755,0.00091819005,0.0010733063,0.00039051395,0.0048674177
19846,0.0006693099,0.002521268,0.0006411777,0.0003889921,0.011777843
19847,0.0015731122,0.0005953407,0.00026738262,0.00010310212,0.001648483
19848,0.00026530237,0.00034196206,0.0014607495,0.00043055712,0.0021489493
19849,0.002019014,0.001294368,7.543321e-05,0.00072648755,0.007876706
19850,0.00047656128,0.0003029734,0.00023413582,0.0011925492,0.0025909794
19851,0.000493605,9.993032e-05,0.00014202365,0.0002082501,0.00092900335
19852,0.0001535624,0.0011030267,7.662102e-05,5.2662068e-05,0.01584536
19853,0.0014721896,0.00268344,0.0002758679,0.0010775026,0.008985429
19854,0.0005527786,8.156225e-05,0.00013342,0.0008040859,0.001882186
19855,0.00012243443,0.00049553596,9.535461e-05,0.001012286,0.005842605
19856,0.00069867563,4.365878e-05,0.0011604197,0.026205415,0.01433703
19857,0.00056588,0.00010637458,0.00033797944,0.0029008575,0.008380453
19858,0.00025315638,0.00014768039,7.311254e-05,0.011508149,0.003324437
19859,0.00024156629,0.00023413582,0.0006932423,0.009821793,0.00069054146
19860,0.0009850083,0.00021824206,0.0001344663,0.0022872277,0.0024060889
19861,0.00044421837,9.242113e-05,0.00023782204,0.0009110512,0.003135836
19862,0.0006959537,0.00017674513,0.00021318757,0.005343256,0.009125637
19863,0.0001823546,2.8632558e-05,0.00044770088,0.0005378764,0.0057525453
19864,0.0012743262,0.00028685408,0.00011412239,0.0075479234,0.0035796429
19865,0.00043733438,0.0008360903,7.0863265e-05,0.01107216,0.000628784
19866,0.0010083435,0.00025118678,0.00046552691,0.0027791904,0.0054905633
19867,0.00069054146,0.00014202365,0.00038446192,0.0049436893,0.0021157034
19868,0.00084924564,0.0012018913,0.00017952797,0.0016941031,0.005448068
19869,0.009936419,0.0019342611,0.00022516825,0.0027683855,0.0014493985
19870,0.0013045066,0.00027159214,0.00023413582,0.003960788,0.0004583129
19871,0.0020667946,0.00023231418,0.0002098831,0.00029137006,0.0051797125
19872,0.007176882,0.00013873412,0.00028685408,0.0010282109,0.0013723687
19873,0.00076729245,0.00016093082,0.041773878,0.0031115087,0.0010987311
19874,0.004886375,0.00025915826,0.003960788,0.003960788,0.0013406203
19875,0.007636216,0.0017821963,0.02854415,0.008061991,0.007725534
19876,0.017309096,0.009859855,0.0015731122,0.0033634927,0.020527788
19877,0.0042812545,0.0025409926,0.0010775026,0.0047000605,0.0010242064
19878,0.0074317735,0.0017683518,0.0026419468,0.0022694687,0.0067712096
19879,0.002157342,0.026861202,0.0032476764,0.0034970103,0.0029926654
19880,0.002822833,0.0007524628,0.005159623,0.018089995,0.002673006
19881,0.005220126,0.002217013,0.0015307452,0.0015129384,0.007695647
19882,0.014172367,0.0071214284,0.011508149,0.022672439,0.0046455576
19883,0.001133569,0.0006436856,0.0015854308,0.00071802974,0.0021405893
19884,0.0024249144,0.0015669889,0.0030634168,0.0018243829,0.0029926654
19885,0.006289902,0.0030278352,0.003692853,0.0032476764,0.0005378764
19886,0.003324437,0.0026419468,0.0029349518,0.0017207355,0.0011604197
19887,0.0057525453,0.0140636265,0.0074317735,0.0069306716,0.0005953407
19888,0.008030813,0.003707253,0.00619299,0.0038844766,9.83812e-05
19889,0.0010817152,0.0057302467,0.0075772414,0.0027255826,0.0014214043
19890,0.0021239663,0.0015129384,0.00502115,0.0037800956,0.00074953143
19891,0.011288074,0.0034970103,0.002434382,0.031084951,0.00052542303
19892,0.0014269596,0.0003935756,0.0041824942,0.0073743653,0.003839395
19893,0.0072608665,0.02854415,0.00026947918,0.007665875,0.00024536948
19894,0.0030873695,0.008985429,0.0047183693,0.0026112476,0.0006615174
19895,0.0008830458,0.0042151595,0.018617803,0.00305151,0.00089693937
19896,0.0015487612,0.009055264,0.0073173973,0.0026010936,0.0032730652
19897,0.0011832798,0.016090874,0.0035657366,0.0015247863,6.402006e-05
19898,0.001591626,0.00038747612,0.0060269516,0.0013617034,0.00020184422
19899,0.0030634168,0.0011247575,0.0011649561,0.0012113064,0.0017007225
19900,0.0021322616,0.0038096302,0.0037362205,0.0019418169,0.0011380006
19901,0.0016040892,0.003337405,0.0043653264,0.0012594986,0.0013885233
19902,0.0010362669,0.0038096302,0.0024249144,0.00087276706,0.00024346048
19903,0.009020279,0.007785655,0.0016040892,0.0021742254,0.0013250224
19904,0.008950711,0.021656677,0.003135836,0.000932636,0.0035657366
19905,0.0028560124,0.007815889,0.0067449897,0.0015307452,0.0013045066
19906,0.0065388246,0.006073934,0.0017073674,0.0007733057,0.003945407
19907,0.003324437,0.008156248,0.0015129384,0.00025714198,0.0026522598
19908,0.0033766122,0.0025509123,0.0004029052,0.0003597694,0.0006641048
19909,0.01685008,0.009268014,0.0020829707,0.0032476764,0.0014664583
19910,0.00047656128,0.014899643,0.0017007225,0.0009399439,0.00019563535
19911,0.0009622126,0.0045208177,0.001507049,0.0018458483,0.0011513996
19912,0.0037362205,0.0033897832,0.0017342081,0.009090384,0.0006878511
19913,0.0022083889,0.0107351625,0.008348054,0.0012065897,0.00053369283
19914,0.002822833,0.0029926654,0.0029579026,0.0031236487,0.0011030267
19915,0.009746104,0.0021239663,0.00268344,0.0011203773,0.0003597694
19916,0.0006825019,0.0004840624,0.019643761,0.0007096704,0.0003125878
19917,0.010368157,0.0016678823,0.0030396497,0.00090044667,0.0017961492
19918,0.0037654135,0.00058611616,0.01778039,0.0006641048,0.0005463421
19919,0.0010044164,0.0005399804,0.0017073674,0.0013354007,0.0010044164
19920,0.00040924744,0.000628784,0.0020829707,0.00024156629,0.00062633416
19921,0.00029827765,0.0004390453,0.0011695103,0.0011604197,0.00010889691
19922,0.00045297583,0.0006693099,0.0007152324,0.00056588,0.00077632995
19923,0.0005636751,0.0034698907,0.0018748617,0.0011559009,0.0003433
19924,0.0011740822,0.002396731,0.004468384,0.0002758679,0.00027803096
19925,0.0031115087,0.0006719278,0.0007014083,0.0018458483,0.002822833
19926,0.00026530237,0.0042315875,0.0003077431,0.00055062474,0.00062389387
19927,0.00092538487,0.0012448432,0.0008796062,0.0025509123,0.0021742254
19928,0.0013564017,0.0009547317,0.00044076296,0.0002082501,0.0011291547
19929,0.00066670234,0.003135836,0.00018667821,0.00023413582,0.0035657366
19930,0.0024249144,0.00048217614,0.0004859561,0.0007379196,0.0011116682
19931,0.0019043302,0.0003487043,0.00027803096,0.007204769,0.0007947255
19932,0.0009110512,0.0005132579,0.00053161324,0.00019871553,0.0011832798
19933,0.00109019,0.0007069056,0.0020269002,0.006145092,0.0021074724
19934,0.002332234,0.00027159214,0.0024822769,0.0026419468,0.008348054
19935,0.0013831174,0.00074661145,0.00013342,0.0003175088,0.0035380863
19936,0.0012351678,0.00021824206,0.0017207355,0.012722708,0.00020342697
19937,0.00029137006,0.000493605,0.00020502214,0.0040860027,0.0027362213
19938,0.0020911063,0.0007152324,0.00026119032,0.004133968,0.0012303583
19939,0.0008626078,0.00039511538,0.0013406203,0.00092538487,0.00047285444
19940,0.0016293088,0.00018522576,0.0025809042,0.0020911063,0.00080095365
19941,0.00077632995,0.00044421837,0.0007379196,0.0039300853,0.0006538155
19942,0.004792317,0.0005399804,0.00078854576,0.00077632995,0.017309096
19943,0.013325147,0.0025311112,0.0008263576,0.001044386,0.0007069056
19944,0.0017891593,0.00081993215,0.0012399962,0.003750789,0.0016613906
19945,0.0079997545,0.001044386,0.0006386796,0.003429604,0.0014048677
19946,0.0006851713,0.001264422,0.0041179177,0.0037948343,0.00519988
19947,0.00096975197,8.547617e-05,0.0005703157,0.0034970103,0.0026419468
19948,0.00047470425,0.0014214043,0.007204769,0.0007613258,0.0015978456
19949,0.001477943,0.0013617034,0.001284308,0.00081993215,0.002296159
19950,0.0007793661,0.00019871553,0.002332234,0.0014158707,0.008124708
19951,0.00038147115,0.00016219282,0.0035796429,0.0012497094,0.0038844766
19952,0.00040606395,0.00081355654,0.0005233757,0.00016474655,0.0014437558
19953,0.00052133633,0.003960788,0.0002098831,0.0029694452,0.017917344
19954,0.003750789,0.0025909794,0.0028338498,0.00015476662,0.002157342
19955,0.0005747862,0.0051196762,0.00021824206,0.00011147904,0.0003473453
19956,0.0002824081,0.0022783307,0.00090396777,0.00072648755,0.0002758679
19957,0.0014381354,0.00013658353,0.00049168157,0.0017409837,0.00046371284
19958,0.0022343625,0.006289902,0.0002287133,0.00046552691,0.0014837189
19959,0.0012160416,0.002296159,0.000117744596,0.00095846487,0.0013511209
19960,0.0014048677,0.0021997981,0.00089693937,0.002074867,0.0010733063
19961,0.0022783307,0.0005112579,0.0017752605,0.0004859561,0.0021997981
19962,0.0032730652,0.0006166297,0.0052608517,0.00035143827,0.00048029725
19963,0.000119598575,0.0003597694,0.0032986512,0.0006563728,7.905304e-05
19964,0.007289077,0.00020502214,0.0007096704,0.00047285444,0.00021318757
19965,0.013428255,0.0020348171,0.0016549242,4.947159e-05,0.00028685408
19966,0.0019646613,0.005598249,0.00619299,0.0005132579,0.00025118678
19967,0.0006798429,0.003004343,0.0061212815,0.0051196762,0.00037118542
19968,0.0009850083,0.0005527786,0.002673006,0.007204769,9.993032e-05
19969,0.0033766122,0.0024534282,0.00090044667,0.0004994205,0.0001072088
19970,0.0011559009,0.00081993215,0.0123361,0.0065134983,0.0004565269
19971,0.002800927,0.00027159214,0.0002846224,0.0013406203,5.433365e-05
19972,0.0012693645,0.0032986512,0.0006436856,0.0013885233,0.00011591935
19973,0.0009773504,0.00016474655,0.008030813,0.003197487,0.000621463
19974,0.0016103574,9.993032e-05,0.007815889,0.00268344,0.0008693674
19975,0.009376237,0.00015598028,0.0029694452,0.0044337655,0.0006166297
19976,0.008478402,0.0007408056,0.002673006,0.014392336,0.002217013
19977,0.003235056,0.00021824206,0.00017400544,0.013325147,0.00018093576
19978,0.0010242064,0.0006615174,0.00038446192,0.0007408056,0.0013885233
19979,0.0031726826,0.00022516825,0.0013993983,0.0030994155,0.00053161324
19980,0.000932636,0.00026947918,0.00022341637,0.002074867,0.00094361923
19981,0.00044770088,0.00014768039,5.307508e-05,0.0025909794,0.00023782204
19982,0.00012148176,0.0001634647,0.0005233757,0.0023781238,0.00045474793
19983,0.00015967865,0.00015476662,0.00043733438,0.002434382,0.00034196206
19984,0.0003935756,0.00012931564,0.0004156895,0.0019723359,2.3552619e-05
19985,0.00060945016,0.0003597694,3.3474687e-05,0.008315778,0.0003275843
19986,0.00018093576,0.00013982208,0.001032231,0.0056638657,0.0002824081
19987,0.0011030267,0.00020342697,0.0004156895,0.005099818,0.0123361
19988,0.0003150387,0.00016865275,0.00018093576,0.00043055712,0.0228462
19989,0.0001634647,9.3145936e-05,0.0003740956,0.0027255826,0.008219693
19990,0.00033797944,0.00015236755,0.00024536948,0.0028671585,0.015247591
19991,0.0003275843,0.0004583129,0.00032503586,0.018511046,0.03197956
19992,0.0016613906,0.00026323833,0.0005747862,0.0034162789,0.0074606435
19993,0.00024536948,0.00031999825,0.00036543285,0.0047552,0.002019014
19994,0.0011116682,0.0023231625,0.00023413582,0.00268344,0.012527932
19995,0.00041245588,0.000115017356,0.00074661145,0.0047183693,0.0010944522
19996,0.0001634647,0.006265534,0.001032231,0.005641909,0.012527932
19997,0.00030534892,0.0035380863,0.0003473453,0.003960788,0.007968815
19998,0.0004859561,0.005343256,0.005641909,0.009090384,0.019308086
19999,0.0023051251,0.021698097,0.008511303,0.003197487,0.010248602
20000,0.00038147115,0.0037800956,0.0153063545,0.024563087,0.0060503976
20001,0.00076729245,0.0070390454,0.012479699,0.0056638657,0.007232764
20002,0.00012148176,0.015424552,0.007232764,0.004038592,0.0064381026
20003,0.0007379196,0.0014664583,0.004591684,0.024656856,0.0041179177
20004,0.00015967865,0.01155267,0.005708034,0.010448625,0.008061991
20005,0.003442981,0.003945407,0.003976228,0.0045208177,0.0012893283
20006,0.0028671585,0.0012448432,0.0008263576,0.003750789,0.0015608892
20007,0.00930395,0.004591684,0.0018243829,0.00305151,0.007695647
20008,0.004810983,0.009522486,0.002332234,0.0025016968,0.005040703
20009,0.012288597,0.004297939,0.015967654,0.011244561,0.004468384
20010,0.03204008,0.007785655,0.004038592,0.01665704,0.0038543637
20011,0.0010525686,0.0034030052,0.0037217087,0.005708034,0.012100386
20012,0.001264422,0.005911069,0.0014953384,0.006338922,0.01461567
20013,0.0047000605,0.0038543637,0.01155267,0.0008830458,0.04200906
20014,0.0048674177,0.0123361,0.007846239,0.3457677,0.0031726826
20015,0.0063883206,0.0008360903,0.0107767265,0.032651376,0.0029926654
20016,0.006413164,0.0025608707,0.0013670257,0.12710987,0.00092900335
20017,0.008219693,0.0031115087,0.0119150225,0.28279,0.00189692
20018,0.0045032725,0.0069576087,0.0044337655,0.03534408,0.00044421837
20019,0.025130946,0.0123361,0.002491968,0.016466174,0.0032858334
20020,0.005343256,0.00046552691,0.0015367271,0.031321116,0.0014721896
20021,0.013376604,0.0025016968,0.0049245106,0.044847902,0.0018386652
20022,0.011869121,0.005159623,0.0018530593,0.04594821,0.030502053
20023,0.0025509123,0.003235056,0.0072608665,0.13217813,0.0037362205
20024,0.00930395,0.016529556,0.016466174,0.064065434,0.003004343
20025,0.024987794,0.002570868,0.0011972112,0.10539454,0.0029810327
20026,0.01107216,0.0007379196,0.00077632995,0.053206205,0.0031480708
20027,0.002570868,0.019308086,0.0015367271,0.086632065,0.0054905633
20028,0.0021157034,0.0006142272,0.011029471,0.009974921,0.0014437558
20029,0.010570489,0.010944578,0.0038996208,0.02947941,0.008412978
20030,0.0045032725,0.03601607,0.005685907,0.018194368,0.012007351
20031,0.004736749,0.038683496,0.015543648,0.14694206,0.04822634
20032,0.00307537,0.008478402,0.0075479234,0.023916386,0.038683496
20033,0.0027255826,0.002434382,0.0067449897,0.022286186,0.20785716
20034,0.0019342611,0.0040072887,0.0019342611,0.00930395,0.16026603
20035,0.0025809042,0.0028118587,0.0025909794,0.03204008,0.05781161
20036,0.01384861,0.009376237,0.04001227,0.0053018946,0.07765744
20037,0.0043653264,0.03015741,0.015130728,0.048767094,0.05042407
20038,0.0064381026,0.008445627,0.0008796062,0.02947941,0.12852514
20039,0.0029810327,0.068040416,0.0071214284,0.02433019,0.10521054
20040,0.010169658,0.16954333,0.0026419468,0.22988081,0.032466814
20041,0.005040703,0.095518075,0.005641909,0.04751419,0.050611433
20042,0.004962942,0.14596547,0.002463007,0.004331502,0.031261913
20043,0.006241259,0.018299332,0.0036358088,0.03534408,0.0121471705
20044,0.002621441,0.0044857943,0.22781274,0.008124708,0.005448068
20045,0.0087791085,0.064653486,0.029367855,0.060418423,0.06394842
20046,0.0014048677,0.062216982,0.023689471,0.036977556,0.04509957
20047,0.0040701376,0.014227047,0.017712299,0.005708034,0.064065434
20048,0.0016229671,0.02442309,0.010611421,0.01665704,0.051462766
20049,0.004314688,0.024750972,0.042882238,0.017242778,0.14511536
20050,0.08344117,0.111821815,0.0028783479,0.08601588,0.11047116
20051,0.021822825,0.032774985,0.0032986512,0.011823394,0.06717858
20052,0.027901376,0.025371311,0.06766981,0.06512755,0.064065434
20053,0.015663648,0.057281975,0.06418265,0.009596455,0.09704756
20054,0.04543722,0.16198196,0.020645931,0.041384716,0.09252366
20055,0.015014749,0.10212548,0.05079946,0.02013874,0.008061991
20056,0.10338596,0.05561761,0.051462766,0.085403666,0.10194652
20057,0.044931643,0.061649624,0.020924192,0.07030385,0.051367506
20058,0.10212548,0.21419789,0.035211135,0.11961367,0.08021325
20059,0.0060269516,0.068662286,0.031084951,0.02249997,0.19667186
20060,0.012100386,0.10932483,0.072243005,0.028925717,0.16776334
20061,0.037326887,0.05033063,0.036425155,0.009783876,0.068040416
20062,0.049589027,0.016090874,0.028382124,0.0072608665,0.14499426
20063,0.10356715,0.0107351625,0.033526164,0.008187911,0.023021257
20064,0.027428543,0.011115014,0.15291561,0.019719128,0.09602549
20065,0.0586686,0.019946935,0.01627746,0.020527788,0.27154136
20066,0.12951279,0.060863446,0.03594832,0.021165619,0.32146
20067,0.008283626,0.00402291,0.03581319,0.026355354,0.016721142
20068,0.033972,0.025711587,0.015189049,0.018194368,0.033907957
20069,0.037821285,0.0610871,0.02076474,0.101767845,0.01107216
20070,0.0107351625,0.03302355,0.033526164,0.018159512,0.025274897
20071,0.16899405,0.03197956,0.0069306716,0.040845715,0.007876706
20072,0.015014749,0.018546565,0.03574581,0.020100236,0.14804721
20073,0.024563087,0.019308086,0.084341794,0.011597362,0.15002882
20074,0.07572137,0.043854564,0.14057204,0.1187934,0.040313438
20075,0.04369106,0.079638734,0.03767939,0.0046095722,0.049405243
20076,0.09790669,0.047958102,0.0075479234,0.0064381026,0.1666754
20077,0.015365342,0.1185891,0.031261913,0.0019192374,0.0131212715
20078,0.031738594,0.046638038,0.023330769,0.010091316,0.052134257
20079,0.037186775,0.0023596608,0.024237635,0.031738594,0.05686155
20080,0.034553625,0.021287354,0.02215887,0.007489625,0.011288074
20081,0.06632687,0.014447852,0.016593177,0.036631364,0.060086653
20082,0.012771867,0.020567095,0.046033904,0.008124708,0.07369627
20083,0.012383785,0.020410309,0.02727267,0.0588847,0.047425874
20084,0.022032265,0.012673736,0.049130786,0.021246698,0.029816542
20085,0.027014792,0.02898063,0.036838703,0.018941708,0.021246698
20086,0.107812636,0.01302049,0.06941547,0.10743748,0.0973904
20087,0.02442309,0.034100424,0.09518112,0.071202725,0.029873092
20088,0.20833994,0.0074317735,0.1775255,0.18359363,0.16626887
20089,0.112015955,0.0051396107,0.02508314,0.024007747,0.019456575
20090,0.045777272,0.0567569,0.012624949,0.0057749297,0.03890198
20091,0.037047166,0.0044165556,0.029816542,0.05127242,0.006903838
20092,0.12158141,0.069921836,0.03429395,0.0046095722,0.071202725
20093,0.03897507,0.021004366,0.018546565,0.023599293,0.09894659
20094,0.009485713,0.024940254,0.04885778,0.015365342,0.08977328
20095,0.035078675,0.068662286,0.083740406,0.0107351625,0.0019117695
20096,0.09057447,0.017712299,0.021822825,0.01627746,0.022328783
20097,0.060307644,0.021906367,0.2024432,0.02898063,0.028382124
20098,0.006692851,0.052230857,0.015014749,0.5347036,0.03308598
20099,0.017576884,0.018833129,0.018689308,0.15482272,0.042087726
20100,0.009161027,0.016914913,0.014728614,0.09401018,0.007204769
20101,0.046464663,0.015784562,0.00198004,0.29777616,0.091544405
20102,0.0063883206,0.025516603,0.039787807,0.32316646,0.069541745
20103,0.012821214,0.0131212715,0.012576348,0.12787028,0.052521676
20104,0.03904829,0.012624949,0.06348236,0.14940724,0.10539454
20105,0.009859855,0.010248602,0.062904246,0.4525964,0.015014749
20106,0.15190639,0.02532306,0.049497053,0.28328544,0.0059803305
20107,0.019794779,0.0047552,0.033652965,0.16132024,0.017442483
20108,0.060863446,0.0043653264,0.04001227,0.31426096,0.007785655
20109,0.015784562,0.05834584,0.03567855,0.08647765,0.02132808
20110,0.009936419,0.025035424,0.04903962,0.045183755,0.009376237
20111,0.010052369,0.05127242,0.015424552,0.2220247,0.07423137
20112,0.019271137,0.0689125,0.02854415,0.1133831,0.03149938
20113,0.06359858,0.13206616,0.006168995,0.3307954,0.014957086
20114,0.027901376,0.0119150225,0.01461567,0.43134466,0.02532306
20115,0.0073743653,0.018725162,0.011331754,0.14694206,0.078359805
20116,0.011869121,0.03825006,0.008380453,0.2564594,0.07356305
20117,0.010489091,0.052424565,0.011597362,0.08344117,0.019756919
20118,0.010169658,0.00462753,0.03429395,0.33415475,0.011597362
20119,0.004962942,0.024376597,0.012821214,0.18907149,0.11318691
20120,0.011244561,0.031261913,0.037750274,0.3366581,0.018089995
20121,0.070176296,0.017309096,0.0033897832,0.16626887,0.042087726
20122,0.017242778,0.040313438,0.01778039,0.12116485,0.04698664
20123,0.013428255,0.21634248,0.012288597,0.10576342,0.005281334
20124,0.009090384,0.014957086,0.011687257,0.30218512,0.026912304
20125,0.004133968,0.009859855,0.0038844766,0.4228025,0.0019192374
20126,0.01840489,0.039490405,0.0065897717,0.07821887,0.024845436
20127,0.033972,0.022286186,0.036908064,0.20212802,0.03027187
20128,0.0055549247,0.026607107,0.009522486,0.282592,0.14451066
20129,0.0107767265,0.028870907,0.008380453,0.07185127,0.1266771
20130,0.0024249144,0.684264,0.026455775,0.1799625,0.041307304
20131,0.019719128,0.18025091,0.0107767265,0.4336816,0.060086653
20132,0.008061991,0.1666754,0.0021657674,0.012288597,0.02470387
20133,0.037821285,0.41602537,0.054802597,0.019234259,0.058024745
20134,0.10230471,0.16735472,0.01784874,0.016152835,0.02433019
20135,0.010248602,0.12378869,0.01798621,0.02237146,0.015189049
20136,0.10502681,0.586286,0.01243165,0.024376597,0.02428387
20137,0.06052939,0.23283306,0.004150081,0.07329728,0.030675802
20138,0.004810983,0.43404144,0.019456575,0.056029383,0.0355444
20139,0.015967654,0.051845465,0.0930168,0.124638565,0.22627032
20140,0.01243165,0.24707796,0.1066906,0.0089161275,0.08284563
20141,0.021125194,0.14804721,0.10212548,0.012970386,0.32788345
20142,0.016529556,0.22867285,0.010248602,0.019493872,0.11318691
20143,0.020100236,0.2052962,0.042722195,0.074500255,0.06766981
20144,0.0751764,0.26999876,0.0107767265,0.012771867,0.061649624
20145,0.37147856,0.31310463,0.0071214284,0.02120612,0.31237
20146,0.19498022,0.14010079,0.0020992735,0.025908021,0.40969306
20147,0.07558479,0.08993301,0.23283306,0.034880888,0.38035607
20148,0.021615332,0.18579942,0.4023334,0.022542967,0.48224625
20149,0.19012183,0.08882029,0.25441632,0.007785655,0.30746198
20150,0.12378869,0.038178273,0.5777932,0.017644463,0.08166611
20151,0.28378138,0.16371268,0.19790912,0.0060503976,0.10123348
20152,0.35131106,0.11656274,0.5355843,0.012383785,0.21436232
20153,0.22135067,0.3083985,0.25664565,0.0025311112,0.042087726
20154,0.25367606,0.21850258,0.111627996,0.05781161,0.04885778
20155,0.27678826,0.7287483,0.22644134,0.004792317,0.41626263
20156,0.19314739,0.060863446,0.23405631,0.022715755,0.20561503
20157,0.31048527,0.14694206,0.12158141,0.013222822,0.19728975
20158,0.41406935,0.21535076,0.27776673,0.17398883,0.08961382
20159,0.1989965,0.55084896,0.04698664,0.013902059,0.25739157
20160,0.18967113,0.3361131,0.07146149,0.054903854,0.03314852
20161,0.031026179,0.22901751,0.17384852,0.015365342,0.057176597
20162,0.21354114,0.20513691,0.079495706,0.05127242,0.35566297
20163,0.3678378,0.4028619,0.584627,0.010288301,0.35309353
20164,0.31426096,0.33644006,0.38989493,0.02970375,0.23196201
20165,0.29451925,0.08787644,0.5092763,0.02532306,0.4776151
20166,0.49432394,0.03904829,0.26971012,0.010209055,0.10894504
20167,0.13788036,0.041773878,0.11736965,0.054903854,0.060640547
20168,0.054098696,0.023689471,0.1884733,0.0020507434,0.5436508
20169,0.03114383,0.013325147,0.2822951,0.0045208177,0.50322145
20170,0.314682,0.028761586,0.337531,0.012527932,0.10230471
20171,0.49072373,0.009633652,0.18010667,0.05079946,0.08740792
20172,0.2510964,0.04185213,0.014009566,0.068787284,0.27639747
20173,0.335242,0.0051396107,0.2588877,0.024656856,0.025565214
20174,0.23196201,0.02120612,0.14817041,0.013795364,0.014842416
20175,0.15495056,0.010489091,0.11716747,0.05155819,0.014957086
20176,0.07250525,0.048948623,0.15291561,0.0073173973,0.20260091
20177,0.15027806,0.022889841,0.6228035,0.015247591,0.015543648
20178,0.12885363,0.0190509,0.45114514,0.05399884,0.037047166
20179,0.12326006,0.041307304,0.37250522,0.027901376,0.0075772414
20180,0.20705435,0.021906367,0.26246357,0.025711587,0.024469668
20181,0.05419873,0.08064661,0.20212802,0.014281933,0.021739595
20182,0.017110888,0.012194132,0.20769641,0.009376237,0.029367855
20183,0.058560826,0.026455775,0.06681232,0.009125637,0.010693758
20184,0.007093862,0.1603975,0.00519988,0.004038592,0.091058284
20185,0.029873092,0.005001672,0.005448068,0.028167473,0.0089161275
20186,0.011463798,0.0015129384,0.005001672,0.014957086,0.020215968
20187,0.019643761,0.02428387,0.025760558,0.013222822,0.0131212715
20188,0.009633652,0.09170697,0.003197487,0.041307304,0.06928941
20189,0.026355354,0.0040701376,0.013689478,0.018089995,0.021246698
20190,0.0074317735,0.01155267,0.033907957,0.035012625,0.019014435
20191,0.005001672,0.03541073,0.0588847,0.0073743653,0.032528225
20192,0.01802074,0.027066175,0.02727267,0.003945407,0.14854057
20193,0.0020992735,0.043854564,0.012821214,0.010860331,0.018869255
20194,0.027117657,0.06681232,0.0570714,0.0034970103,0.025711587
20195,0.018334452,0.15520647,0.014009566,0.006338922,0.007093862
20196,0.014447852,0.01433703,0.014899643,0.012624949,0.025226826
20197,0.0031480708,0.018797074,0.006692851,0.016403032,0.0586686
20198,0.008813166,0.06267437,0.036977556,0.0021157034,0.048405956
20199,0.018833129,0.035144847,0.007907292,0.033844035,0.023464657
20200,0.019382192,0.0586686,0.13488984,0.008745182,0.01384861
20201,0.020844316,0.05592617,0.044348583,0.019345105,0.026607107
20202,0.11047116,0.05051767,0.0017342081,0.024376597,0.017110888
20203,0.071332,0.011029471,0.014728614,0.023109278,0.00498227
20204,0.005001672,0.010408314,0.014842416,0.043123372,0.011029471
20205,0.05439932,0.013532149,0.035477504,0.069921836,0.005343256
20206,0.053601142,0.0075772414,0.047161866,0.024656856,0.03897507
20207,0.01461567,0.010818449,0.023065226,0.024987794,0.008950711
20208,0.0037362205,0.0015854308,0.041075893,0.008950711,0.00619299
20209,0.03155902,0.0034030052,0.052230857,0.026155617,0.019643761
20210,0.008348054,0.04115289,0.015967654,0.023065226,0.018334452
20211,0.030733928,0.13273923,0.008610767,0.56175584,0.07737811
20212,0.014672035,0.0434469,0.056444027,0.5767208,0.018941708
20213,0.04008736,0.014672035,0.046378206,0.2746431,0.036769465
20214,0.0034162789,0.017242778,0.009232215,0.5065075,0.093678005
20215,0.008745182,0.018725162,0.0048297215,0.73545164,0.0054692747
20216,0.010652511,0.040769268,0.03897507,0.5467987,0.014447852
20217,0.004886375,0.008745182,0.005708034,0.45895487,0.002472623
20218,0.015365342,0.01461567,0.016914913,0.3368762,0.073963374
20219,0.008061991,0.017110888,0.010986943,0.5462238,0.0355444
20220,0.03044435,0.05419873,0.007725534,0.19806418,0.010693758
20221,0.031084951,0.049589027,0.01858215,0.14990433,0.09602549
20222,0.009708476,0.017442483,0.05531065,0.3312279,0.0056638657
20223,0.029929748,0.02947941,0.022715755,0.08195955,0.0020911063
20224,0.026506126,0.0190509,0.005220126,0.50651515,0.021615332
20225,0.007815889,0.009268014,0.015247591,0.26855758,0.01858215
20226,0.07654563,0.0057302467,0.0034030052,0.43494126,0.0107351625
20227,0.16559312,0.05942822,0.005240449,0.023464657,0.06418265
20228,0.01685008,0.11516222,0.065365784,0.2712517,0.01784874
20229,0.025662705,0.013532149,0.004038592,0.23757592,0.14342749
20230,0.016979992,0.069921836,0.01685008,0.48630863,0.003429604
20231,0.0139557095,0.07751766,0.0119150225,0.5288528,0.0041179177
20232,0.0071214284,0.05470151,0.01778039,0.33873305,0.008445627
20233,0.03567855,0.10800066,0.0065134983,0.38821205,0.115560874
20234,0.036562506,0.019870713,0.008950711,0.41424707,0.009232215
20235,0.018475594,0.015247591,0.0032986512,0.112405084,0.07043161
20236,0.09170697,0.012722708,0.13273923,0.22832851,0.0031115087
20237,0.009821793,0.008187911,0.0586686,0.19961986,0.023779983
20238,0.014957086,0.02865267,0.032651376,0.4124118,0.046464663
20239,0.048405956,0.0035106493,0.024237635,0.30197924,0.01155267
20240,0.0113756005,0.026006786,0.0031850608,0.3053865,0.02428387
20241,0.028925717,0.02870708,0.00519988,0.11920292,0.0051196762
20242,0.010209055,0.0021827165,0.010169658,0.53098136,0.009268014
20243,0.008610767,0.015365342,0.0033897832,0.647241,0.17286891
20244,0.0057302467,0.81815636,0.009633652,0.09401018,0.0058653383
20245,0.1301748,0.55615854,0.056548133,0.38566384,0.08509905
20246,0.03897507,0.624637,0.009936419,0.6253237,0.03429395
20247,0.0043994132,0.28160313,0.0032476764,0.45644006,0.203866
20248,0.0077555366,0.23318209,0.00685048,0.548341,0.11047116
20249,0.0048674177,0.26855758,0.015906392,0.21403356,0.036977556
20250,0.2695178,0.3165805,0.01627746,0.12326006,0.22303842
20251,0.4695811,0.63204867,0.010130412,0.4324828,0.093678005
20252,0.42042112,0.354098,0.009898064,0.1899715,0.16940588
20253,0.17596246,0.13511792,0.0011925492,0.585516,0.5997196
20254,0.1510278,0.28279,0.018264277,0.100348406,0.50019264
20255,0.744842,0.5168546,0.008813166,0.04038907,0.58930284
20256,0.20118472,0.49709517,0.00402291,0.39082456,0.2590751
20257,0.4706758,0.037256766,0.014785407,0.25813895,0.07290027
20258,0.26511872,0.5783887,0.009376237,0.3333947,0.2762998
20259,0.22953519,0.45441166,0.023962023,0.12819736,0.23934935
20260,0.21190567,0.36999774,0.01374232,0.13753247,0.3982309
20261,0.17023194,0.3051794,0.0055549247,0.18462045,0.12830654
20262,0.1046602,0.47985405,0.21255878,0.107812636,0.22781274
20263,0.1775255,0.4344613,0.26095408,0.107812636,0.33014715
20264,0.37754068,0.63238925,0.4767928,0.6573185,0.23126681
20265,0.26990253,0.45159858,0.33491564,0.452294,0.33426335
20266,0.28022227,0.5630176,0.52415115,0.46311036,0.41555095
20267,0.35644665,0.4608651,0.57326037,0.32156652,0.34466398
20268,0.5311942,0.3106944,0.4167373,0.19163005,0.19698064
20269,0.29188833,0.35857764,0.45441166,0.3746763,0.15354916
20270,0.61682045,0.43266258,0.18698417,0.63815904,0.43698242
20271,0.5501845,0.16171701,0.38902417,0.25757828,0.073164724
20272,0.4232792,0.37433314,0.3002324,0.12074952,0.48451725
20273,0.4645979,0.6073139,0.09041373,0.26095408,0.22303842
20274,0.46171448,0.33014715,0.27542195,0.39030153,0.052424565
20275,0.24562746,0.07263671,0.40456623,0.5526604,0.10800066
20276,0.3031126,0.27357438,0.3786888,0.1229438,0.28886992
20277,0.3413629,0.28907055,0.0551069,0.22135067,0.21967213
20278,0.21900326,0.48952636,0.6910806,0.06441767,0.3717066
20279,0.21502088,0.39216223,0.21304953,0.22236224,0.11992252
20280,0.24256428,0.23109324,0.18039525,0.24490438,0.5493989
20281,0.512136,0.21750368,0.14499426,0.42560524,0.16532342
20282,0.13398075,0.49395403,0.3485343,0.23458195,0.27776673
20283,0.45689437,0.4891527,0.48433435,0.05686155,0.2812082
20284,0.25441632,0.05834584,0.21403356,0.12581532,0.19590157
20285,0.26626188,0.6101051,0.2758119,0.41976687,0.3053865
20286,0.594669,0.09636511,0.047780067,0.73354733,0.22151907
20287,0.7791538,0.8479678,0.17895588,0.62452257,0.4318837
20288,0.4824291,0.22712629,0.40674412,0.5707501,0.62509483
20289,0.06441767,0.72758853,0.32906824,0.26020142,0.2155158
20290,0.14487325,0.06903793,0.06278921,0.5428936,0.59036595
20291,0.2338813,0.024516335,0.38496998,0.2052962,0.29982224
20292,0.50090027,0.1592174,0.32327327,0.06278921,0.26874945
20293,0.35936412,0.23810701,0.43392146,0.37307605,0.068787284
20294,0.3617282,0.4863544,0.787768,0.054600604,0.24006125
20295,0.13206616,0.40280318,0.49340096,0.30497235,0.06301947
20296,0.14080817,0.2914848,0.77424216,0.4815148,0.2919893
20297,0.21386933,0.5656587,0.4009839,0.3053865,0.029256709
20298,0.09534947,0.35902697,0.10484336,0.15456733,0.2830872
20299,0.68162084,0.39490083,0.1465752,0.2947222,0.23739909
20300,0.35432136,0.2885691,0.35042137,0.37794238,0.4620786
20301,0.3681785,0.2920902,0.1066906,0.21983956,0.17231108
20302,0.4663899,0.44188374,0.08632348,0.001294368,0.21601155
20303,0.19238758,0.570451,0.3047654,0.0006851713,0.2487166
20304,0.083890386,0.3015677,0.325735,0.00012053649,0.54162097
20305,0.10393038,0.30239108,0.29685807,0.00054847926,0.45889425
20306,0.063831605,0.8047131,0.70669675,0.00019563535,0.3051794
20307,0.041539967,0.30002728,0.4471283,0.0004156895,0.16026603
20308,0.08181271,0.1877276,0.684053,0.00017813111,0.16000336
20309,0.46122912,0.33372033,0.38075897,0.0001823546,0.32691577
20310,0.18126321,0.13788036,0.15165494,0.0011469158,0.20882356
20311,0.34499493,0.27943507,0.2672169,0.00017130819,0.20914644
20312,0.12549345,0.25757828,0.51544464,0.00053578056,0.4613201
20313,0.490922,0.7248703,0.12995382,0.00042887923,0.37022537
20314,0.6771539,0.38798013,0.14366761,0.0006589401,0.03711691
20315,0.52046585,0.15895613,0.29310086,0.00059302105,0.041230027
20316,0.2487166,0.11417085,0.05997644,0.00071244594,0.33742183
20317,0.1786691,0.5675771,0.4527174,0.0003433,0.00022341637
20318,0.11047116,0.51280695,0.7026321,0.00052133633,0.00020184422
20319,0.5685356,0.18388654,0.31447142,8.68221e-05,0.0040701376
20320,0.5351288,0.14669742,0.29077944,0.0001535624,0.00048217614
20321,0.5247448,0.16545822,0.2710587,0.0001673405,0.00054847926
20322,0.5758266,0.24400254,0.14535783,8.092757e-05,0.00015000567
20323,0.4424558,0.3816228,0.36274344,0.0006538155,0.0004859561
20324,0.6453435,0.00017400544,0.74186105,8.547617e-05,0.00027372167
20325,0.24908175,0.0003327413,0.36398596,0.0004583129,0.00016997529
20326,0.42608273,5.391084e-05,0.12787028,0.0001673405,0.00026119032
20327,0.51395816,0.00023597175,0.12220858,0.0009622126,0.00039051395
20328,0.3063195,0.0005053046,0.21239533,0.002387409,0.00017400544
20329,0.18374003,0.0009622126,0.34169233,0.00018093576,0.0007069056
20330,0.32734567,9.993032e-05,0.4006321,0.0028671585,0.0018172832
20331,0.15077755,0.00013982208,0.18653922,0.00046371284,0.00021318757
20332,0.75689703,0.0005680935,0.21983956,0.0002082501,0.0002959571
20333,0.6981237,0.0011424496,0.50370204,0.0003487043,0.0007643033
20334,0.29941237,4.4001186e-05,0.25497246,5.6058285e-05,0.0004322415
20335,0.11143445,0.0006166297,0.23757592,0.0015731122,0.00019871553
20336,0.04885778,0.00016997529,0.0054269433,0.00091819005,0.0005274784
20337,0.43038675,0.00016865275,0.0012497094,8.092757e-05,0.00039051395
20338,0.26817408,0.00024729347,0.00040924744,5.874842e-05,0.00010637458
20339,0.03534408,9.4612624e-05,0.00055494095,0.0013147246,0.00028685408
20340,0.20481864,0.00047101185,0.0015792594,0.00046734812,6.976471e-05
20341,0.09252366,0.0010403185,0.00027372167,0.0010775026,0.00079783343
20342,0.0002824081,0.00026947918,0.00046734812,0.00057254656,0.00021152887
20343,0.00016093082,0.0003859661,3.4808123e-05,0.00039511538,0.00027803096
20344,0.0003327413,0.00015967865,0.00057703455,0.0009146137,0.00012148176
20345,0.00048029725,0.000310156,0.0005274784,0.00038147115,0.000117744596
20346,0.00047656128,0.0007702932,0.00051728135,0.0010242064,0.00039204178
20347,0.0003935756,0.00013032975,0.00016865275,0.0006771943,0.0006436856
20348,0.0005295418,5.874842e-05,0.0023688741,0.0002824081,0.00021485926
20349,0.00023413582,0.0001896174,0.0013723687,0.0006693099,0.00024346048
20350,0.00065126823,0.0020348171,0.0005152657,0.00035697065,0.00025714198
20351,0.00075540564,0.00023782204,0.0012448432,0.0003740956,0.00014425986
20352,0.00055494095,0.00016474655,0.0004994205,0.0004897656,0.00010975091
20353,0.00048029725,0.0010649627,8.4811036e-05,0.00028910325,0.0004390453
20354,0.0012743262,0.00026323833,0.00047656128,0.000115017356,0.0001634647
20355,0.0001673405,0.00023231418,0.0034698907,0.00010071401,0.0024249144
20356,0.0011604197,0.00025315638,0.00026530237,0.0011513996,0.00019871553
20357,0.00015967865,2.5268228e-05,0.00036543285,0.0008295892,0.0010608152
20358,0.00024729347,3.8229115e-05,0.00017952797,0.000104725565,0.0015011822
20359,0.0003459916,0.00017674513,0.000113234375,0.00058155763,0.0003935756
20360,0.0017961492,6.761842e-05,0.0004156895,0.0014381354,0.00109019
20361,0.0006959537,3.194182e-05,0.00023968685,0.0011469158,0.0006719278
20362,0.0031236487,0.00017952797,3.5633544e-05,0.0013302015,0.0001465313
20363,9.6856085e-05,8.68221e-05,0.00018522576,3.734357e-05,0.00019260288
20364,0.0010859444,5.694103e-05,9.610242e-05,0.00020184422,0.00016474655
20365,0.0004583129,0.00023597175,0.0003740956,0.00040924744,9.535461e-05
20366,0.00017674513,0.00027372167,0.00060471025,0.0019723359,9.3145936e-05
20367,0.00023413582,0.00010975091,0.00042720788,0.001284308,0.0001823546
20368,0.000621463,0.000493605,0.0005442133,0.00028685408,0.0003275843
20369,0.00039051395,0.00094361923,0.0025608707,0.00013658353,0.0002551414
20370,0.00022516825,0.0009850083,0.00022516825,4.5397872e-05,0.00030534892
20371,0.00081993215,6.7092245e-05,0.00014202365,0.0003077431,8.2846556e-05
20372,0.00010554686,0.00041245588,0.00032503586,0.0009362828,0.00021318757
20373,0.0004897656,0.00032503586,0.0006538155,0.00028910325,0.00044076296
20374,0.0017274586,0.00013342,0.00021485926,8.957789e-05,0.00029137006
20375,0.00025118678,0.0012399962,0.00033797944,0.00015720345,2.6480842e-05
20376,0.00049747445,5.2252268e-05,0.0009966077,0.00074953143,0.00016219282
20377,0.00076729245,5.6058285e-05,7.543321e-05,0.0005571117,0.00039977103
20378,0.0007793661,0.0005636751,0.00047842565,0.00024156629,0.0001344663
20379,0.0004691764,0.00048785712,0.00011235328,0.0002216781,0.0004029052
20380,0.003692853,6.253713e-05,0.0005953407,0.0012160416,7.782753e-05
20381,0.0003668626,0.00031999825,0.00026323833,0.00268344,0.0014158707
20382,5.967352e-05,0.00035836728,2.2125669e-05,0.0003150387,8.888085e-05
20383,0.0001344663,0.0007702932,0.00012053649,0.0002082501,0.00032250723
20384,0.0003473453,0.00023968685,6.976471e-05,0.00033535014,0.00014202365
20385,0.0016875096,0.00015598028,0.00027159214,0.0002098831,0.0003406293
20386,0.00044595622,1.7917988e-05,0.00069867563,0.0026419468,0.00047101185
20387,0.0011116682,0.00044421837,0.0011469158,0.00039511538,0.00021152887
20388,0.0016613906,0.00092178053,0.00078547397,0.0004424873,0.0042151595
20389,0.00044595622,3.8229115e-05,0.0007793661,0.0014269596,0.00026530237
20390,0.00033015272,0.0012255674,0.00013342,0.0005463421,9.915273e-05
20391,0.00042554305,0.0006361912,5.307508e-05,0.00020027377,8.68221e-05
20392,0.0003150387,0.0003125878,0.00048785712,0.00026530237,0.00035557945
20393,0.0013406203,0.00053578056,0.00012533752,0.0010242064,9.4612624e-05
20394,0.00026323833,0.001867566,0.0003726377,0.0001465313,0.00034464317
20395,0.0006959537,9.3145936e-05,0.00012931564,0.0005274784,0.00018522576
20396,0.0035657366,0.001107339,0.00042058743,6.976471e-05,0.0002551414
20397,0.00059071044,0.0024822769,0.0007613258,0.00010229985,0.0001313518
20398,0.00016219282,0.00025714198,0.00046552691,0.0005747862,0.00017536995
20399,0.0010944522,0.0009773504,0.00047656128,5.7837664e-05,0.0005132579
20400,0.0011879054,0.00045474793,0.0010403185,0.0002758679,0.00013342
20401,0.00015843622,0.00023050673,0.00041084853,0.00018522576,6.352189e-05
20402,0.0008830458,0.0007524628,0.00012830943,0.00090750254,0.0011740822
20403,0.00049747445,0.00087276706,2.3007036e-05,0.0006411777,0.00015967865
20404,0.00083935994,0.00023968685,0.00018522576,0.00042720788,0.00021654405
20405,0.0005092657,0.00058611616,0.00025315638,0.0027900378,0.00027159214
20406,0.0005399804,0.0003459916,0.0026626128,0.0007524628,0.0002216781
20407,0.0002551414,0.0006851713,0.0011030267,8.415109e-05,0.0028671585
20408,6.814872e-05,0.0019342611,0.00083935994,0.00080095365,0.00089344557
20409,0.0008864989,0.0010566838,7.426381e-05,0.00050333556,0.0021489493
20410,0.00028685408,0.00015118199,0.00089344557,0.0006563728,0.00014425986
20411,0.0013198634,0.0003125878,0.00081355654,0.00015476662,0.000559291
20412,0.0010859444,0.0025608707,0.0004859561,0.0015731122,0.000310156
20413,0.0010083435,0.00041894842,2.8632558e-05,0.00057703455,0.00059071044
20414,0.0005571117,0.00019716943,0.00020027377,0.00021824206,0.00015236755
20415,0.00049553596,0.00017952797,4.5397872e-05,0.00040606395,0.00036973887
20416,0.0001634647,0.00072365726,0.00037850367,0.0005053046,0.00050333556
20417,0.00032503586,0.0013458604,0.0007733057,0.0006878511,0.0007408056
20418,0.00087276706,0.002491968,0.003235056,0.0010362669,0.0008899655
20419,0.00026530237,0.00092900335,0.000720838,0.0008072305,0.0008626078
20420,0.0015731122,0.0023051251,0.00069867563,0.0027683855,0.0034834242
20421,0.0008072305,0.0034698907,0.0017140384,0.0010525686,0.00041406954
20422,0.0002758679,0.00027372167,0.0003077431,0.00044421837,0.0003029734
20423,0.00076729245,0.0002959571,0.00048029725,0.0005571117,0.00015843622
20424,0.00198004,0.0012448432,0.0006798429,0.000981172,0.0015669889
20425,0.0003393018,0.000865981,0.00307537,0.00036400868,0.00025714198
20426,0.00029365462,0.0006000072,0.0058199596,0.0017007225,0.0004583129
20427,0.00018378456,0.003976228,0.0013939502,0.00059071044,0.0037362205
20428,0.00050333556,0.00074370287,0.0020829707,0.0016166499,0.00023231418
20429,0.0011604197,0.00053369283,0.00027803096,0.001882186,0.0004076526
20430,0.00065126823,0.00048029725,0.0006563728,0.00042223287,0.00020027377
20431,0.00057929166,0.00095846487,0.001648483,0.00040924744,0.00042554305
20432,0.00018814208,3.7636448e-05,0.00016865275,0.00094730896,0.00052133633
20433,6.2050494e-05,0.00016603847,0.0016809418,9.610242e-05,0.00095846487
20434,0.0001313518,0.00010889691,0.0010162441,0.0007321813,0.00019110432
20435,0.0016293088,5.307508e-05,0.0006070756,0.0018031665,0.00062389387
20436,0.0010362669,0.00060945016,0.0004029052,0.00038147115,0.00033797944
20437,0.0003327413,0.0003175088,0.0005233757,0.001648483,0.00011235328
20438,0.0014493985,0.0003406293,0.0004840624,0.00026738262,0.0002824081
20439,0.0006771943,0.0006436856,0.00069054146,0.0026112476,0.0002846224
20440,0.0006142272,0.00021654405,0.00039204178,9.09884e-05,7.0863265e-05
20441,0.0028783479,0.0012351678,0.00023968685,0.00046190585,0.00023231418
20442,0.00078854576,0.00066670234,0.0003150387,0.0003366622,9.761566e-05
20443,0.00018093576,0.0005747862,0.000965975,0.0008864989,0.00047842565
20444,0.00016219282,0.0006142272,0.0004339325,0.0009110512,0.0002846224
20445,0.0009888597,0.0003327413,0.00075835997,0.007636216,0.00022693386
20446,0.00037850367,0.0006878511,0.0003125878,0.00041894842,0.0011203773
20447,0.0006745559,0.0006142272,0.001957017,0.0012303583,0.00021485926
20448,0.0023504829,0.39088267,0.0005953407,0.00307537,0.0003740956
20449,0.0014269596,0.10158945,0.0013198634,0.0017546144,0.15987214
20450,0.00030534892,0.07068779,0.00049553596,0.0010362669,0.1161611
20451,0.00021654405,0.07303239,0.0011203773,0.0010044164,0.06766981
20452,0.17286891,0.11736965,0.0008231386,0.00085924764,0.1821344
20453,0.31965208,0.03897507,0.00015598028,0.1584346,0.010408314
20454,0.032774985,0.10576342,0.00081038737,0.31774372,0.2180027
20455,0.109705776,0.1185891,0.0010282109,0.17967445,0.12984344
20456,0.1390453,0.1133831,0.001294368,0.10521054,0.15065254
20457,0.05592617,0.08359067,0.00024729347,0.35164496,0.5287007
20458,0.1532955,0.26340988,0.00014202365,0.100524865,0.05005131
20459,0.08449275,0.06596494,0.0012793075,0.119819485,0.2148561
20460,0.033399824,0.04426588,0.1261379,0.14487325,0.099820666
20461,0.050611433,0.112600096,0.20914644,0.16858302,0.09619517
20462,0.09636511,0.068537496,0.19117662,0.05520869,0.10706346
20463,0.112405084,0.26999876,0.34609914,0.071073666,0.09704756
20464,0.07423137,0.048405956,0.22439517,0.047780067,0.19977595
20465,0.23335676,0.13307686,0.3280987,0.039937314,0.045862664
20466,0.10576342,0.20450072,0.059210252,0.26189685,0.08632348
20467,0.06841291,0.18300885,0.17695588,0.14080817,0.15908672
20468,0.11940814,0.16995624,0.08509905,0.23196201,0.11536139
20469,0.36037648,0.028816197,0.0362883,0.023286305,0.13006426
20470,0.10989668,0.03191915,0.24617071,0.12085322,0.14199378
20471,0.09894659,0.03541073,0.14755519,0.07572137,0.06052939
20472,0.14866412,0.115560874,0.08284563,0.03216145,0.16803622
20473,0.07572137,0.13006426,0.034880888,0.16371268,0.208018
20474,0.03085051,0.105948284,0.07356305,0.15304215,
20475,0.080069266,0.2920902,0.2746431,0.14330755,
